SEX_NAME,STATE_NAME,STATE_FIPS,COUNTY_NAME,COUNTY_FIPS,BENE_YES,BENE_NO,TOTAL_BENE,BENE_YES_PCT
Male,Alabama,1,"Autauga County",1001,438,106,544,0.8051470588
Male,Alabama,1,"Baldwin County",1003,2431,529,2960,0.8212837838
Male,Alabama,1,"Barbour County",1005,311,122,433,0.7182448037
Male,Alabama,1,"Bibb County",1007,221,87,308,0.7175324675
Male,Alabama,1,"Blount County",1009,689,159,848,0.8125
Male,Alabama,1,"Bullock County",1011,125,44,169,0.7396449704
Male,Alabama,1,"Butler County",1013,311,103,414,0.7512077295
Male,Alabama,1,"Calhoun County",1015,1376,374,1750,0.7862857143
Male,Alabama,1,"Chambers County",1017,504,143,647,0.7789799073
Male,Alabama,1,"Cherokee County",1019,484,150,634,0.7634069401
Male,Alabama,1,"Chilton County",1021,423,128,551,0.7676950998
Male,Alabama,1,"Choctaw County",1023,304,77,381,0.7979002625
Male,Alabama,1,"Clarke County",1025,386,129,515,0.7495145631
Male,Alabama,1,"Clay County",1027,237,70,307,0.7719869707
Male,Alabama,1,"Cleburne County",1029,228,64,292,0.7808219178
Male,Alabama,1,"Coffee County",1031,458,126,584,0.7842465753
Male,Alabama,1,"Colbert County",1033,840,275,1115,0.7533632287
Male,Alabama,1,"Conecuh County",1035,226,81,307,0.7361563518
Male,Alabama,1,"Coosa County",1037,194,79,273,0.7106227106
Male,Alabama,1,"Covington County",1039,601,199,800,0.75125
Male,Alabama,1,"Crenshaw County",1041,195,59,254,0.7677165354
Male,Alabama,1,"Cullman County",1043,1380,281,1661,0.8308248043
Male,Alabama,1,"Dale County",1045,473,146,619,0.7641357027
Male,Alabama,1,"Dallas County",1047,550,254,804,0.684079602
Male,Alabama,1,"DeKalb County",1049,1068,267,1335,0.8
Male,Alabama,1,"Elmore County",1051,735,213,948,0.7753164557
Male,Alabama,1,"Escambia County",1053,547,189,736,0.7432065217
Male,Alabama,1,"Etowah County",1055,1597,439,2036,0.7843811395
Male,Alabama,1,"Fayette County",1057,293,84,377,0.7771883289
Male,Alabama,1,"Franklin County",1059,511,139,650,0.7861538462
Male,Alabama,1,"Geneva County",1061,373,132,505,0.7386138614
Male,Alabama,1,"Greene County",1063,94,42,136,0.6911764706
Male,Alabama,1,"Hale County",1065,247,85,332,0.7439759036
Male,Alabama,1,"Henry County",1067,279,74,353,0.790368272
Male,Alabama,1,"Houston County",1069,1283,370,1653,0.7761645493
Male,Alabama,1,"Jackson County",1071,1007,266,1273,0.7910447761
Male,Alabama,1,"Jefferson County",1073,5398,1469,6867,0.7860783457
Male,Alabama,1,"Lamar County",1075,286,82,368,0.777173913
Male,Alabama,1,"Lauderdale County",1077,1503,352,1855,0.8102425876
Male,Alabama,1,"Lawrence County",1079,642,165,807,0.7955390335
Male,Alabama,1,"Lee County",1081,1252,383,1635,0.7657492355
Male,Alabama,1,"Limestone County",1083,1215,310,1525,0.7967213115
Male,Alabama,1,"Lowndes County",1085,124,49,173,0.7167630058
Male,Alabama,1,"Macon County",1087,176,54,230,0.7652173913
Male,Alabama,1,"Madison County",1089,2980,756,3736,0.7976445396
Male,Alabama,1,"Marengo County",1091,349,141,490,0.712244898
Male,Alabama,1,"Marion County",1093,565,150,715,0.7902097902
Male,Alabama,1,"Marshall County",1095,1489,343,1832,0.8127729258
Male,Alabama,1,"Mobile County",1097,3476,1035,4511,0.7705608513
Male,Alabama,1,"Monroe County",1099,297,123,420,0.7071428571
Male,Alabama,1,"Montgomery County",1101,1603,561,2164,0.7407578558
Male,Alabama,1,"Morgan County",1103,1966,414,2380,0.8260504202
Male,Alabama,1,"Perry County",1105,165,77,242,0.6818181818
Male,Alabama,1,"Pickens County",1107,292,103,395,0.7392405063
Male,Alabama,1,"Pike County",1109,320,100,420,0.7619047619
Male,Alabama,1,"Randolph County",1111,400,130,530,0.7547169811
Male,Alabama,1,"Russell County",1113,494,170,664,0.7439759036
Male,Alabama,1,"St. Clair County",1115,916,219,1135,0.8070484581
Male,Alabama,1,"Shelby County",1117,1984,431,2415,0.8215320911
Male,Alabama,1,"Sumter County",1119,164,73,237,0.6919831224
Male,Alabama,1,"Talladega County",1121,1196,339,1535,0.7791530945
Male,Alabama,1,"Tallapoosa County",1123,731,221,952,0.7678571429
Male,Alabama,1,"Tuscaloosa County",1125,2140,562,2702,0.7920059215
Male,Alabama,1,"Walker County",1127,885,242,1127,0.78527063
Male,Alabama,1,"Washington County",1129,295,87,382,0.7722513089
Male,Alabama,1,"Wilcox County",1131,201,68,269,0.7472118959
Male,Alabama,1,"Winston County",1133,460,115,575,0.8
Male,Alabama,1,,1212,.,0,.,1
Male,Alabama,1,,1313,0,.,.,0
Male,Alabama,1,,1616,.,0,.,1
Male,Alabama,1,,1919,.,0,.,1
Male,Alabama,1,,1999,31,18,49,0.6326530612
Male,Alaska,2,"Aleutians East Borough",2013,.,.,.,0.7777777778
Male,Alaska,2,"Aleutians West Census Area",2016,.,.,.,0.625
Male,Alaska,2,"Anchorage Borough",2020,2219,511,2730,0.8128205128
Male,Alaska,2,"Bethel Census Area",2050,57,32,89,0.6404494382
Male,Alaska,2,"Bristol Bay Borough",2060,.,.,.,0.4
Male,Alaska,2,"Denali Borough (created after 1990)",2068,.,.,.,0.8181818182
Male,Alaska,2,"Dillingham Census Area",2070,.,.,.,0.6875
Male,Alaska,2,"Fairbanks North Star Borough",2090,683,161,844,0.8092417062
Male,Alaska,2,"Haines Borough",2100,.,.,.,0.7941176471
Male,Alaska,2,,2105,.,.,.,0.8048780488
Male,Alaska,2,"Juneau Borough",2110,373,90,463,0.8056155508
Male,Alaska,2,"Kenai Peninsula Borough",2122,787,176,963,0.8172377985
Male,Alaska,2,"Ketchikan Gateway Borough",2130,198,40,238,0.8319327731
Male,Alaska,2,"Kodiak Island Borough",2150,78,26,104,0.75
Male,Alaska,2,,2158,27,14,41,0.6585365854
Male,Alaska,2,"Lake and Peninsula Borough",2164,.,.,.,0.6
Male,Alaska,2,"Matanuska-Susitna Borough",2170,974,238,1212,0.803630363
Male,Alaska,2,"Nome Census Area",2180,.,.,.,0.7272727273
Male,Alaska,2,"North Slope Borough",2185,.,.,.,0.7575757576
Male,Alaska,2,"Northwest Arctic Borough",2188,34,27,61,0.5573770492
Male,Alaska,2,,2195,.,.,.,0.8360655738
Male,Alaska,2,,2198,58,30,88,0.6590909091
Male,Alaska,2,"Prince of Wales-Outer Ketchikan Census Area",2201,.,0,.,1
Male,Alaska,2,"Sitka Borough",2220,95,28,123,0.7723577236
Male,Alaska,2,,2230,.,.,.,0.8333333333
Male,Alaska,2,"Southeast Fairbanks Census Area",2240,61,21,82,0.743902439
Male,Alaska,2,"Valdez-Cordova Census Area",2261,87,20,107,0.8130841121
Male,Alaska,2,,2275,49,13,62,0.7903225806
Male,Alaska,2,"Wrangell-Petersburg Census Area",2280,.,0,.,1
Male,Alaska,2,"Yakutat Borough (created after 1990)",2282,.,.,.,0.8333333333
Male,Alaska,2,"Yukon-Koyukuk Census Area",2290,33,20,53,0.6226415094
Male,Alaska,2,,2525,.,0,.,1
Male,Alaska,2,,2828,.,0,.,1
Male,Alaska,2,,2999,.,.,.,0.6923076923
Male,Arizona,4,"Apache County",4001,350,205,555,0.6306306306
Male,Arizona,4,"Cochise County",4003,1108,348,1456,0.760989011
Male,Arizona,4,"Coconino County",4005,874,299,1173,0.7450980392
Male,Arizona,4,"Gila County",4007,960,273,1233,0.7785888078
Male,Arizona,4,"Graham County",4009,277,71,348,0.7959770115
Male,Arizona,4,"Greenlee County",4011,75,13,88,0.8522727273
Male,Arizona,4,"La Paz County",4012,265,80,345,0.768115942
Male,Arizona,4,"Maricopa County",4013,31222,7619,38841,0.8038413017
Male,Arizona,4,"Mohave County",4015,3967,971,4938,0.8033616849
Male,Arizona,4,"Navajo County",4017,1034,396,1430,0.7230769231
Male,Arizona,4,"Pima County",4019,7854,2040,9894,0.793814433
Male,Arizona,4,"Pinal County",4021,3902,1014,4916,0.7937347437
Male,Arizona,4,"Santa Cruz County",4023,345,92,437,0.7894736842
Male,Arizona,4,"Yavapai County",4025,3799,885,4684,0.811058924
Male,Arizona,4,"Yuma County",4027,1881,609,2490,0.7554216867
Male,Arizona,4,,4040,.,0,.,1
Male,Arizona,4,,4141,.,0,.,1
Male,Arizona,4,,4545,.,0,.,1
Male,Arizona,4,,4848,.,0,.,1
Male,Arizona,4,,4999,66,13,79,0.835443038
Male,Arkansas,5,"Arkansas County",5001,305,117,422,0.7227488152
Male,Arkansas,5,"Ashley County",5003,444,147,591,0.7512690355
Male,Arkansas,5,"Baxter County",5005,1029,252,1281,0.8032786885
Male,Arkansas,5,"Benton County",5007,2410,584,2994,0.8049432198
Male,Arkansas,5,"Boone County",5009,603,169,772,0.7810880829
Male,Arkansas,5,"Bradley County",5011,190,91,281,0.6761565836
Male,Arkansas,5,"Calhoun County",5013,82,35,117,0.7008547009
Male,Arkansas,5,"Carroll County",5015,407,128,535,0.7607476636
Male,Arkansas,5,"Chicot County",5017,195,73,268,0.7276119403
Male,Arkansas,5,"Clark County",5019,281,68,349,0.8051575931
Male,Arkansas,5,"Clay County",5021,236,105,341,0.6920821114
Male,Arkansas,5,"Cleburne County",5023,577,135,712,0.8103932584
Male,Arkansas,5,"Cleveland County",5025,156,44,200,0.78
Male,Arkansas,5,"Columbia County",5027,326,133,459,0.7102396514
Male,Arkansas,5,"Conway County",5029,347,94,441,0.7868480726
Male,Arkansas,5,"Craighead County",5031,1128,317,1445,0.7806228374
Male,Arkansas,5,"Crawford County",5033,762,221,983,0.7751780264
Male,Arkansas,5,"Crittenden County",5035,521,257,778,0.6696658098
Male,Arkansas,5,"Cross County",5037,254,94,348,0.7298850575
Male,Arkansas,5,"Dallas County",5039,130,44,174,0.7471264368
Male,Arkansas,5,"Desha County",5041,219,99,318,0.6886792453
Male,Arkansas,5,"Drew County",5043,266,112,378,0.7037037037
Male,Arkansas,5,"Faulkner County",5045,1192,295,1487,0.8016139879
Male,Arkansas,5,"Franklin County",5047,266,75,341,0.780058651
Male,Arkansas,5,"Fulton County",5049,265,69,334,0.7934131737
Male,Arkansas,5,"Garland County",5051,1619,467,2086,0.776126558
Male,Arkansas,5,"Grant County",5053,250,66,316,0.7911392405
Male,Arkansas,5,"Greene County",5055,600,157,757,0.7926023778
Male,Arkansas,5,"Hempstead County",5057,315,109,424,0.7429245283
Male,Arkansas,5,"Hot Spring County",5059,484,152,636,0.7610062893
Male,Arkansas,5,"Howard County",5061,224,76,300,0.7466666667
Male,Arkansas,5,"Independence County",5063,641,181,822,0.7798053528
Male,Arkansas,5,"Izard County",5065,282,90,372,0.7580645161
Male,Arkansas,5,"Jackson County",5067,341,101,442,0.7714932127
Male,Arkansas,5,"Jefferson County",5069,766,328,1094,0.7001828154
Male,Arkansas,5,"Johnson County",5071,374,117,491,0.7617107943
Male,Arkansas,5,"Lafayette County",5073,115,46,161,0.7142857143
Male,Arkansas,5,"Lawrence County",5075,289,94,383,0.7545691906
Male,Arkansas,5,"Lee County",5077,144,50,194,0.7422680412
Male,Arkansas,5,"Lincoln County",5079,171,82,253,0.6758893281
Male,Arkansas,5,"Little River County",5081,198,81,279,0.7096774194
Male,Arkansas,5,"Logan County",5083,408,88,496,0.8225806452
Male,Arkansas,5,"Lonoke County",5085,805,211,1016,0.7923228346
Male,Arkansas,5,"Madison County",5087,233,62,295,0.7898305085
Male,Arkansas,5,"Marion County",5089,310,91,401,0.7730673317
Male,Arkansas,5,"Miller County",5091,539,174,713,0.7559607293
Male,Arkansas,5,"Mississippi County",5093,527,184,711,0.741209564
Male,Arkansas,5,"Monroe County",5095,167,50,217,0.7695852535
Male,Arkansas,5,"Montgomery County",5097,161,32,193,0.8341968912
Male,Arkansas,5,"Nevada County",5099,175,57,232,0.7543103448
Male,Arkansas,5,"Newton County",5101,131,32,163,0.8036809816
Male,Arkansas,5,"Ouachita County",5103,328,131,459,0.7145969499
Male,Arkansas,5,"Perry County",5105,180,51,231,0.7792207792
Male,Arkansas,5,"Phillips County",5107,269,102,371,0.7250673854
Male,Arkansas,5,"Pike County",5109,184,69,253,0.7272727273
Male,Arkansas,5,"Poinsett County",5111,433,147,580,0.7465517241
Male,Arkansas,5,"Polk County",5113,333,106,439,0.7585421412
Male,Arkansas,5,"Pope County",5115,907,218,1125,0.8062222222
Male,Arkansas,5,"Prairie County",5117,194,65,259,0.749034749
Male,Arkansas,5,"Pulaski County",5119,3800,1287,5087,0.7470021624
Male,Arkansas,5,"Randolph County",5121,292,115,407,0.7174447174
Male,Arkansas,5,"St. Francis County",5123,343,129,472,0.7266949153
Male,Arkansas,5,"Saline County",5125,1645,449,2094,0.7855778415
Male,Arkansas,5,"Scott County",5127,146,45,191,0.7643979058
Male,Arkansas,5,"Searcy County",5129,152,35,187,0.8128342246
Male,Arkansas,5,"Sebastian County",5131,1555,440,1995,0.7794486216
Male,Arkansas,5,"Sevier County",5133,188,77,265,0.7094339623
Male,Arkansas,5,"Sharp County",5135,395,120,515,0.7669902913
Male,Arkansas,5,"Stone County",5137,307,110,417,0.7362110312
Male,Arkansas,5,"Union County",5139,604,240,844,0.7156398104
Male,Arkansas,5,"Van Buren County",5141,331,88,419,0.7899761337
Male,Arkansas,5,"Washington County",5143,1907,434,2341,0.8146091414
Male,Arkansas,5,"White County",5145,1425,330,1755,0.811965812
Male,Arkansas,5,"Woodruff County",5147,157,62,219,0.7168949772
Male,Arkansas,5,"Yell County",5149,296,102,398,0.743718593
Male,Arkansas,5,,5555,.,0,.,1
Male,Arkansas,5,,5999,29,13,42,0.6904761905
Male,California,6,"Alameda County",6001,8405,2202,10607,0.7924012445
Male,California,6,"Alpine County",6003,.,.,.,0.9166666667
Male,California,6,"Amador County",6005,742,150,892,0.831838565
Male,California,6,"Butte County",6007,2728,828,3556,0.7671541057
Male,California,6,"Calaveras County",6009,890,206,1096,0.8120437956
Male,California,6,"Colusa County",6011,256,79,335,0.7641791045
Male,California,6,"Contra Costa County",6013,6696,1638,8334,0.8034557235
Male,California,6,"Del Norte County",6015,473,106,579,0.816925734
Male,California,6,"El Dorado County",6017,2106,465,2571,0.8191365228
Male,California,6,"Fresno County",6019,7652,2293,9945,0.7694318753
Male,California,6,"Glenn County",6021,395,106,501,0.7884231537
Male,California,6,"Humboldt County",6023,1575,388,1963,0.802343352
Male,California,6,"Imperial County",6025,2024,763,2787,0.7262289200000001
Male,California,6,"Inyo County",6027,280,78,358,0.782122905
Male,California,6,"Kern County",6029,5191,1733,6924,0.7497111496
Male,California,6,"Kings County",6031,1047,326,1373,0.7625637291
Male,California,6,"Lake County",6033,1029,395,1424,0.7226123596
Male,California,6,"Lassen County",6035,265,79,344,0.7703488372
Male,California,6,"Los Angeles County",6037,56578,16110,72688,0.7783678186
Male,California,6,"Madera County",6039,1332,373,1705,0.7812316716
Male,California,6,"Marin County",6041,2080,526,2606,0.7981580967
Male,California,6,"Mariposa County",6043,269,93,362,0.7430939227
Male,California,6,"Mendocino County",6045,1124,329,1453,0.7735719202
Male,California,6,"Merced County",6047,2240,728,2968,0.7547169811
Male,California,6,"Modoc County",6049,162,27,189,0.8571428571
Male,California,6,"Mono County",6051,82,28,110,0.7454545455
Male,California,6,"Monterey County",6053,3502,987,4489,0.7801292047
Male,California,6,"Napa County",6055,1315,326,1641,0.8013406459
Male,California,6,"Nevada County",6057,1436,389,1825,0.7868493151
Male,California,6,"Orange County",6059,20268,4686,24954,0.8122144746
Male,California,6,"Placer County",6061,3274,716,3990,0.8205513784
Male,California,6,"Plumas County",6063,366,95,461,0.7939262473
Male,California,6,"Riverside County",6065,12611,3500,16111,0.7827571225
Male,California,6,"Sacramento County",6067,8812,2587,11399,0.7730502676
Male,California,6,"San Benito County",6069,489,135,624,0.7836538462
Male,California,6,"San Bernardino County",6071,8957,2842,11799,0.7591321298
Male,California,6,"San Diego County",6073,16547,4717,21264,0.7781696764
Male,California,6,"San Francisco County",6075,5753,1425,7178,0.8014767345
Male,California,6,"San Joaquin County",6077,5366,1509,6875,0.7805090909
Male,California,6,"San Luis Obispo County",6079,3821,785,4606,0.8295701259
Male,California,6,"San Mateo County",6081,4217,1010,5227,0.8067725273
Male,California,6,"Santa Barbara County",6083,3692,948,4640,0.7956896552
Male,California,6,"Santa Clara County",6085,11467,2574,14041,0.8166797237
Male,California,6,"Santa Cruz County",6087,2567,678,3245,0.7910631741
Male,California,6,"Shasta County",6089,2607,682,3289,0.7926421405
Male,California,6,"Sierra County",6091,36,11,47,0.7659574468
Male,California,6,"Siskiyou County",6093,768,192,960,0.8
Male,California,6,"Solano County",6095,2482,675,3157,0.7861894203
Male,California,6,"Sonoma County",6097,3341,920,4261,0.7840882422
Male,California,6,"Stanislaus County",6099,3895,1221,5116,0.761336982
Male,California,6,"Sutter County",6101,1159,328,1487,0.7794216543
Male,California,6,"Tehama County",6103,937,256,1193,0.7854149204
Male,California,6,"Trinity County",6105,207,37,244,0.8483606557
Male,California,6,"Tulare County",6107,3894,1208,5102,0.7632301058
Male,California,6,"Tuolumne County",6109,834,232,1066,0.7823639775
Male,California,6,"Ventura County",6111,6816,1810,8626,0.7901692557
Male,California,6,"Yolo County",6113,1315,319,1634,0.8047735618
Male,California,6,"Yuba County",6115,710,238,948,0.7489451477
Male,California,6,,6999,130,46,176,0.7386363636
Male,Colorado,8,"Adams County",8001,1708,497,2205,0.7746031746
Male,Colorado,8,"Alamosa County",8003,114,33,147,0.7755102041
Male,Colorado,8,"Arapahoe County",8005,2756,742,3498,0.7878787879
Male,Colorado,8,"Archuleta County",8007,156,40,196,0.7959183673
Male,Colorado,8,"Baca County",8009,69,25,94,0.7340425532
Male,Colorado,8,"Bent County",8011,48,15,63,0.7619047619
Male,Colorado,8,"Boulder County",8013,1807,446,2253,0.8020417221
Male,Colorado,8,,8014,330,86,416,0.7932692308
Male,Colorado,8,"Chaffee County",8015,254,65,319,0.7962382445
Male,Colorado,8,"Cheyenne County",8017,.,.,.,0.7307692308
Male,Colorado,8,"Clear Creek County",8019,61,17,78,0.7820512821
Male,Colorado,8,"Conejos County",8021,76,24,100,0.76
Male,Colorado,8,"Costilla County",8023,30,16,46,0.652173913
Male,Colorado,8,"Crowley County",8025,49,13,62,0.7903225806
Male,Colorado,8,"Custer County",8027,67,16,83,0.8072289157
Male,Colorado,8,"Delta County",8029,382,76,458,0.8340611354
Male,Colorado,8,"Denver County",8031,2401,826,3227,0.7440347072
Male,Colorado,8,"Dolores County",8033,.,.,.,0.7419354839
Male,Colorado,8,"Douglas County",8035,1740,409,2149,0.8096789204
Male,Colorado,8,"Eagle County",8037,234,61,295,0.793220339
Male,Colorado,8,"Elbert County",8039,205,60,265,0.7735849057
Male,Colorado,8,"El Paso County",8041,3290,789,4079,0.8065702378
Male,Colorado,8,"Fremont County",8043,506,136,642,0.7881619938
Male,Colorado,8,"Garfield County",8045,352,100,452,0.7787610619
Male,Colorado,8,"Gilpin County",8047,.,.,.,0.8529411765
Male,Colorado,8,"Grand County",8049,103,24,127,0.811023622
Male,Colorado,8,"Gunnison County",8051,107,26,133,0.8045112782
Male,Colorado,8,"Hinsdale County",8053,.,.,.,0.8
Male,Colorado,8,"Huerfano County",8055,100,37,137,0.7299270073
Male,Colorado,8,"Jackson County",8057,.,.,.,0.619047619
Male,Colorado,8,"Jefferson County",8059,2876,718,3594,0.8002225932
Male,Colorado,8,"Kiowa County",8061,.,.,.,0.7931034483
Male,Colorado,8,"Kit Carson County",8063,94,25,119,0.7899159664
Male,Colorado,8,"Lake County",8065,.,.,.,0.8125
Male,Colorado,8,"La Plata County",8067,495,114,609,0.8128078818
Male,Colorado,8,"Larimer County",8069,2795,581,3376,0.8279028436
Male,Colorado,8,"Las Animas County",8071,163,58,221,0.7375565611
Male,Colorado,8,"Lincoln County",8073,57,17,74,0.7702702703
Male,Colorado,8,"Logan County",8075,259,67,326,0.7944785276
Male,Colorado,8,"Mesa County",8077,1274,293,1567,0.8130185067
Male,Colorado,8,"Mineral County",8079,.,.,.,0.6842105263
Male,Colorado,8,"Moffat County",8081,104,29,133,0.7819548872
Male,Colorado,8,"Montezuma County",8083,307,82,389,0.7892030848
Male,Colorado,8,"Montrose County",8085,518,125,643,0.8055987558
Male,Colorado,8,"Morgan County",8087,363,85,448,0.8102678571
Male,Colorado,8,"Otero County",8089,221,74,295,0.7491525424
Male,Colorado,8,"Ouray County",8091,58,13,71,0.8169014085
Male,Colorado,8,"Park County",8093,154,44,198,0.7777777778
Male,Colorado,8,"Phillips County",8095,78,20,98,0.7959183673
Male,Colorado,8,"Pitkin County",8097,121,39,160,0.75625
Male,Colorado,8,"Prowers County",8099,167,50,217,0.7695852535
Male,Colorado,8,"Pueblo County",8101,1618,444,2062,0.7846750727
Male,Colorado,8,"Rio Blanco County",8103,62,15,77,0.8051948052
Male,Colorado,8,"Rio Grande County",8105,145,41,186,0.7795698925
Male,Colorado,8,"Routt County",8107,195,41,236,0.8262711864
Male,Colorado,8,"Saguache County",8109,48,26,74,0.6486486486
Male,Colorado,8,"San Juan County",8111,.,.,.,0.875
Male,Colorado,8,"San Miguel County",8113,.,.,.,0.7096774194
Male,Colorado,8,"Sedgwick County",8115,35,16,51,0.6862745098
Male,Colorado,8,"Summit County",8117,145,23,168,0.8630952381
Male,Colorado,8,"Teller County",8119,238,43,281,0.846975089
Male,Colorado,8,"Washington County",8121,81,21,102,0.7941176471
Male,Colorado,8,"Weld County",8123,2220,529,2749,0.8075663878
Male,Colorado,8,"Yuma County",8125,164,38,202,0.8118811881
Male,Colorado,8,,8999,.,.,.,0.8076923077
Male,Connecticut,9,"Fairfield County",9001,10017,2200,12217,0.819923058
Male,Connecticut,9,"Hartford County",9003,10271,2034,12305,0.8347013409
Male,Connecticut,9,"Litchfield County",9005,2864,550,3414,0.8388986526
Male,Connecticut,9,"Middlesex County",9007,2397,408,2805,0.8545454545
Male,Connecticut,9,"New Haven County",9009,10156,2157,12313,0.8248192967
Male,Connecticut,9,"New London County",9011,4020,721,4741,0.8479223792
Male,Connecticut,9,"Tolland County",9013,1968,316,2284,0.8616462347
Male,Connecticut,9,"Windham County",9015,1808,303,2111,0.8564661298
Male,Connecticut,9,,9999,13,0,13,1
Male,Delaware,10,"Kent County",10001,3129,621,3750,0.8344
Male,Delaware,10,"New Castle County",10003,7279,1542,8821,0.8251898878
Male,Delaware,10,"Sussex County",10005,6520,1289,7809,0.8349340505
Male,Delaware,10,,10011,.,0,.,1
Male,Delaware,10,,10019,.,0,.,1
Male,Delaware,10,,10999,.,.,.,0.7
Male,"District of Columbia",11,"District of Columbia",11001,3143,1232,4375,0.7184
Male,"District of Columbia",11,,11999,.,.,.,0.8
Male,Florida,12,"Alachua County",12001,1686,495,2181,0.77303989
Male,Florida,12,"Baker County",12003,249,88,337,0.7388724036
Male,Florida,12,"Bay County",12005,2117,583,2700,0.7840740741
Male,Florida,12,"Bradford County",12007,308,87,395,0.7797468354
Male,Florida,12,"Brevard County",12009,7073,1690,8763,0.8071436723
Male,Florida,12,"Broward County",12011,12248,3275,15523,0.7890227404
Male,Florida,12,"Calhoun County",12013,180,48,228,0.7894736842
Male,Florida,12,"Charlotte County",12015,4734,991,5725,0.8268995633
Male,Florida,12,"Citrus County",12017,3582,850,4432,0.8082129964
Male,Florida,12,"Clay County",12019,1888,502,2390,0.789958159
Male,Florida,12,"Collier County",12021,7309,1590,8899,0.8213282391
Male,Florida,12,"Columbia County",12023,723,208,931,0.7765843179
Male,Florida,12,"DeSoto County",12027,509,124,633,0.804107425
Male,Florida,12,"Dixie County",12029,218,72,290,0.7517241379
Male,Florida,12,"Duval County",12031,7218,2276,9494,0.760269644
Male,Florida,12,"Escambia County",12033,2699,835,3534,0.7637238257
Male,Florida,12,"Flagler County",12035,1895,425,2320,0.8168103448
Male,Florida,12,"Franklin County",12037,180,49,229,0.7860262009
Male,Florida,12,"Gadsden County",12039,325,129,454,0.7158590308
Male,Florida,12,"Gilchrist County",12041,204,45,249,0.8192771084
Male,Florida,12,"Glades County",12043,179,43,222,0.8063063063
Male,Florida,12,"Gulf County",12045,305,82,387,0.7881136951
Male,Florida,12,"Hamilton County",12047,162,53,215,0.7534883721
Male,Florida,12,"Hardee County",12049,310,98,408,0.7598039216
Male,Florida,12,"Hendry County",12051,378,118,496,0.7620967742
Male,Florida,12,"Hernando County",12053,3014,617,3631,0.8300743597
Male,Florida,12,"Highlands County",12055,2140,562,2702,0.7920059215
Male,Florida,12,"Hillsborough County",12057,9560,2544,12104,0.7898215466
Male,Florida,12,"Holmes County",12059,268,82,350,0.7657142857
Male,Florida,12,"Indian River County",12061,3418,792,4210,0.8118764846
Male,Florida,12,"Jackson County",12063,615,159,774,0.7945736434
Male,Florida,12,"Jefferson County",12065,144,31,175,0.8228571429
Male,Florida,12,"Lafayette County",12067,87,28,115,0.7565217391
Male,Florida,12,"Lake County",12069,6241,1429,7670,0.8136897001
Male,Florida,12,"Lee County",12071,13380,2930,16310,0.8203556101
Male,Florida,12,"Leon County",12073,1249,384,1633,0.7648499694
Male,Florida,12,"Levy County",12075,620,184,804,0.7711442786
Male,Florida,12,"Liberty County",12077,87,19,106,0.820754717
Male,Florida,12,"Madison County",12079,255,80,335,0.7611940299
Male,Florida,12,"Manatee County",12081,5758,1274,7032,0.8188282139
Male,Florida,12,"Marion County",12083,6492,1570,8062,0.8052592409
Male,Florida,12,"Martin County",12085,2749,591,3340,0.8230538922
Male,Florida,12,,12086,15915,4521,20436,0.778772754
Male,Florida,12,"Monroe County",12087,1142,276,1418,0.8053596615
Male,Florida,12,"Nassau County",12089,1227,322,1549,0.7921239509
Male,Florida,12,"Okaloosa County",12091,1399,446,1845,0.7582655827
Male,Florida,12,"Okeechobee County",12093,516,173,689,0.7489114659
Male,Florida,12,"Orange County",12095,7501,2191,9692,0.7739372678
Male,Florida,12,"Osceola County",12097,2134,632,2766,0.7715112075
Male,Florida,12,"Palm Beach County",12099,17934,4407,22341,0.8027393581
Male,Florida,12,"Pasco County",12101,6014,1306,7320,0.8215846995
Male,Florida,12,"Pinellas County",12103,10692,2572,13264,0.8060916767
Male,Florida,12,"Polk County",12105,7710,1965,9675,0.7968992248
Male,Florida,12,"Putnam County",12107,1020,328,1348,0.7566765579
Male,Florida,12,"St. Johns County",12109,3487,805,4292,0.8124417521
Male,Florida,12,"St. Lucie County",12111,4428,1064,5492,0.8062636562
Male,Florida,12,"Santa Rosa County",12113,1573,403,1976,0.7960526316
Male,Florida,12,"Sarasota County",12115,10025,2008,12033,0.8331255713
Male,Florida,12,"Seminole County",12117,3735,950,4685,0.7972251868
Male,Florida,12,"Sumter County",12119,5175,957,6132,0.8439334638
Male,Florida,12,"Suwannee County",12121,618,184,802,0.7705735661
Male,Florida,12,"Taylor County",12123,298,90,388,0.7680412371
Male,Florida,12,"Union County",12125,99,25,124,0.7983870968
Male,Florida,12,"Volusia County",12127,6503,1620,8123,0.8005662932
Male,Florida,12,"Wakulla County",12129,192,52,244,0.7868852459
Male,Florida,12,"Walton County",12131,939,246,1185,0.7924050633
Male,Florida,12,"Washington County",12133,372,92,464,0.8017241379
Male,Florida,12,,12999,174,61,235,0.7404255319
Male,Georgia,13,"Appling County",13001,213,79,292,0.7294520548
Male,Georgia,13,"Atkinson County",13003,111,37,148,0.75
Male,Georgia,13,"Bacon County",13005,166,39,205,0.8097560976
Male,Georgia,13,"Baker County",13007,43,13,56,0.7678571429
Male,Georgia,13,"Baldwin County",13009,390,138,528,0.7386363636
Male,Georgia,13,"Banks County",13011,241,61,302,0.798013245
Male,Georgia,13,"Barrow County",13013,720,179,899,0.8008898776
Male,Georgia,13,"Bartow County",13015,1232,351,1583,0.7782691093
Male,Georgia,13,"Ben Hill County",13017,236,72,308,0.7662337662
Male,Georgia,13,"Berrien County",13019,195,68,263,0.7414448669
Male,Georgia,13,"Bibb County",13021,1376,522,1898,0.7249736565
Male,Georgia,13,"Bleckley County",13023,140,45,185,0.7567567568
Male,Georgia,13,"Brantley County",13025,212,90,302,0.701986755
Male,Georgia,13,"Brooks County",13027,221,99,320,0.690625
Male,Georgia,13,"Bryan County",13029,246,64,310,0.7935483871
Male,Georgia,13,"Bulloch County",13031,641,218,859,0.7462165308
Male,Georgia,13,"Burke County",13033,246,71,317,0.7760252366
Male,Georgia,13,"Butts County",13035,237,71,308,0.7694805195
Male,Georgia,13,"Calhoun County",13037,56,12,68,0.8235294118
Male,Georgia,13,"Camden County",13039,395,116,511,0.7729941292
Male,Georgia,13,"Candler County",13043,122,38,160,0.7625
Male,Georgia,13,"Carroll County",13045,1242,328,1570,0.7910828025
Male,Georgia,13,"Catoosa County",13047,828,201,1029,0.804664723
Male,Georgia,13,"Charlton County",13049,130,41,171,0.7602339181
Male,Georgia,13,"Chatham County",13051,1888,572,2460,0.7674796748
Male,Georgia,13,"Chattahoochee County",13053,.,.,.,0.75
Male,Georgia,13,"Chattooga County",13055,404,118,522,0.7739463602
Male,Georgia,13,"Cherokee County",13057,2288,537,2825,0.8099115044
Male,Georgia,13,"Clarke County",13059,849,237,1086,0.7817679558
Male,Georgia,13,"Clay County",13061,33,20,53,0.6226415094
Male,Georgia,13,"Clayton County",13063,1151,473,1624,0.7087438424
Male,Georgia,13,"Clinch County",13065,105,43,148,0.7094594595
Male,Georgia,13,"Cobb County",13067,5051,1236,6287,0.8034038492
Male,Georgia,13,"Coffee County",13069,549,190,739,0.7428958051
Male,Georgia,13,"Colquitt County",13071,573,212,785,0.7299363057
Male,Georgia,13,"Columbia County",13073,969,229,1198,0.8088480801
Male,Georgia,13,"Cook County",13075,203,66,269,0.7546468401
Male,Georgia,13,"Coweta County",13077,1193,304,1497,0.7969271877
Male,Georgia,13,"Crawford County",13079,152,43,195,0.7794871795
Male,Georgia,13,"Crisp County",13081,199,84,283,0.703180212
Male,Georgia,13,"Dade County",13083,213,59,272,0.7830882353
Male,Georgia,13,"Dawson County",13085,368,88,456,0.8070175439
Male,Georgia,13,"Decatur County",13087,359,117,476,0.7542016807
Male,Georgia,13,"DeKalb County",13089,3552,1133,4685,0.7581643543
Male,Georgia,13,"Dodge County",13091,244,93,337,0.7240356083
Male,Georgia,13,"Dooly County",13093,111,48,159,0.6981132075
Male,Georgia,13,"Dougherty County",13095,730,312,1042,0.7005758157
Male,Georgia,13,"Douglas County",13097,965,280,1245,0.7751004016
Male,Georgia,13,"Early County",13099,177,38,215,0.823255814
Male,Georgia,13,"Echols County",13101,.,.,.,0.8448275862
Male,Georgia,13,"Effingham County",13103,487,118,605,0.8049586777
Male,Georgia,13,"Elbert County",13105,297,89,386,0.7694300518
Male,Georgia,13,"Emanuel County",13107,235,114,349,0.6733524355
Male,Georgia,13,"Evans County",13109,128,29,157,0.8152866242
Male,Georgia,13,"Fannin County",13111,549,148,697,0.787661406
Male,Georgia,13,"Fayette County",13113,1023,261,1284,0.796728972
Male,Georgia,13,"Floyd County",13115,1342,455,1797,0.7468002226
Male,Georgia,13,"Forsyth County",13117,1868,409,2277,0.8203776899
Male,Georgia,13,"Franklin County",13119,346,111,457,0.7571115974
Male,Georgia,13,"Fulton County",13121,5391,1776,7167,0.7521975722
Male,Georgia,13,"Gilmer County",13123,559,163,722,0.7742382271
Male,Georgia,13,"Glascock County",13125,26,17,43,0.6046511628
Male,Georgia,13,"Glynn County",13127,915,263,1178,0.7767402377
Male,Georgia,13,"Gordon County",13129,733,229,962,0.761954262
Male,Georgia,13,"Grady County",13131,290,97,387,0.7493540052
Male,Georgia,13,"Greene County",13133,373,100,473,0.7885835095
Male,Georgia,13,"Gwinnett County",13135,4594,1275,5869,0.7827568581
Male,Georgia,13,"Habersham County",13137,647,163,810,0.7987654321
Male,Georgia,13,"Hall County",13139,2258,609,2867,0.7875828392
Male,Georgia,13,"Hancock County",13141,122,47,169,0.7218934911
Male,Georgia,13,"Haralson County",13143,404,139,543,0.744014733
Male,Georgia,13,"Harris County",13145,343,106,449,0.7639198218
Male,Georgia,13,"Hart County",13147,395,122,517,0.7640232108
Male,Georgia,13,"Heard County",13149,144,41,185,0.7783783784
Male,Georgia,13,"Henry County",13151,1474,450,1924,0.7661122661
Male,Georgia,13,"Houston County",13153,792,307,1099,0.720655141
Male,Georgia,13,"Irwin County",13155,138,42,180,0.7666666667
Male,Georgia,13,"Jackson County",13157,869,202,1071,0.8113912232
Male,Georgia,13,"Jasper County",13159,169,59,228,0.7412280702
Male,Georgia,13,"Jeff Davis County",13161,171,68,239,0.7154811715
Male,Georgia,13,"Jefferson County",13163,223,103,326,0.6840490798
Male,Georgia,13,"Jenkins County",13165,110,45,155,0.7096774194
Male,Georgia,13,"Johnson County",13167,128,45,173,0.7398843931
Male,Georgia,13,"Jones County",13169,296,101,397,0.7455919395
Male,Georgia,13,"Lamar County",13171,202,54,256,0.7890625
Male,Georgia,13,"Lanier County",13173,142,35,177,0.802259887
Male,Georgia,13,"Laurens County",13175,544,212,756,0.7195767196
Male,Georgia,13,"Lee County",13177,239,69,308,0.775974026
Male,Georgia,13,"Liberty County",13179,197,71,268,0.7350746269
Male,Georgia,13,"Lincoln County",13181,113,32,145,0.7793103448
Male,Georgia,13,"Long County",13183,70,30,100,0.7
Male,Georgia,13,"Lowndes County",13185,954,326,1280,0.7453125
Male,Georgia,13,"Lumpkin County",13187,472,109,581,0.8123924269
Male,Georgia,13,"McDuffie County",13189,242,77,319,0.7586206897
Male,Georgia,13,"McIntosh County",13191,164,53,217,0.7557603687
Male,Georgia,13,"Macon County",13193,153,47,200,0.765
Male,Georgia,13,"Madison County",13195,410,108,518,0.7915057915
Male,Georgia,13,"Marion County",13197,82,30,112,0.7321428571
Male,Georgia,13,"Meriwether County",13199,284,91,375,0.7573333333
Male,Georgia,13,"Miller County",13201,81,29,110,0.7363636364
Male,Georgia,13,"Mitchell County",13205,254,87,341,0.7448680352
Male,Georgia,13,"Monroe County",13207,334,102,436,0.7660550459
Male,Georgia,13,"Montgomery County",13209,110,37,147,0.7482993197
Male,Georgia,13,"Morgan County",13211,286,75,361,0.7922437673
Male,Georgia,13,"Murray County",13213,587,182,769,0.7633289987
Male,Georgia,13,"Muscogee County",13215,1231,434,1665,0.7393393393
Male,Georgia,13,"Newton County",13217,916,275,1191,0.7691015953
Male,Georgia,13,"Oconee County",13219,412,85,497,0.8289738431
Male,Georgia,13,"Oglethorpe County",13221,212,44,256,0.828125
Male,Georgia,13,"Paulding County",13223,1232,330,1562,0.7887323944
Male,Georgia,13,"Peach County",13225,277,93,370,0.7486486486
Male,Georgia,13,"Pickens County",13227,681,161,842,0.8087885986
Male,Georgia,13,"Pierce County",13229,295,103,398,0.7412060302
Male,Georgia,13,"Pike County",13231,157,62,219,0.7168949772
Male,Georgia,13,"Polk County",13233,556,217,773,0.7192755498
Male,Georgia,13,"Pulaski County",13235,105,47,152,0.6907894737
Male,Georgia,13,"Putnam County",13237,391,107,498,0.7851405622
Male,Georgia,13,"Quitman County",13239,36,11,47,0.7659574468
Male,Georgia,13,"Rabun County",13241,389,103,492,0.7906504065
Male,Georgia,13,"Randolph County",13243,84,26,110,0.7636363636
Male,Georgia,13,"Richmond County",13245,1355,451,1806,0.7502768549
Male,Georgia,13,"Rockdale County",13247,739,218,957,0.7722048067
Male,Georgia,13,"Schley County",13249,42,16,58,0.724137931
Male,Georgia,13,"Screven County",13251,184,58,242,0.7603305785
Male,Georgia,13,"Seminole County",13253,138,42,180,0.7666666667
Male,Georgia,13,"Spalding County",13255,708,262,970,0.7298969072
Male,Georgia,13,"Stephens County",13257,438,159,597,0.7336683417
Male,Georgia,13,"Stewart County",13259,66,26,92,0.7173913043
Male,Georgia,13,"Sumter County",13261,353,111,464,0.7607758621
Male,Georgia,13,"Talbot County",13263,93,31,124,0.75
Male,Georgia,13,"Taliaferro County",13265,.,.,.,0.8214285714
Male,Georgia,13,"Tattnall County",13267,185,61,246,0.7520325203
Male,Georgia,13,"Taylor County",13269,88,50,138,0.6376811594
Male,Georgia,13,"Telfair County",13271,144,57,201,0.7164179104
Male,Georgia,13,"Terrell County",13273,105,33,138,0.7608695652
Male,Georgia,13,"Thomas County",13275,541,191,732,0.7390710383
Male,Georgia,13,"Tift County",13277,369,143,512,0.720703125
Male,Georgia,13,"Toombs County",13279,257,95,352,0.7301136364
Male,Georgia,13,"Towns County",13281,317,66,383,0.8276762402
Male,Georgia,13,"Treutlen County",13283,94,33,127,0.7401574803
Male,Georgia,13,"Troup County",13285,740,219,959,0.771637122
Male,Georgia,13,"Turner County",13287,82,35,117,0.7008547009
Male,Georgia,13,"Twiggs County",13289,122,51,173,0.7052023121
Male,Georgia,13,"Union County",13291,573,131,704,0.8139204545
Male,Georgia,13,"Upson County",13293,341,118,459,0.74291939
Male,Georgia,13,"Walker County",13295,918,245,1163,0.7893379192
Male,Georgia,13,"Walton County",13297,1077,264,1341,0.8031319911
Male,Georgia,13,"Ware County",13299,521,174,695,0.7496402878
Male,Georgia,13,"Warren County",13301,95,17,112,0.8482142857
Male,Georgia,13,"Washington County",13303,226,70,296,0.7635135135
Male,Georgia,13,"Wayne County",13305,342,110,452,0.7566371681
Male,Georgia,13,"Webster County",13307,39,11,50,0.78
Male,Georgia,13,"Wheeler County",13309,68,20,88,0.7727272727
Male,Georgia,13,"White County",13311,520,136,656,0.7926829268
Male,Georgia,13,"Whitfield County",13313,1071,372,1443,0.7422037422
Male,Georgia,13,"Wilcox County",13315,101,41,142,0.7112676056
Male,Georgia,13,"Wilkes County",13317,177,57,234,0.7564102564
Male,Georgia,13,"Wilkinson County",13319,152,52,204,0.7450980392
Male,Georgia,13,"Worth County",13321,236,78,314,0.7515923567
Male,Georgia,13,,13999,59,17,76,0.7763157895
Male,Hawaii,15,"Hawaii County",15001,1966,496,2462,0.7985377742
Male,Hawaii,15,"Honolulu County",15003,5058,1209,6267,0.8070847295
Male,Hawaii,15,"Kauai County",15007,621,151,772,0.8044041451
Male,Hawaii,15,"Maui County",15009,944,280,1224,0.7712418301
Male,Hawaii,15,,15999,.,.,.,0.5
Male,Idaho,16,"Ada County",16001,2662,526,3188,0.8350062735
Male,Idaho,16,"Adams County",16003,61,20,81,0.7530864198
Male,Idaho,16,"Bannock County",16005,642,182,824,0.7791262136
Male,Idaho,16,"Bear Lake County",16007,93,18,111,0.8378378378
Male,Idaho,16,"Benewah County",16009,156,33,189,0.8253968254
Male,Idaho,16,"Bingham County",16011,372,117,489,0.7607361963
Male,Idaho,16,"Blaine County",16013,237,55,292,0.8116438356
Male,Idaho,16,"Boise County",16015,76,11,87,0.8735632184
Male,Idaho,16,"Bonner County",16017,538,145,683,0.7877013177
Male,Idaho,16,"Bonneville County",16019,910,288,1198,0.7595993322
Male,Idaho,16,"Boundary County",16021,126,34,160,0.7875
Male,Idaho,16,"Butte County",16023,40,11,51,0.7843137255
Male,Idaho,16,"Camas County",16025,.,.,.,0.8666666667
Male,Idaho,16,"Canyon County",16027,1466,341,1807,0.81128943
Male,Idaho,16,"Caribou County",16029,101,19,120,0.8416666667
Male,Idaho,16,"Cassia County",16031,195,57,252,0.7738095238
Male,Idaho,16,"Clark County",16033,.,.,.,0.875
Male,Idaho,16,"Clearwater County",16035,150,38,188,0.7978723404
Male,Idaho,16,"Custer County",16037,76,17,93,0.8172043011
Male,Idaho,16,"Elmore County",16039,171,46,217,0.7880184332
Male,Idaho,16,"Franklin County",16041,155,42,197,0.7868020305
Male,Idaho,16,"Fremont County",16043,140,32,172,0.8139534884
Male,Idaho,16,"Gem County",16045,179,31,210,0.8523809524
Male,Idaho,16,"Gooding County",16047,172,54,226,0.7610619469
Male,Idaho,16,"Idaho County",16049,261,58,319,0.8181818182
Male,Idaho,16,"Jefferson County",16051,197,68,265,0.7433962264
Male,Idaho,16,"Jerome County",16053,170,49,219,0.7762557078
Male,Idaho,16,"Kootenai County",16055,1766,398,2164,0.8160813309
Male,Idaho,16,"Latah County",16057,321,72,393,0.8167938931
Male,Idaho,16,"Lemhi County",16059,139,30,169,0.8224852071
Male,Idaho,16,"Lewis County",16061,80,29,109,0.7339449541
Male,Idaho,16,"Lincoln County",16063,38,11,49,0.7755102041
Male,Idaho,16,"Madison County",16065,187,53,240,0.7791666667
Male,Idaho,16,"Minidoka County",16067,184,46,230,0.8
Male,Idaho,16,"Nez Perce County",16069,536,146,682,0.7859237537
Male,Idaho,16,"Oneida County",16071,51,19,70,0.7285714286
Male,Idaho,16,"Owyhee County",16073,81,26,107,0.7570093458
Male,Idaho,16,"Payette County",16075,302,52,354,0.8531073446
Male,Idaho,16,"Power County",16077,101,16,117,0.8632478632
Male,Idaho,16,"Shoshone County",16079,255,71,326,0.782208589
Male,Idaho,16,"Teton County",16081,72,13,85,0.8470588235
Male,Idaho,16,"Twin Falls County",16083,842,179,1021,0.8246816846
Male,Idaho,16,"Valley County",16085,123,27,150,0.82
Male,Idaho,16,"Washington County",16087,149,47,196,0.7602040816
Male,Idaho,16,,16999,.,.,.,0.7777777778
Male,Illinois,17,"Adams County",17001,1342,250,1592,0.8429648241
Male,Illinois,17,"Alexander County",17003,116,36,152,0.7631578947
Male,Illinois,17,"Bond County",17005,393,71,464,0.8469827586
Male,Illinois,17,"Boone County",17007,768,134,902,0.8514412417
Male,Illinois,17,"Brown County",17009,100,21,121,0.826446281
Male,Illinois,17,"Bureau County",17011,701,127,828,0.8466183575
Male,Illinois,17,"Calhoun County",17013,144,29,173,0.8323699422
Male,Illinois,17,"Carroll County",17015,374,66,440,0.85
Male,Illinois,17,"Cass County",17017,250,51,301,0.8305647841
Male,Illinois,17,"Champaign County",17019,1884,362,2246,0.838824577
Male,Illinois,17,"Christian County",17021,688,145,833,0.8259303721
Male,Illinois,17,"Clark County",17023,358,71,429,0.8344988345
Male,Illinois,17,"Clay County",17025,353,52,405,0.8716049383
Male,Illinois,17,"Clinton County",17027,701,123,824,0.8507281553
Male,Illinois,17,"Coles County",17029,961,172,1133,0.8481906443
Male,Illinois,17,"Cook County",17031,51460,13290,64750,0.7947490347
Male,Illinois,17,"Crawford County",17033,475,94,569,0.834797891
Male,Illinois,17,"Cumberland County",17035,268,22,290,0.924137931
Male,Illinois,17,"DeKalb County",17037,1288,249,1537,0.8379960963
Male,Illinois,17,"De Witt County",17039,329,48,377,0.8726790451
Male,Illinois,17,"Douglas County",17041,348,70,418,0.8325358852
Male,Illinois,17,"DuPage County",17043,11946,2239,14185,0.8421572083
Male,Illinois,17,"Edgar County",17045,462,96,558,0.8279569892
Male,Illinois,17,"Edwards County",17047,129,21,150,0.86
Male,Illinois,17,"Effingham County",17049,782,126,908,0.8612334802
Male,Illinois,17,"Fayette County",17051,421,75,496,0.8487903226
Male,Illinois,17,"Ford County",17053,239,65,304,0.7861842105
Male,Illinois,17,"Franklin County",17055,812,154,966,0.8405797101
Male,Illinois,17,"Fulton County",17057,594,89,683,0.8696925329
Male,Illinois,17,"Gallatin County",17059,115,24,139,0.8273381295
Male,Illinois,17,"Greene County",17061,338,71,409,0.826405868
Male,Illinois,17,"Grundy County",17063,698,134,832,0.8389423077
Male,Illinois,17,"Hamilton County",17065,198,26,224,0.8839285714
Male,Illinois,17,"Hancock County",17067,446,75,521,0.8560460653
Male,Illinois,17,"Hardin County",17069,100,19,119,0.8403361345
Male,Illinois,17,"Henderson County",17071,147,32,179,0.8212290503
Male,Illinois,17,"Henry County",17073,1047,151,1198,0.8739565943
Male,Illinois,17,"Iroquois County",17075,680,111,791,0.8596713021
Male,Illinois,17,"Jackson County",17077,773,209,982,0.7871690428
Male,Illinois,17,"Jasper County",17079,228,39,267,0.8539325843
Male,Illinois,17,"Jefferson County",17081,786,167,953,0.8247639035
Male,Illinois,17,"Jersey County",17083,511,123,634,0.8059936909
Male,Illinois,17,"Jo Daviess County",17085,383,67,450,0.8511111111
Male,Illinois,17,"Johnson County",17087,262,58,320,0.81875
Male,Illinois,17,"Kane County",17089,6431,1297,7728,0.8321687371
Male,Illinois,17,"Kankakee County",17091,1867,394,2261,0.8257408226
Male,Illinois,17,"Kendall County",17093,1210,232,1442,0.839112344
Male,Illinois,17,"Knox County",17095,944,160,1104,0.8550724638
Male,Illinois,17,"Lake County",17097,8598,1734,10332,0.8321718931
Male,Illinois,17,"La Salle County",17099,2069,368,2437,0.8489946656
Male,Illinois,17,"Lawrence County",17101,273,59,332,0.8222891566
Male,Illinois,17,"Lee County",17103,736,153,889,0.8278965129
Male,Illinois,17,"Livingston County",17105,720,127,847,0.8500590319
Male,Illinois,17,"Logan County",17107,592,104,696,0.8505747126
Male,Illinois,17,"McDonough County",17109,522,98,620,0.8419354839
Male,Illinois,17,"McHenry County",17111,4820,936,5756,0.8373870744
Male,Illinois,17,"McLean County",17113,2230,365,2595,0.859344894
Male,Illinois,17,"Macon County",17115,2359,544,2903,0.8126076473
Male,Illinois,17,"Macoupin County",17117,1088,203,1291,0.8427575523
Male,Illinois,17,"Madison County",17119,3907,853,4760,0.8207983193
Male,Illinois,17,"Marion County",17121,901,230,1131,0.7966401415
Male,Illinois,17,"Marshall County",17123,223,40,263,0.8479087452
Male,Illinois,17,"Mason County",17125,292,55,347,0.8414985591
Male,Illinois,17,"Massac County",17127,323,62,385,0.838961039
Male,Illinois,17,"Menard County",17129,251,61,312,0.8044871795
Male,Illinois,17,"Mercer County",17131,329,55,384,0.8567708333
Male,Illinois,17,"Monroe County",17133,527,97,624,0.8445512821
Male,Illinois,17,"Montgomery County",17135,666,137,803,0.8293897883
Male,Illinois,17,"Morgan County",17137,749,161,910,0.8230769231
Male,Illinois,17,"Moultrie County",17139,317,68,385,0.8233766234
Male,Illinois,17,"Ogle County",17141,960,160,1120,0.8571428571
Male,Illinois,17,"Peoria County",17143,2409,485,2894,0.8324118867
Male,Illinois,17,"Perry County",17145,349,76,425,0.8211764706
Male,Illinois,17,"Piatt County",17147,298,51,349,0.8538681948
Male,Illinois,17,"Pike County",17149,360,81,441,0.8163265306
Male,Illinois,17,"Pope County",17151,96,17,113,0.8495575221
Male,Illinois,17,"Pulaski County",17153,109,32,141,0.7730496454
Male,Illinois,17,"Putnam County",17155,134,18,152,0.8815789474
Male,Illinois,17,"Randolph County",17157,602,139,741,0.8124156545
Male,Illinois,17,"Richland County",17159,376,69,445,0.8449438202
Male,Illinois,17,"Rock Island County",17161,2389,463,2852,0.837657784
Male,Illinois,17,"St. Clair County",17163,2910,747,3657,0.7957342084
Male,Illinois,17,"Saline County",17165,492,114,606,0.8118811881
Male,Illinois,17,"Sangamon County",17167,3474,751,4225,0.8222485207
Male,Illinois,17,"Schuyler County",17169,182,36,218,0.8348623853
Male,Illinois,17,"Scott County",17171,110,23,133,0.8270676692
Male,Illinois,17,"Shelby County",17173,573,93,666,0.8603603604
Male,Illinois,17,"Stark County",17175,96,19,115,0.8347826087
Male,Illinois,17,"Stephenson County",17177,819,154,973,0.8417266187
Male,Illinois,17,"Tazewell County",17179,2078,336,2414,0.8608119304
Male,Illinois,17,"Union County",17181,400,70,470,0.8510638298
Male,Illinois,17,"Vermilion County",17183,1277,295,1572,0.8123409669
Male,Illinois,17,"Wabash County",17185,248,50,298,0.8322147651
Male,Illinois,17,"Warren County",17187,365,62,427,0.8548009368
Male,Illinois,17,"Washington County",17189,321,66,387,0.8294573643
Male,Illinois,17,"Wayne County",17191,377,82,459,0.8213507625
Male,Illinois,17,"White County",17193,304,68,372,0.8172043011
Male,Illinois,17,"Whiteside County",17195,1285,238,1523,0.8437294813
Male,Illinois,17,"Will County",17197,7880,1577,9457,0.8332452152
Male,Illinois,17,"Williamson County",17199,1192,307,1499,0.7951967979
Male,Illinois,17,"Winnebago County",17201,4292,869,5161,0.8316217787
Male,Illinois,17,"Woodford County",17203,674,110,784,0.8596938776
Male,Illinois,17,,17999,59,22,81,0.7283950617
Male,Indiana,18,"Adams County",18001,500,64,564,0.8865248227
Male,Indiana,18,"Allen County",18003,3572,812,4384,0.8147810219
Male,Indiana,18,"Bartholomew County",18005,1265,235,1500,0.8433333333
Male,Indiana,18,"Benton County",18007,151,33,184,0.8206521739
Male,Indiana,18,"Blackford County",18009,262,37,299,0.8762541806
Male,Indiana,18,"Boone County",18011,850,168,1018,0.8349705305
Male,Indiana,18,"Brown County",18013,284,53,337,0.8427299703
Male,Indiana,18,"Carroll County",18015,367,78,445,0.8247191011
Male,Indiana,18,"Cass County",18017,681,119,800,0.85125
Male,Indiana,18,"Clark County",18019,1515,398,1913,0.791949817
Male,Indiana,18,"Clay County",18021,521,135,656,0.7942073171
Male,Indiana,18,"Clinton County",18023,571,92,663,0.8612368024
Male,Indiana,18,"Crawford County",18025,187,38,225,0.8311111111
Male,Indiana,18,"Daviess County",18027,415,99,514,0.8073929961
Male,Indiana,18,"Dearborn County",18029,765,155,920,0.8315217391
Male,Indiana,18,"Decatur County",18031,473,75,548,0.8631386861
Male,Indiana,18,"De Kalb County",18033,513,114,627,0.8181818182
Male,Indiana,18,"Delaware County",18035,1985,435,2420,0.8202479339
Male,Indiana,18,"Dubois County",18037,791,105,896,0.8828125
Male,Indiana,18,"Elkhart County",18039,2098,449,2547,0.8237141735
Male,Indiana,18,"Fayette County",18041,625,123,748,0.8355614973
Male,Indiana,18,"Floyd County",18043,1117,260,1377,0.8111837328
Male,Indiana,18,"Fountain County",18045,366,82,448,0.8169642857
Male,Indiana,18,"Franklin County",18047,353,78,431,0.819025522
Male,Indiana,18,"Fulton County",18049,339,74,413,0.8208232446
Male,Indiana,18,"Gibson County",18051,532,99,631,0.8431061807
Male,Indiana,18,"Grant County",18053,1227,264,1491,0.8229376258
Male,Indiana,18,"Greene County",18055,563,122,685,0.8218978102
Male,Indiana,18,"Hamilton County",18057,3197,587,3784,0.8448731501
Male,Indiana,18,"Hancock County",18059,1080,189,1269,0.8510638298
Male,Indiana,18,"Harrison County",18061,643,145,788,0.8159898477
Male,Indiana,18,"Hendricks County",18063,1932,373,2305,0.8381778742
Male,Indiana,18,"Henry County",18065,1062,183,1245,0.8530120482
Male,Indiana,18,"Howard County",18067,1666,321,1987,0.8384499245
Male,Indiana,18,"Huntington County",18069,484,94,578,0.8373702422
Male,Indiana,18,"Jackson County",18071,755,128,883,0.8550396376
Male,Indiana,18,"Jasper County",18073,633,112,745,0.8496644295
Male,Indiana,18,"Jay County",18075,353,61,414,0.8526570048
Male,Indiana,18,"Jefferson County",18077,584,135,719,0.8122392211
Male,Indiana,18,"Jennings County",18079,511,100,611,0.8363338789
Male,Indiana,18,"Johnson County",18081,2084,395,2479,0.8406615571
Male,Indiana,18,"Knox County",18083,672,131,803,0.8368617684
Male,Indiana,18,"Kosciusko County",18085,1029,214,1243,0.8278358809
Male,Indiana,18,"Lagrange County",18087,340,73,413,0.8232445521
Male,Indiana,18,"Lake County",18089,7241,1810,9051,0.800022097
Male,Indiana,18,"La Porte County",18091,1951,423,2374,0.8218197136
Male,Indiana,18,"Lawrence County",18093,835,183,1018,0.8202357564
Male,Indiana,18,"Madison County",18095,2471,468,2939,0.840762164
Male,Indiana,18,"Marion County",18097,8550,2195,10745,0.795718939
Male,Indiana,18,"Marshall County",18099,651,118,769,0.8465539662
Male,Indiana,18,"Martin County",18101,154,23,177,0.8700564972
Male,Indiana,18,"Miami County",18103,610,105,715,0.8531468531
Male,Indiana,18,"Monroe County",18105,1419,296,1715,0.8274052478
Male,Indiana,18,"Montgomery County",18107,604,123,727,0.8308115543
Male,Indiana,18,"Morgan County",18109,1172,254,1426,0.8218793829
Male,Indiana,18,"Newton County",18111,253,50,303,0.8349834983
Male,Indiana,18,"Noble County",18113,579,111,690,0.8391304348
Male,Indiana,18,"Ohio County",18115,104,27,131,0.7938931298
Male,Indiana,18,"Orange County",18117,424,70,494,0.8582995951
Male,Indiana,18,"Owen County",18119,366,94,460,0.7956521739
Male,Indiana,18,"Parke County",18121,368,74,442,0.8325791855
Male,Indiana,18,"Perry County",18123,356,78,434,0.8202764977
Male,Indiana,18,"Pike County",18125,257,41,298,0.8624161074
Male,Indiana,18,"Porter County",18127,2765,531,3296,0.8388956311
Male,Indiana,18,"Posey County",18129,488,86,574,0.850174216
Male,Indiana,18,"Pulaski County",18131,297,59,356,0.8342696629
Male,Indiana,18,"Putnam County",18133,656,142,798,0.8220551378
Male,Indiana,18,"Randolph County",18135,523,110,633,0.8262243286
Male,Indiana,18,"Ripley County",18137,484,87,571,0.8476357268
Male,Indiana,18,"Rush County",18139,313,63,376,0.8324468085
Male,Indiana,18,"St. Joseph County",18141,2918,582,3500,0.8337142857
Male,Indiana,18,"Scott County",18143,459,142,601,0.7637271215
Male,Indiana,18,"Shelby County",18145,744,172,916,0.8122270742
Male,Indiana,18,"Spencer County",18147,370,78,448,0.8258928571
Male,Indiana,18,"Starke County",18149,525,99,624,0.8413461538
Male,Indiana,18,"Steuben County",18151,569,92,661,0.860816944
Male,Indiana,18,"Sullivan County",18153,431,92,523,0.8240917782
Male,Indiana,18,"Switzerland County",18155,170,33,203,0.8374384236
Male,Indiana,18,"Tippecanoe County",18157,1829,343,2172,0.8420810313
Male,Indiana,18,"Tipton County",18159,367,60,427,0.8594847775
Male,Indiana,18,"Union County",18161,156,23,179,0.8715083799
Male,Indiana,18,"Vanderburgh County",18163,2485,551,3036,0.8185111989
Male,Indiana,18,"Vermillion County",18165,383,89,472,0.811440678
Male,Indiana,18,"Vigo County",18167,1900,551,2451,0.7751937984
Male,Indiana,18,"Wabash County",18169,511,105,616,0.8295454545
Male,Indiana,18,"Warren County",18171,165,40,205,0.8048780488
Male,Indiana,18,"Warrick County",18173,920,188,1108,0.8303249097
Male,Indiana,18,"Washington County",18175,494,108,602,0.8205980066
Male,Indiana,18,"Wayne County",18177,1300,304,1604,0.8104738155
Male,Indiana,18,"Wells County",18179,373,70,443,0.841986456
Male,Indiana,18,"White County",18181,520,99,619,0.8400646204
Male,Indiana,18,"Whitley County",18183,385,71,456,0.8442982456
Male,Indiana,18,,18999,56,13,69,0.8115942029
Male,Iowa,19,"Adair County",19001,178,26,204,0.8725490196
Male,Iowa,19,"Adams County",19003,.,.,.,0.962962963
Male,Iowa,19,"Allamakee County",19005,340,46,386,0.8808290155
Male,Iowa,19,"Appanoose County",19007,293,69,362,0.8093922652
Male,Iowa,19,"Audubon County",19009,176,24,200,0.88
Male,Iowa,19,"Benton County",19011,483,82,565,0.8548672566
Male,Iowa,19,"Black Hawk County",19013,2324,392,2716,0.8556701031
Male,Iowa,19,"Boone County",19015,473,84,557,0.8491921005
Male,Iowa,19,"Bremer County",19017,552,78,630,0.8761904762
Male,Iowa,19,"Buchanan County",19019,442,74,516,0.8565891473
Male,Iowa,19,"Buena Vista County",19021,279,44,323,0.8637770898
Male,Iowa,19,"Butler County",19023,399,62,461,0.8655097614
Male,Iowa,19,"Calhoun County",19025,241,40,281,0.8576512456
Male,Iowa,19,"Carroll County",19027,491,60,551,0.891107078
Male,Iowa,19,"Cass County",19029,367,39,406,0.9039408867
Male,Iowa,19,"Cedar County",19031,303,57,360,0.8416666667
Male,Iowa,19,"Cerro Gordo County",19033,975,172,1147,0.850043592
Male,Iowa,19,"Cherokee County",19035,256,30,286,0.8951048951
Male,Iowa,19,"Chickasaw County",19037,268,41,309,0.8673139159
Male,Iowa,19,"Clarke County",19039,175,37,212,0.8254716981
Male,Iowa,19,"Clay County",19041,379,51,430,0.8813953488
Male,Iowa,19,"Clayton County",19043,405,58,463,0.8747300216
Male,Iowa,19,"Clinton County",19045,977,168,1145,0.8532751092
Male,Iowa,19,"Crawford County",19047,342,50,392,0.8724489796
Male,Iowa,19,"Dallas County",19049,909,146,1055,0.8616113744
Male,Iowa,19,"Davis County",19051,147,32,179,0.8212290503
Male,Iowa,19,"Decatur County",19053,151,26,177,0.8531073446
Male,Iowa,19,"Delaware County",19055,348,66,414,0.8405797101
Male,Iowa,19,"Des Moines County",19057,892,122,1014,0.8796844181
Male,Iowa,19,"Dickinson County",19059,486,62,548,0.8868613139
Male,Iowa,19,"Dubuque County",19061,1144,208,1352,0.8461538462
Male,Iowa,19,"Emmet County",19063,245,34,279,0.8781362007
Male,Iowa,19,"Fayette County",19065,497,80,577,0.8613518198
Male,Iowa,19,"Floyd County",19067,376,57,433,0.8683602771
Male,Iowa,19,"Franklin County",19069,251,38,289,0.8685121107
Male,Iowa,19,"Fremont County",19071,179,40,219,0.8173515982
Male,Iowa,19,"Greene County",19073,208,35,243,0.8559670782
Male,Iowa,19,"Grundy County",19075,294,55,349,0.8424068768
Male,Iowa,19,"Guthrie County",19077,242,38,280,0.8642857143
Male,Iowa,19,"Hamilton County",19079,342,46,388,0.881443299
Male,Iowa,19,"Hancock County",19081,303,37,340,0.8911764706
Male,Iowa,19,"Hardin County",19083,392,54,446,0.8789237668
Male,Iowa,19,"Harrison County",19085,298,48,346,0.8612716763
Male,Iowa,19,"Henry County",19087,419,70,489,0.8568507157
Male,Iowa,19,"Howard County",19089,234,21,255,0.9176470588
Male,Iowa,19,"Humboldt County",19091,216,28,244,0.8852459016
Male,Iowa,19,"Ida County",19093,122,24,146,0.8356164384
Male,Iowa,19,"Iowa County",19095,316,40,356,0.8876404494
Male,Iowa,19,"Jackson County",19097,390,72,462,0.8441558442
Male,Iowa,19,"Jasper County",19099,666,121,787,0.8462515883
Male,Iowa,19,"Jefferson County",19101,314,64,378,0.8306878307
Male,Iowa,19,"Johnson County",19103,1298,203,1501,0.8647568288
Male,Iowa,19,"Jones County",19105,435,70,505,0.8613861386
Male,Iowa,19,"Keokuk County",19107,220,38,258,0.8527131783
Male,Iowa,19,"Kossuth County",19109,373,39,412,0.9053398058
Male,Iowa,19,"Lee County",19111,814,139,953,0.8541448059
Male,Iowa,19,"Linn County",19113,3248,535,3783,0.8585778483
Male,Iowa,19,"Louisa County",19115,203,27,230,0.8826086957
Male,Iowa,19,"Lucas County",19117,195,31,226,0.8628318584
Male,Iowa,19,"Lyon County",19119,209,42,251,0.8326693227
Male,Iowa,19,"Madison County",19121,227,46,273,0.8315018315
Male,Iowa,19,"Mahaska County",19123,383,74,457,0.8380743982
Male,Iowa,19,"Marion County",19125,559,101,660,0.846969697
Male,Iowa,19,"Marshall County",19127,799,109,908,0.8799559471
Male,Iowa,19,"Mills County",19129,279,50,329,0.8480243161
Male,Iowa,19,"Mitchell County",19131,231,39,270,0.8555555556
Male,Iowa,19,"Monona County",19133,203,37,240,0.8458333333
Male,Iowa,19,"Monroe County",19135,169,29,198,0.8535353535
Male,Iowa,19,"Montgomery County",19137,282,43,325,0.8676923077
Male,Iowa,19,"Muscatine County",19139,699,123,822,0.8503649635
Male,Iowa,19,O,19141,322,37,359,0.8969359331
Male,Iowa,19,"Osceola County",19143,121,16,137,0.8832116788
Male,Iowa,19,"Page County",19145,414,74,488,0.8483606557
Male,Iowa,19,"Palo Alto County",19147,244,28,272,0.8970588235
Male,Iowa,19,"Plymouth County",19149,448,65,513,0.873294347
Male,Iowa,19,"Pocahontas County",19151,175,27,202,0.8663366337
Male,Iowa,19,"Polk County",19153,5057,931,5988,0.8445223781
Male,Iowa,19,"Pottawattamie County",19155,1423,272,1695,0.8395280236
Male,Iowa,19,"Poweshiek County",19157,407,45,452,0.9004424779
Male,Iowa,19,"Ringgold County",19159,119,17,136,0.875
Male,Iowa,19,"Sac County",19161,227,51,278,0.8165467626
Male,Iowa,19,"Scott County",19163,2302,398,2700,0.8525925926
Male,Iowa,19,"Shelby County",19165,308,51,359,0.8579387187
Male,Iowa,19,"Sioux County",19167,580,73,653,0.8882082695
Male,Iowa,19,"Story County",19169,1156,164,1320,0.8757575758
Male,Iowa,19,"Tama County",19171,335,53,388,0.8634020619
Male,Iowa,19,"Taylor County",19173,147,31,178,0.8258426966
Male,Iowa,19,"Union County",19175,242,45,287,0.8432055749
Male,Iowa,19,"Van Buren County",19177,162,30,192,0.84375
Male,Iowa,19,"Wapello County",19179,638,170,808,0.7896039604
Male,Iowa,19,"Warren County",19181,720,118,838,0.8591885442
Male,Iowa,19,"Washington County",19183,417,87,504,0.8273809524
Male,Iowa,19,"Wayne County",19185,131,28,159,0.8238993711
Male,Iowa,19,"Webster County",19187,714,129,843,0.846975089
Male,Iowa,19,"Winnebago County",19189,250,35,285,0.8771929825
Male,Iowa,19,"Winneshiek County",19191,426,75,501,0.8502994012
Male,Iowa,19,"Woodbury County",19193,1361,275,1636,0.8319070905
Male,Iowa,19,"Worth County",19195,186,34,220,0.8454545455
Male,Iowa,19,"Wright County",19197,302,43,345,0.8753623188
Male,Iowa,19,,19999,.,.,.,0.75
Male,Kansas,20,"Allen County",20001,246,50,296,0.8310810811
Male,Kansas,20,"Anderson County",20003,159,30,189,0.8412698413
Male,Kansas,20,"Atchison County",20005,268,60,328,0.8170731707
Male,Kansas,20,"Barber County",20007,96,30,126,0.7619047619
Male,Kansas,20,"Barton County",20009,430,118,548,0.7846715328
Male,Kansas,20,"Bourbon County",20011,219,44,263,0.8326996198
Male,Kansas,20,"Brown County",20013,182,36,218,0.8348623853
Male,Kansas,20,"Butler County",20015,839,166,1005,0.8348258706
Male,Kansas,20,"Chase County",20017,.,.,.,0.8548387097
Male,Kansas,20,"Chautauqua County",20019,80,20,100,0.8
Male,Kansas,20,"Cherokee County",20021,353,99,452,0.7809734513
Male,Kansas,20,"Cheyenne County",20023,62,21,83,0.7469879518
Male,Kansas,20,"Clark County",20025,39,13,52,0.75
Male,Kansas,20,"Clay County",20027,149,24,173,0.8612716763
Male,Kansas,20,"Cloud County",20029,190,45,235,0.8085106383
Male,Kansas,20,"Coffey County",20031,165,49,214,0.7710280374
Male,Kansas,20,"Comanche County",20033,.,.,.,0.8333333333
Male,Kansas,20,"Cowley County",20035,531,139,670,0.7925373134
Male,Kansas,20,"Crawford County",20037,623,147,770,0.8090909091
Male,Kansas,20,"Decatur County",20039,67,16,83,0.8072289157
Male,Kansas,20,"Dickinson County",20041,322,56,378,0.8518518519
Male,Kansas,20,"Doniphan County",20043,151,32,183,0.825136612
Male,Kansas,20,"Douglas County",20045,1088,220,1308,0.8318042813
Male,Kansas,20,"Edwards County",20047,58,23,81,0.7160493827
Male,Kansas,20,"Elk County",20049,59,13,72,0.8194444444
Male,Kansas,20,"Ellis County",20051,443,70,513,0.8635477583
Male,Kansas,20,"Ellsworth County",20053,111,33,144,0.7708333333
Male,Kansas,20,"Finney County",20055,284,81,365,0.7780821918
Male,Kansas,20,"Ford County",20057,326,53,379,0.8601583113
Male,Kansas,20,"Franklin County",20059,353,81,434,0.8133640553
Male,Kansas,20,"Geary County",20061,129,36,165,0.7818181818
Male,Kansas,20,"Gove County",20063,52,21,73,0.7123287671
Male,Kansas,20,"Graham County",20065,51,15,66,0.7727272727
Male,Kansas,20,"Grant County",20067,88,20,108,0.8148148148
Male,Kansas,20,"Gray County",20069,86,22,108,0.7962962963
Male,Kansas,20,"Greeley County",20071,.,.,.,0.9393939394
Male,Kansas,20,"Greenwood County",20073,134,38,172,0.7790697674
Male,Kansas,20,"Hamilton County",20075,.,.,.,0.7777777778
Male,Kansas,20,"Harper County",20077,115,33,148,0.777027027
Male,Kansas,20,"Harvey County",20079,573,119,692,0.8280346821
Male,Kansas,20,"Haskell County",20081,.,.,.,0.8448275862
Male,Kansas,20,"Hodgeman County",20083,.,.,.,0.82
Male,Kansas,20,"Jackson County",20085,202,52,254,0.7952755906
Male,Kansas,20,"Jefferson County",20087,318,63,381,0.8346456693
Male,Kansas,20,"Jewell County",20089,79,16,95,0.8315789474
Male,Kansas,20,"Johnson County",20091,5255,1035,6290,0.8354531002
Male,Kansas,20,"Kearny County",20093,.,.,.,0.8596491228
Male,Kansas,20,"Kingman County",20095,162,28,190,0.8526315789
Male,Kansas,20,"Kiowa County",20097,39,12,51,0.7647058824
Male,Kansas,20,"Labette County",20099,302,68,370,0.8162162162
Male,Kansas,20,"Lane County",20101,.,.,.,0.7857142857
Male,Kansas,20,"Leavenworth County",20103,690,149,839,0.8224076281
Male,Kansas,20,"Lincoln County",20105,96,14,110,0.8727272727
Male,Kansas,20,"Linn County",20107,179,45,224,0.7991071429
Male,Kansas,20,"Logan County",20109,58,18,76,0.7631578947
Male,Kansas,20,"Lyon County",20111,507,110,617,0.8217179903
Male,Kansas,20,"McPherson County",20113,496,109,605,0.8198347107
Male,Kansas,20,"Marion County",20115,247,54,301,0.8205980066
Male,Kansas,20,"Marshall County",20117,216,47,263,0.8212927757
Male,Kansas,20,"Meade County",20119,46,11,57,0.8070175439
Male,Kansas,20,"Miami County",20121,484,102,586,0.8259385666
Male,Kansas,20,"Mitchell County",20123,181,36,217,0.8341013825
Male,Kansas,20,"Montgomery County",20125,585,139,724,0.8080110497
Male,Kansas,20,"Morris County",20127,122,21,143,0.8531468531
Male,Kansas,20,"Morton County",20129,58,13,71,0.8169014085
Male,Kansas,20,"Nemaha County",20131,188,33,221,0.850678733
Male,Kansas,20,"Neosho County",20133,286,64,350,0.8171428571
Male,Kansas,20,"Ness County",20135,69,21,90,0.7666666667
Male,Kansas,20,"Norton County",20137,90,25,115,0.7826086957
Male,Kansas,20,"Osage County",20139,300,52,352,0.8522727273
Male,Kansas,20,"Osborne County",20141,85,26,111,0.7657657658
Male,Kansas,20,"Ottawa County",20143,115,23,138,0.8333333333
Male,Kansas,20,"Pawnee County",20145,114,24,138,0.8260869565
Male,Kansas,20,"Phillips County",20147,136,35,171,0.7953216374
Male,Kansas,20,"Pottawatomie County",20149,306,70,376,0.8138297872
Male,Kansas,20,"Pratt County",20151,162,38,200,0.81
Male,Kansas,20,"Rawlins County",20153,60,16,76,0.7894736842
Male,Kansas,20,"Reno County",20155,1011,220,1231,0.8212835093
Male,Kansas,20,"Republic County",20157,159,15,174,0.9137931034
Male,Kansas,20,"Rice County",20159,146,45,191,0.7643979058
Male,Kansas,20,"Riley County",20161,477,86,563,0.8472468917
Male,Kansas,20,"Rooks County",20163,125,20,145,0.8620689655
Male,Kansas,20,"Rush County",20165,86,19,105,0.819047619
Male,Kansas,20,"Russell County",20167,171,33,204,0.8382352941
Male,Kansas,20,"Saline County",20169,884,182,1066,0.8292682927
Male,Kansas,20,"Scott County",20171,84,20,104,0.8076923077
Male,Kansas,20,"Sedgwick County",20173,5257,1297,6554,0.8021055844
Male,Kansas,20,"Seward County",20175,147,53,200,0.735
Male,Kansas,20,"Shawnee County",20177,2706,567,3273,0.8267644363
Male,Kansas,20,"Sheridan County",20179,50,15,65,0.7692307692
Male,Kansas,20,"Sherman County",20181,83,37,120,0.6916666667
Male,Kansas,20,"Smith County",20183,112,20,132,0.8484848485
Male,Kansas,20,"Stafford County",20185,77,20,97,0.793814433
Male,Kansas,20,"Stanton County",20187,.,.,.,0.8518518519
Male,Kansas,20,"Stevens County",20189,79,15,94,0.8404255319
Male,Kansas,20,"Sumner County",20191,344,85,429,0.8018648019
Male,Kansas,20,"Thomas County",20193,136,21,157,0.8662420382
Male,Kansas,20,"Trego County",20195,.,.,.,0.8666666667
Male,Kansas,20,"Wabaunsee County",20197,129,22,151,0.8543046358
Male,Kansas,20,"Wallace County",20199,.,.,.,0.8837209302
Male,Kansas,20,"Washington County",20201,124,22,146,0.8493150685
Male,Kansas,20,"Wichita County",20203,.,.,.,0.7959183673
Male,Kansas,20,"Wilson County",20205,169,49,218,0.7752293578
Male,Kansas,20,"Woodson County",20207,78,12,90,0.8666666667
Male,Kansas,20,"Wyandotte County",20209,1235,378,1613,0.7656540608
Male,Kansas,20,,20999,.,.,.,0.6666666667
Male,Kentucky,21,"Adair County",21001,396,88,484,0.8181818182
Male,Kentucky,21,"Allen County",21003,392,122,514,0.7626459144
Male,Kentucky,21,"Anderson County",21005,272,73,345,0.7884057971
Male,Kentucky,21,"Ballard County",21007,176,48,224,0.7857142857
Male,Kentucky,21,"Barren County",21009,825,214,1039,0.7940327238
Male,Kentucky,21,"Bath County",21011,206,55,261,0.7892720307
Male,Kentucky,21,"Bell County",21013,602,202,804,0.7487562189
Male,Kentucky,21,"Boone County",21015,1112,245,1357,0.8194546794
Male,Kentucky,21,"Bourbon County",21017,306,71,377,0.8116710875
Male,Kentucky,21,"Boyd County",21019,914,259,1173,0.779198636
Male,Kentucky,21,"Boyle County",21021,453,112,565,0.8017699115
Male,Kentucky,21,"Bracken County",21023,146,23,169,0.8639053254
Male,Kentucky,21,"Breathitt County",21025,307,73,380,0.8078947368
Male,Kentucky,21,"Breckinridge County",21027,382,89,471,0.8110403397
Male,Kentucky,21,"Bullitt County",21029,1143,221,1364,0.8379765396
Male,Kentucky,21,"Butler County",21031,232,80,312,0.7435897436
Male,Kentucky,21,"Caldwell County",21033,227,46,273,0.8315018315
Male,Kentucky,21,"Calloway County",21035,623,160,783,0.7956577267
Male,Kentucky,21,"Campbell County",21037,934,216,1150,0.812173913
Male,Kentucky,21,"Carlisle County",21039,108,25,133,0.8120300752
Male,Kentucky,21,"Carroll County",21041,155,57,212,0.7311320755
Male,Kentucky,21,"Carter County",21043,576,171,747,0.7710843373
Male,Kentucky,21,"Casey County",21045,328,65,393,0.834605598
Male,Kentucky,21,"Christian County",21047,670,232,902,0.7427937916
Male,Kentucky,21,"Clark County",21049,467,114,581,0.8037865749
Male,Kentucky,21,"Clay County",21051,491,137,628,0.7818471338
Male,Kentucky,21,"Clinton County",21053,206,79,285,0.7228070175
Male,Kentucky,21,"Crittenden County",21055,189,29,218,0.8669724771
Male,Kentucky,21,"Cumberland County",21057,148,55,203,0.7290640394
Male,Kentucky,21,"Daviess County",21059,1611,424,2035,0.7916461916
Male,Kentucky,21,"Edmonson County",21061,279,67,346,0.8063583815
Male,Kentucky,21,"Elliott County",21063,125,34,159,0.786163522
Male,Kentucky,21,"Estill County",21065,279,91,370,0.7540540541
Male,Kentucky,21,"Fayette County",21067,2426,712,3138,0.7731038878
Male,Kentucky,21,"Fleming County",21069,267,67,334,0.7994011976
Male,Kentucky,21,"Floyd County",21071,939,276,1215,0.7728395062
Male,Kentucky,21,"Franklin County",21073,926,215,1141,0.8115687993
Male,Kentucky,21,"Fulton County",21075,136,41,177,0.7683615819
Male,Kentucky,21,"Gallatin County",21077,109,35,144,0.7569444444
Male,Kentucky,21,"Garrard County",21079,301,63,364,0.8269230769
Male,Kentucky,21,"Grant County",21081,308,91,399,0.7719298246
Male,Kentucky,21,"Graves County",21083,697,167,864,0.806712963
Male,Kentucky,21,"Grayson County",21085,476,137,613,0.7765089723
Male,Kentucky,21,"Green County",21087,279,46,325,0.8584615385
Male,Kentucky,21,"Greenup County",21089,790,215,1005,0.7860696517
Male,Kentucky,21,"Hancock County",21091,169,31,200,0.845
Male,Kentucky,21,"Hardin County",21093,1068,276,1344,0.7946428571
Male,Kentucky,21,"Harlan County",21095,650,202,852,0.7629107981
Male,Kentucky,21,"Harrison County",21097,307,82,389,0.7892030848
Male,Kentucky,21,"Hart County",21099,394,105,499,0.7895791583
Male,Kentucky,21,"Henderson County",21101,709,178,887,0.7993235626
Male,Kentucky,21,"Henry County",21103,230,55,285,0.8070175439
Male,Kentucky,21,"Hickman County",21105,131,26,157,0.8343949045
Male,Kentucky,21,"Hopkins County",21107,765,170,935,0.8181818182
Male,Kentucky,21,"Jackson County",21109,264,93,357,0.7394957983
Male,Kentucky,21,"Jefferson County",21111,9048,2484,11532,0.7845993757
Male,Kentucky,21,"Jessamine County",21113,563,118,681,0.8267254038
Male,Kentucky,21,"Johnson County",21115,496,178,674,0.7359050445
Male,Kentucky,21,"Kenton County",21117,1674,397,2071,0.8083051666
Male,Kentucky,21,"Knott County",21119,389,119,508,0.7657480315
Male,Kentucky,21,"Knox County",21121,666,230,896,0.7433035714
Male,Kentucky,21,"Larue County",21123,274,67,341,0.8035190616
Male,Kentucky,21,"Laurel County",21125,1176,390,1566,0.7509578544
Male,Kentucky,21,"Lawrence County",21127,345,110,455,0.7582417582
Male,Kentucky,21,"Lee County",21129,145,54,199,0.7286432161
Male,Kentucky,21,"Leslie County",21131,319,98,417,0.7649880096
Male,Kentucky,21,"Letcher County",21133,533,165,698,0.7636103152
Male,Kentucky,21,"Lewis County",21135,266,86,352,0.7556818182
Male,Kentucky,21,"Lincoln County",21137,444,122,566,0.7844522968
Male,Kentucky,21,"Livingston County",21139,237,37,274,0.8649635036
Male,Kentucky,21,"Logan County",21141,538,145,683,0.7877013177
Male,Kentucky,21,"Lyon County",21143,173,40,213,0.8122065728
Male,Kentucky,21,"McCracken County",21145,1108,298,1406,0.7880512091
Male,Kentucky,21,"McCreary County",21147,329,91,420,0.7833333333
Male,Kentucky,21,"McLean County",21149,171,32,203,0.842364532
Male,Kentucky,21,"Madison County",21151,1036,313,1349,0.7679762787
Male,Kentucky,21,"Magoffin County",21153,327,84,411,0.795620438
Male,Kentucky,21,"Marion County",21155,335,78,413,0.8111380145
Male,Kentucky,21,"Marshall County",21157,676,162,838,0.8066825776
Male,Kentucky,21,"Martin County",21159,262,64,326,0.8036809816
Male,Kentucky,21,"Mason County",21161,309,57,366,0.8442622951
Male,Kentucky,21,"Meade County",21163,346,112,458,0.7554585153
Male,Kentucky,21,"Menifee County",21165,120,43,163,0.736196319
Male,Kentucky,21,"Mercer County",21167,320,91,411,0.7785888078
Male,Kentucky,21,"Metcalfe County",21169,216,43,259,0.833976834
Male,Kentucky,21,"Monroe County",21171,227,56,283,0.8021201413
Male,Kentucky,21,"Montgomery County",21173,381,102,483,0.7888198758
Male,Kentucky,21,"Morgan County",21175,248,71,319,0.7774294671
Male,Kentucky,21,"Muhlenberg County",21177,608,200,808,0.7524752475
Male,Kentucky,21,"Nelson County",21179,819,186,1005,0.8149253731
Male,Kentucky,21,"Nicholas County",21181,181,30,211,0.8578199052
Male,Kentucky,21,"Ohio County",21183,399,121,520,0.7673076923
Male,Kentucky,21,"Oldham County",21185,656,126,782,0.8388746803
Male,Kentucky,21,"Owen County",21187,178,55,233,0.7639484979
Male,Kentucky,21,"Owsley County",21189,72,29,101,0.7128712871
Male,Kentucky,21,"Pendleton County",21191,221,46,267,0.8277153558
Male,Kentucky,21,"Perry County",21193,674,219,893,0.7547592385
Male,Kentucky,21,"Pike County",21195,1295,456,1751,0.7395773844
Male,Kentucky,21,"Powell County",21197,216,70,286,0.7552447552
Male,Kentucky,21,"Pulaski County",21199,1212,279,1491,0.8128772636
Male,Kentucky,21,"Robertson County",21201,.,.,.,0.8695652174
Male,Kentucky,21,"Rockcastle County",21203,336,105,441,0.7619047619
Male,Kentucky,21,"Rowan County",21205,347,124,471,0.7367303609
Male,Kentucky,21,"Russell County",21207,336,117,453,0.7417218543
Male,Kentucky,21,"Scott County",21209,477,135,612,0.7794117647
Male,Kentucky,21,"Shelby County",21211,622,161,783,0.7943805875
Male,Kentucky,21,"Simpson County",21213,293,88,381,0.7690288714
Male,Kentucky,21,"Spencer County",21215,212,57,269,0.7881040892
Male,Kentucky,21,"Taylor County",21217,522,129,651,0.801843318
Male,Kentucky,21,"Todd County",21219,194,61,255,0.7607843137
Male,Kentucky,21,"Trigg County",21221,305,63,368,0.8288043478
Male,Kentucky,21,"Trimble County",21223,128,44,172,0.7441860465
Male,Kentucky,21,"Union County",21225,272,79,351,0.7749287749
Male,Kentucky,21,"Warren County",21227,1488,385,1873,0.7944474106
Male,Kentucky,21,"Washington County",21229,215,45,260,0.8269230769
Male,Kentucky,21,"Wayne County",21231,422,103,525,0.8038095238
Male,Kentucky,21,"Webster County",21233,203,71,274,0.7408759124
Male,Kentucky,21,"Whitley County",21235,715,263,978,0.7310838446
Male,Kentucky,21,"Wolfe County",21237,157,45,202,0.7772277228
Male,Kentucky,21,"Woodford County",21239,354,71,425,0.8329411765
Male,Kentucky,21,,21999,55,13,68,0.8088235294
Male,Louisiana,22,"Acadia Parish",22001,999,291,1290,0.7744186047
Male,Louisiana,22,"Allen Parish",22003,310,113,423,0.7328605201
Male,Louisiana,22,"Ascension Parish",22005,733,204,937,0.7822838847
Male,Louisiana,22,"Assumption Parish",22007,385,104,489,0.7873210634
Male,Louisiana,22,"Avoyelles Parish",22009,654,187,841,0.7776456599
Male,Louisiana,22,"Beauregard Parish",22011,439,152,591,0.7428087986
Male,Louisiana,22,"Bienville Parish",22013,203,79,282,0.719858156
Male,Louisiana,22,"Bossier Parish",22015,917,299,1216,0.7541118421
Male,Louisiana,22,"Caddo Parish",22017,2425,901,3326,0.7291040289
Male,Louisiana,22,"Calcasieu Parish",22019,2181,764,2945,0.7405772496
Male,Louisiana,22,"Caldwell Parish",22021,174,56,230,0.7565217391
Male,Louisiana,22,"Cameron Parish",22023,93,28,121,0.7685950413
Male,Louisiana,22,"Catahoula Parish",22025,176,55,231,0.7619047619
Male,Louisiana,22,"Claiborne Parish",22027,233,86,319,0.7304075235
Male,Louisiana,22,"Concordia Parish",22029,277,114,391,0.7084398977
Male,Louisiana,22,"De Soto Parish",22031,360,161,521,0.6909788868
Male,Louisiana,22,"East Baton Rouge Parish",22033,3412,1140,4552,0.7495606327
Male,Louisiana,22,"East Carroll Parish",22035,104,35,139,0.7482014388
Male,Louisiana,22,"East Feliciana Parish",22037,274,101,375,0.7306666667
Male,Louisiana,22,"Evangeline Parish",22039,617,202,819,0.7533577534
Male,Louisiana,22,"Franklin Parish",22041,308,108,416,0.7403846154
Male,Louisiana,22,"Grant Parish",22043,257,106,363,0.7079889807
Male,Louisiana,22,"Iberia Parish",22045,994,335,1329,0.747930775
Male,Louisiana,22,"Iberville Parish",22047,299,123,422,0.7085308057
Male,Louisiana,22,"Jackson Parish",22049,233,90,323,0.7213622291
Male,Louisiana,22,"Jefferson Parish",22051,2795,844,3639,0.7680681506
Male,Louisiana,22,"Jefferson Davis Parish",22053,496,173,669,0.7414050822
Male,Louisiana,22,"Lafayette Parish",22055,2534,677,3211,0.7891622547
Male,Louisiana,22,"Lafourche Parish",22057,1827,393,2220,0.822972973
Male,Louisiana,22,"La Salle Parish",22059,240,76,316,0.7594936709
Male,Louisiana,22,"Lincoln Parish",22061,489,146,635,0.7700787402
Male,Louisiana,22,"Livingston Parish",22063,1051,260,1311,0.8016781083
Male,Louisiana,22,"Madison Parish",22065,113,42,155,0.7290322581
Male,Louisiana,22,"Morehouse Parish",22067,359,105,464,0.7737068966
Male,Louisiana,22,"Natchitoches Parish",22069,517,183,700,0.7385714286
Male,Louisiana,22,"Orleans Parish",22071,2021,836,2857,0.7073853693
Male,Louisiana,22,"Ouachita Parish",22073,1690,596,2286,0.7392825897
Male,Louisiana,22,"Plaquemines Parish",22075,143,52,195,0.7333333333
Male,Louisiana,22,"Pointe Coupee Parish",22077,272,78,350,0.7771428571
Male,Louisiana,22,"Rapides Parish",22079,1651,557,2208,0.7477355072
Male,Louisiana,22,"Red River Parish",22081,127,68,195,0.6512820513
Male,Louisiana,22,"Richland Parish",22083,336,121,457,0.7352297593
Male,Louisiana,22,"Sabine Parish",22085,480,147,627,0.7655502392
Male,Louisiana,22,"St. Bernard Parish",22087,266,88,354,0.7514124294
Male,Louisiana,22,"St. Charles Parish",22089,354,118,472,0.75
Male,Louisiana,22,"St. Helena Parish",22091,177,82,259,0.6833976834
Male,Louisiana,22,"St. James Parish",22093,293,78,371,0.7897574124
Male,Louisiana,22,"St. John the Baptist Parish",22095,359,115,474,0.7573839662
Male,Louisiana,22,"St. Landry Parish",22097,1433,473,1906,0.7518363064
Male,Louisiana,22,"St. Martin Parish",22099,741,214,955,0.7759162304
Male,Louisiana,22,"St. Mary Parish",22101,800,279,1079,0.7414272475
Male,Louisiana,22,"St. Tammany Parish",22103,2181,593,2774,0.7862292718
Male,Louisiana,22,"Tangipahoa Parish",22105,1422,432,1854,0.7669902913
Male,Louisiana,22,"Tensas Parish",22107,68,40,108,0.6296296296
Male,Louisiana,22,"Terrebonne Parish",22109,1929,461,2390,0.8071129707
Male,Louisiana,22,"Union Parish",22111,394,142,536,0.7350746269
Male,Louisiana,22,"Vermilion Parish",22113,870,221,1091,0.7974335472
Male,Louisiana,22,"Vernon Parish",22115,390,148,538,0.7249070632
Male,Louisiana,22,"Washington Parish",22117,769,275,1044,0.7365900383
Male,Louisiana,22,"Webster Parish",22119,617,193,810,0.7617283951
Male,Louisiana,22,"West Baton Rouge Parish",22121,220,54,274,0.802919708
Male,Louisiana,22,"West Carroll Parish",22123,217,63,280,0.775
Male,Louisiana,22,"West Feliciana Parish",22125,143,41,184,0.777173913
Male,Louisiana,22,"Winn Parish",22127,259,84,343,0.7551020408
Male,Louisiana,22,,22999,.,.,.,0.8125
Male,Maine,23,"Androscoggin County",23001,1322,249,1571,0.8415022279
Male,Maine,23,"Aroostook County",23003,1829,318,2147,0.8518863531
Male,Maine,23,"Cumberland County",23005,3317,571,3888,0.8531378601
Male,Maine,23,"Franklin County",23007,459,94,553,0.8300180832
Male,Maine,23,"Hancock County",23009,993,179,1172,0.8472696246
Male,Maine,23,"Kennebec County",23011,1596,307,1903,0.8386757751
Male,Maine,23,"Knox County",23013,681,145,826,0.8244552058
Male,Maine,23,"Lincoln County",23015,571,103,674,0.8471810089
Male,Maine,23,"Oxford County",23017,988,159,1147,0.8613775065
Male,Maine,23,"Penobscot County",23019,2520,521,3041,0.828674778
Male,Maine,23,"Piscataquis County",23021,377,77,454,0.8303964758
Male,Maine,23,"Sagadahoc County",23023,489,88,577,0.8474870017
Male,Maine,23,"Somerset County",23025,1038,201,1239,0.8377723971
Male,Maine,23,"Waldo County",23027,642,118,760,0.8447368421
Male,Maine,23,"Washington County",23029,782,129,911,0.8583973655
Male,Maine,23,"York County",23031,3141,579,3720,0.8443548387
Male,Maine,23,,23999,.,.,.,0.8125
Male,Maryland,24,"Allegany County",24001,1516,368,1884,0.804670913
Male,Maryland,24,"Anne Arundel County",24003,5731,1154,6885,0.832389252
Male,Maryland,24,"Baltimore County",24005,10866,2343,13209,0.8226209403
Male,Maryland,24,"Calvert County",24009,933,186,1119,0.8337801609
Male,Maryland,24,"Caroline County",24011,581,131,712,0.816011236
Male,Maryland,24,"Carroll County",24013,2630,446,3076,0.855006502
Male,Maryland,24,"Cecil County",24015,1534,339,1873,0.8190069407
Male,Maryland,24,"Charles County",24017,1071,289,1360,0.7875
Male,Maryland,24,"Dorchester County",24019,746,168,914,0.8161925602
Male,Maryland,24,"Frederick County",24021,2846,523,3369,0.8447610567
Male,Maryland,24,"Garrett County",24023,754,132,886,0.8510158014
Male,Maryland,24,"Harford County",24025,3199,652,3851,0.8306933264
Male,Maryland,24,"Howard County",24027,2480,494,2974,0.8338937458
Male,Maryland,24,"Kent County",24029,511,95,606,0.8432343234
Male,Maryland,24,"Montgomery County",24031,7714,1726,9440,0.8171610169
Male,Maryland,24,"Prince George",24033,4493,1530,6023,0.7459737672
Male,Maryland,24,"Queen Anne",24035,925,139,1064,0.8693609023
Male,Maryland,24,"St. Mary",24037,844,189,1033,0.8170377541
Male,Maryland,24,"Somerset County",24039,445,130,575,0.7739130435
Male,Maryland,24,"Talbot County",24041,972,190,1162,0.8364888124
Male,Maryland,24,"Washington County",24043,2233,488,2721,0.8206541713
Male,Maryland,24,"Wicomico County",24045,1567,363,1930,0.8119170984
Male,Maryland,24,"Worcester County",24047,1227,242,1469,0.835262083
Male,Maryland,24,"Baltimore city",24510,5423,2059,7482,0.7248062016
Male,Maryland,24,,24999,32,11,43,0.7441860465
Male,Massachusetts,25,"Barnstable County",25001,5941,1054,6995,0.8493209435
Male,Massachusetts,25,"Berkshire County",25003,2963,577,3540,0.8370056497
Male,Massachusetts,25,"Bristol County",25005,10146,1889,12035,0.84304113
Male,Massachusetts,25,"Dukes County",25007,356,79,435,0.8183908046
Male,Massachusetts,25,"Essex County",25009,11606,2119,13725,0.8456102004
Male,Massachusetts,25,"Franklin County",25011,1147,217,1364,0.8409090909
Male,Massachusetts,25,"Hampden County",25013,6852,1396,8248,0.8307468477
Male,Massachusetts,25,"Hampshire County",25015,2084,359,2443,0.8530495293
Male,Massachusetts,25,"Middlesex County",25017,18105,3345,21450,0.8440559441
Male,Massachusetts,25,"Nantucket County",25019,193,36,229,0.8427947598
Male,Massachusetts,25,"Norfolk County",25021,9157,1645,10802,0.8477133864
Male,Massachusetts,25,"Plymouth County",25023,8948,1675,10623,0.8423232608
Male,Massachusetts,25,"Suffolk County",25025,7150,1762,8912,0.8022890485
Male,Massachusetts,25,"Worcester County",25027,10546,2044,12590,0.8376489277
Male,Massachusetts,25,,25999,.,.,.,0.75
Male,Michigan,26,"Alcona County",26001,365,76,441,0.8276643991
Male,Michigan,26,"Alger County",26003,171,42,213,0.8028169014
Male,Michigan,26,"Allegan County",26005,1139,248,1387,0.8211968277
Male,Michigan,26,"Alpena County",26007,662,112,774,0.8552971576
Male,Michigan,26,"Antrim County",26009,499,105,604,0.8261589404
Male,Michigan,26,"Arenac County",26011,412,69,481,0.8565488565
Male,Michigan,26,"Baraga County",26013,147,24,171,0.8596491228
Male,Michigan,26,"Barry County",26015,762,161,923,0.8255687974
Male,Michigan,26,"Bay County",26017,2067,429,2496,0.828125
Male,Michigan,26,"Benzie County",26019,321,69,390,0.8230769231
Male,Michigan,26,"Berrien County",26021,2236,563,2799,0.7988567345
Male,Michigan,26,"Branch County",26023,761,146,907,0.8390297685
Male,Michigan,26,"Calhoun County",26025,1890,422,2312,0.8174740484
Male,Michigan,26,"Cass County",26027,832,193,1025,0.8117073171
Male,Michigan,26,"Charlevoix County",26029,460,99,559,0.8228980322
Male,Michigan,26,"Cheboygan County",26031,596,127,723,0.8243430152
Male,Michigan,26,"Chippewa County",26033,547,108,655,0.8351145038
Male,Michigan,26,"Clare County",26035,718,170,888,0.8085585586
Male,Michigan,26,"Clinton County",26037,977,200,1177,0.8300764656
Male,Michigan,26,"Crawford County",26039,298,64,362,0.8232044199
Male,Michigan,26,"Delta County",26041,732,131,863,0.8482039397
Male,Michigan,26,"Dickinson County",26043,441,67,508,0.8681102362
Male,Michigan,26,"Eaton County",26045,1506,301,1807,0.8334255672
Male,Michigan,26,"Emmet County",26047,512,121,633,0.8088467615
Male,Michigan,26,"Genesee County",26049,6110,1593,7703,0.7931974555
Male,Michigan,26,"Gladwin County",26051,706,142,848,0.8325471698
Male,Michigan,26,"Gogebic County",26053,330,58,388,0.8505154639
Male,Michigan,26,"Grand Traverse County",26055,1169,199,1368,0.8545321637
Male,Michigan,26,"Gratiot County",26057,697,124,821,0.8489646772
Male,Michigan,26,"Hillsdale County",26059,804,180,984,0.8170731707
Male,Michigan,26,"Houghton County",26061,478,100,578,0.8269896194
Male,Michigan,26,"Huron County",26063,898,197,1095,0.8200913242
Male,Michigan,26,"Ingham County",26065,2717,669,3386,0.8024217366
Male,Michigan,26,"Ionia County",26067,790,149,939,0.8413205538
Male,Michigan,26,"Iosco County",26069,663,138,801,0.8277153558
Male,Michigan,26,"Iron County",26071,268,57,325,0.8246153846
Male,Michigan,26,"Isabella County",26073,741,174,915,0.8098360656
Male,Michigan,26,"Jackson County",26075,2661,541,3202,0.8310430981
Male,Michigan,26,"Kalamazoo County",26077,2707,613,3320,0.8153614458
Male,Michigan,26,"Kalkaska County",26079,365,73,438,0.8333333333
Male,Michigan,26,"Kent County",26081,4797,1068,5865,0.8179028133
Male,Michigan,26,"Keweenaw County",26083,.,.,.,0.8360655738
Male,Michigan,26,"Lake County",26085,300,66,366,0.8196721311
Male,Michigan,26,"Lapeer County",26087,1506,317,1823,0.8261108064
Male,Michigan,26,"Leelanau County",26089,411,75,486,0.8456790123
Male,Michigan,26,"Lenawee County",26091,1598,318,1916,0.8340292276
Male,Michigan,26,"Livingston County",26093,2285,404,2689,0.8497582745
Male,Michigan,26,"Luce County",26095,135,27,162,0.8333333333
Male,Michigan,26,"Mackinac County",26097,272,51,323,0.8421052632
Male,Michigan,26,"Macomb County",26099,12592,2680,15272,0.8245154531
Male,Michigan,26,"Manistee County",26101,476,104,580,0.8206896552
Male,Michigan,26,"Marquette County",26103,826,162,988,0.8360323887
Male,Michigan,26,"Mason County",26105,625,116,741,0.8434547908
Male,Michigan,26,"Mecosta County",26107,650,147,797,0.8155583438
Male,Michigan,26,"Menominee County",26109,468,64,532,0.8796992481
Male,Michigan,26,"Midland County",26111,1566,261,1827,0.8571428571
Male,Michigan,26,"Missaukee County",26113,284,50,334,0.8502994012
Male,Michigan,26,"Monroe County",26115,2536,589,3125,0.81152
Male,Michigan,26,"Montcalm County",26117,887,228,1115,0.7955156951
Male,Michigan,26,"Montmorency County",26119,317,64,381,0.8320209974
Male,Michigan,26,"Muskegon County",26121,2023,505,2528,0.8002373418
Male,Michigan,26,"Newaygo County",26123,700,131,831,0.8423586041
Male,Michigan,26,"Oakland County",26125,14655,3431,18086,0.810295256
Male,Michigan,26,"Oceana County",26127,433,81,514,0.8424124514
Male,Michigan,26,"Ogemaw County",26129,567,141,708,0.8008474576
Male,Michigan,26,"Ontonagon County",26131,186,38,224,0.8303571429
Male,Michigan,26,"Osceola County",26133,447,93,540,0.8277777778
Male,Michigan,26,"Oscoda County",26135,236,56,292,0.8082191781
Male,Michigan,26,"Otsego County",26137,481,90,571,0.8423817863
Male,Michigan,26,"Ottawa County",26139,2012,404,2416,0.832781457
Male,Michigan,26,"Presque Isle County",26141,402,58,460,0.8739130435
Male,Michigan,26,"Roscommon County",26143,825,151,976,0.8452868852
Male,Michigan,26,"Saginaw County",26145,3142,717,3859,0.8142005701
Male,Michigan,26,"St. Clair County",26147,2720,610,3330,0.8168168168
Male,Michigan,26,"St. Joseph County",26149,957,216,1173,0.8158567775
Male,Michigan,26,"Sanilac County",26151,813,208,1021,0.7962781587
Male,Michigan,26,"Schoolcraft County",26153,221,43,264,0.8371212121
Male,Michigan,26,"Shiawassee County",26155,1095,258,1353,0.8093126386
Male,Michigan,26,"Tuscola County",26157,1230,252,1482,0.8299595142
Male,Michigan,26,"Van Buren County",26159,1130,254,1384,0.8164739884
Male,Michigan,26,"Washtenaw County",26161,2584,601,3185,0.8113029827
Male,Michigan,26,"Wayne County",26163,19819,6026,25845,0.7668407816
Male,Michigan,26,"Wexford County",26165,611,99,710,0.8605633803
Male,Michigan,26,,26999,53,14,67,0.7910447761
Male,Minnesota,27,"Aitkin County",27001,236,40,276,0.8550724638
Male,Minnesota,27,"Anoka County",27003,2697,473,3170,0.8507886435
Male,Minnesota,27,"Becker County",27005,496,79,575,0.8626086957
Male,Minnesota,27,"Beltrami County",27007,547,119,666,0.8213213213
Male,Minnesota,27,"Benton County",27009,378,58,436,0.8669724771
Male,Minnesota,27,"Big Stone County",27011,89,11,100,0.89
Male,Minnesota,27,"Blue Earth County",27013,739,131,870,0.8494252874
Male,Minnesota,27,"Brown County",27015,519,69,588,0.8826530612
Male,Minnesota,27,"Carlton County",27017,364,59,423,0.8605200946
Male,Minnesota,27,"Carver County",27019,619,101,720,0.8597222222
Male,Minnesota,27,"Cass County",27021,496,106,602,0.8239202658
Male,Minnesota,27,"Chippewa County",27023,207,34,241,0.8589211618
Male,Minnesota,27,"Chisago County",27025,523,91,614,0.8517915309
Male,Minnesota,27,"Clay County",27027,585,101,686,0.8527696793
Male,Minnesota,27,"Clearwater County",27029,132,25,157,0.8407643312
Male,Minnesota,27,"Cook County",27031,64,15,79,0.8101265823
Male,Minnesota,27,"Cottonwood County",27033,198,41,239,0.8284518828
Male,Minnesota,27,"Crow Wing County",27035,944,153,1097,0.8605287147
Male,Minnesota,27,"Dakota County",27037,3269,562,3831,0.8533020099
Male,Minnesota,27,"Dodge County",27039,200,31,231,0.8658008658
Male,Minnesota,27,"Douglas County",27041,637,94,731,0.8714090287
Male,Minnesota,27,"Faribault County",27043,229,44,273,0.8388278388
Male,Minnesota,27,"Fillmore County",27045,291,47,338,0.8609467456
Male,Minnesota,27,"Freeborn County",27047,433,68,501,0.8642714571
Male,Minnesota,27,"Goodhue County",27049,414,63,477,0.8679245283
Male,Minnesota,27,"Grant County",27051,111,19,130,0.8538461538
Male,Minnesota,27,"Hennepin County",27053,8818,1720,10538,0.8367811729
Male,Minnesota,27,"Houston County",27055,307,36,343,0.8950437318
Male,Minnesota,27,"Hubbard County",27057,435,69,504,0.8630952381
Male,Minnesota,27,"Isanti County",27059,384,78,462,0.8311688312
Male,Minnesota,27,"Itasca County",27061,642,116,758,0.8469656992
Male,Minnesota,27,"Jackson County",27063,227,17,244,0.9303278689
Male,Minnesota,27,"Kanabec County",27065,193,32,225,0.8577777778
Male,Minnesota,27,"Kandiyohi County",27067,562,84,646,0.8699690402
Male,Minnesota,27,"Kittson County",27069,84,21,105,0.8
Male,Minnesota,27,"Koochiching County",27071,216,48,264,0.8181818182
Male,Minnesota,27,"Lac qui Parle County",27073,128,25,153,0.8366013072
Male,Minnesota,27,"Lake County",27075,173,20,193,0.896373057
Male,Minnesota,27,"Lake of the Woods County",27077,77,13,90,0.8555555556
Male,Minnesota,27,"Le Sueur County",27079,232,53,285,0.8140350877
Male,Minnesota,27,"Lincoln County",27081,104,24,128,0.8125
Male,Minnesota,27,"Lyon County",27083,383,58,441,0.8684807256
Male,Minnesota,27,"McLeod County",27085,342,49,391,0.8746803069
Male,Minnesota,27,"Mahnomen County",27087,71,14,85,0.8352941176
Male,Minnesota,27,"Marshall County",27089,172,28,200,0.86
Male,Minnesota,27,"Martin County",27091,413,81,494,0.8360323887
Male,Minnesota,27,"Meeker County",27093,185,41,226,0.8185840708
Male,Minnesota,27,"Mille Lacs County",27095,230,51,281,0.8185053381
Male,Minnesota,27,"Morrison County",27097,409,62,471,0.8683651805
Male,Minnesota,27,"Mower County",27099,547,69,616,0.887987013
Male,Minnesota,27,"Murray County",27101,193,29,222,0.8693693694
Male,Minnesota,27,"Nicollet County",27103,452,60,512,0.8828125
Male,Minnesota,27,"Nobles County",27105,333,51,384,0.8671875
Male,Minnesota,27,"Norman County",27107,122,15,137,0.8905109489
Male,Minnesota,27,"Olmsted County",27109,1399,235,1634,0.8561811506
Male,Minnesota,27,"Otter Tail County",27111,1050,147,1197,0.8771929825
Male,Minnesota,27,"Pennington County",27113,197,36,233,0.8454935622
Male,Minnesota,27,"Pine County",27115,322,56,378,0.8518518519
Male,Minnesota,27,"Pipestone County",27117,148,35,183,0.8087431694
Male,Minnesota,27,"Polk County",27119,483,85,568,0.8503521127
Male,Minnesota,27,"Pope County",27121,217,39,256,0.84765625
Male,Minnesota,27,"Ramsey County",27123,4385,919,5304,0.82673454
Male,Minnesota,27,"Red Lake County",27125,.,.,.,0.8363636364
Male,Minnesota,27,"Redwood County",27127,259,47,306,0.8464052288
Male,Minnesota,27,"Renville County",27129,274,29,303,0.904290429
Male,Minnesota,27,"Rice County",27131,488,87,575,0.8486956522
Male,Minnesota,27,"Rock County",27133,131,25,156,0.8397435897
Male,Minnesota,27,"Roseau County",27135,230,42,272,0.8455882353
Male,Minnesota,27,"St. Louis County",27137,2172,393,2565,0.8467836257
Male,Minnesota,27,"Scott County",27139,930,191,1121,0.8296164139
Male,Minnesota,27,"Sherburne County",27141,687,101,788,0.8718274112
Male,Minnesota,27,"Sibley County",27143,116,30,146,0.7945205479
Male,Minnesota,27,"Stearns County",27145,1406,214,1620,0.8679012346
Male,Minnesota,27,"Steele County",27147,550,65,615,0.8943089431
Male,Minnesota,27,"Stevens County",27149,126,21,147,0.8571428571
Male,Minnesota,27,"Swift County",27151,182,20,202,0.900990099
Male,Minnesota,27,"Todd County",27153,323,62,385,0.838961039
Male,Minnesota,27,"Traverse County",27155,66,12,78,0.8461538462
Male,Minnesota,27,"Wabasha County",27157,324,47,371,0.8733153639
Male,Minnesota,27,"Wadena County",27159,206,33,239,0.8619246862
Male,Minnesota,27,"Waseca County",27161,288,49,337,0.8545994065
Male,Minnesota,27,"Washington County",27163,2378,408,2786,0.8535534817
Male,Minnesota,27,"Watonwan County",27165,165,24,189,0.873015873
Male,Minnesota,27,"Wilkin County",27167,119,19,138,0.8623188406
Male,Minnesota,27,"Winona County",27169,699,110,809,0.8640296663
Male,Minnesota,27,"Wright County",27171,1131,192,1323,0.8548752834
Male,Minnesota,27,"Yellow Medicine County",27173,116,16,132,0.8787878788
Male,Minnesota,27,,27999,.,.,.,0.9032258065
Male,Mississippi,28,"Adams County",28001,415,175,590,0.7033898305
Male,Mississippi,28,"Alcorn County",28003,753,208,961,0.7835587929
Male,Mississippi,28,"Amite County",28005,200,84,284,0.7042253521
Male,Mississippi,28,"Attala County",28007,292,123,415,0.7036144578
Male,Mississippi,28,"Benton County",28009,128,58,186,0.688172043
Male,Mississippi,28,"Bolivar County",28011,494,243,737,0.6702849389
Male,Mississippi,28,"Calhoun County",28013,274,95,369,0.7425474255
Male,Mississippi,28,"Carroll County",28015,226,67,293,0.771331058
Male,Mississippi,28,"Chickasaw County",28017,307,114,421,0.729216152
Male,Mississippi,28,"Choctaw County",28019,174,47,221,0.7873303167
Male,Mississippi,28,"Claiborne County",28021,98,44,142,0.6901408451
Male,Mississippi,28,"Clarke County",28023,274,82,356,0.7696629213
Male,Mississippi,28,"Clay County",28025,351,113,464,0.7564655172
Male,Mississippi,28,"Coahoma County",28027,453,182,635,0.7133858268
Male,Mississippi,28,"Copiah County",28029,313,112,425,0.7364705882
Male,Mississippi,28,"Covington County",28031,265,114,379,0.6992084433
Male,Mississippi,28,"DeSoto County",28033,1932,546,2478,0.7796610169
Male,Mississippi,28,"Forrest County",28035,849,261,1110,0.7648648649
Male,Mississippi,28,"Franklin County",28037,159,47,206,0.7718446602
Male,Mississippi,28,"George County",28039,324,111,435,0.7448275862
Male,Mississippi,28,"Greene County",28041,186,64,250,0.744
Male,Mississippi,28,"Grenada County",28043,388,126,514,0.7548638132
Male,Mississippi,28,"Hancock County",28045,614,155,769,0.7984395319
Male,Mississippi,28,"Harrison County",28047,1758,622,2380,0.7386554622
Male,Mississippi,28,"Hinds County",28049,1859,755,2614,0.7111706197
Male,Mississippi,28,"Holmes County",28051,250,122,372,0.6720430108
Male,Mississippi,28,"Humphreys County",28053,157,69,226,0.6946902655
Male,Mississippi,28,"Issaquena County",28055,.,.,.,0.8461538462
Male,Mississippi,28,"Itawamba County",28057,519,121,640,0.8109375
Male,Mississippi,28,"Jackson County",28059,1653,537,2190,0.7547945205
Male,Mississippi,28,"Jasper County",28061,283,111,394,0.7182741117
Male,Mississippi,28,"Jefferson County",28063,117,45,162,0.7222222222
Male,Mississippi,28,"Jefferson Davis County",28065,181,92,273,0.663003663
Male,Mississippi,28,"Jones County",28067,1041,336,1377,0.7559912854
Male,Mississippi,28,"Kemper County",28069,146,40,186,0.7849462366
Male,Mississippi,28,"Lafayette County",28071,607,208,815,0.7447852761
Male,Mississippi,28,"Lamar County",28073,629,152,781,0.8053777209
Male,Mississippi,28,"Lauderdale County",28075,941,315,1256,0.7492038217
Male,Mississippi,28,"Lawrence County",28077,234,92,326,0.717791411
Male,Mississippi,28,"Leake County",28079,281,91,372,0.7553763441
Male,Mississippi,28,"Lee County",28081,1333,411,1744,0.7643348624
Male,Mississippi,28,"Leflore County",28083,499,212,711,0.7018284107
Male,Mississippi,28,"Lincoln County",28085,550,176,726,0.7575757576
Male,Mississippi,28,"Lowndes County",28087,760,267,1027,0.7400194742
Male,Mississippi,28,"Madison County",28089,1036,336,1372,0.7551020408
Male,Mississippi,28,"Marion County",28091,484,174,658,0.73556231
Male,Mississippi,28,"Marshall County",28093,512,165,677,0.7562776957
Male,Mississippi,28,"Monroe County",28095,690,241,931,0.7411385607
Male,Mississippi,28,"Montgomery County",28097,201,93,294,0.6836734694
Male,Mississippi,28,"Neshoba County",28099,344,148,492,0.6991869919
Male,Mississippi,28,"Newton County",28101,300,95,395,0.7594936709
Male,Mississippi,28,"Noxubee County",28103,183,84,267,0.6853932584
Male,Mississippi,28,"Oktibbeha County",28105,520,182,702,0.7407407407
Male,Mississippi,28,"Panola County",28107,568,229,797,0.712672522
Male,Mississippi,28,"Pearl River County",28109,851,270,1121,0.7591436218
Male,Mississippi,28,"Perry County",28111,232,71,303,0.7656765677
Male,Mississippi,28,"Pike County",28113,555,208,763,0.7273918742
Male,Mississippi,28,"Pontotoc County",28115,566,157,723,0.7828492393
Male,Mississippi,28,"Prentiss County",28117,554,149,703,0.7880512091
Male,Mississippi,28,"Quitman County",28119,133,61,194,0.6855670103
Male,Mississippi,28,"Rankin County",28121,1506,448,1954,0.7707267144
Male,Mississippi,28,"Scott County",28123,288,138,426,0.676056338
Male,Mississippi,28,"Sharkey County",28125,68,25,93,0.7311827957
Male,Mississippi,28,"Simpson County",28127,402,152,554,0.725631769
Male,Mississippi,28,"Smith County",28129,271,74,345,0.7855072464
Male,Mississippi,28,"Stone County",28131,251,84,335,0.7492537313
Male,Mississippi,28,"Sunflower County",28133,372,174,546,0.6813186813
Male,Mississippi,28,"Tallahatchie County",28135,234,94,328,0.7134146341
Male,Mississippi,28,"Tate County",28137,452,170,622,0.7266881029
Male,Mississippi,28,"Tippah County",28139,498,121,619,0.8045234249
Male,Mississippi,28,"Tishomingo County",28141,480,129,609,0.7881773399
Male,Mississippi,28,"Tunica County",28143,117,45,162,0.7222222222
Male,Mississippi,28,"Union County",28145,530,164,694,0.7636887608
Male,Mississippi,28,"Walthall County",28147,270,86,356,0.7584269663
Male,Mississippi,28,"Warren County",28149,394,196,590,0.6677966102
Male,Mississippi,28,"Washington County",28151,638,265,903,0.7065337763
Male,Mississippi,28,"Wayne County",28153,362,100,462,0.7835497835
Male,Mississippi,28,"Webster County",28155,214,65,279,0.7670250896
Male,Mississippi,28,"Wilkinson County",28157,113,46,159,0.7106918239
Male,Mississippi,28,"Winston County",28159,274,111,385,0.7116883117
Male,Mississippi,28,"Yalobusha County",28161,266,110,376,0.7074468085
Male,Mississippi,28,"Yazoo County",28163,340,132,472,0.7203389831
Male,Mississippi,28,,28999,21,14,35,0.6
Male,Missouri,29,"Adair County",29001,416,82,498,0.8353413655
Male,Missouri,29,"Andrew County",29003,313,63,376,0.8324468085
Male,Missouri,29,"Atchison County",29005,159,25,184,0.8641304348
Male,Missouri,29,"Audrain County",29007,442,101,543,0.8139963168
Male,Missouri,29,"Barry County",29009,527,124,651,0.8095238095
Male,Missouri,29,"Barton County",29011,215,30,245,0.8775510204
Male,Missouri,29,"Bates County",29013,266,55,321,0.8286604361
Male,Missouri,29,"Benton County",29015,478,116,594,0.8047138047
Male,Missouri,29,"Bollinger County",29017,216,49,265,0.8150943396
Male,Missouri,29,"Boone County",29019,1662,352,2014,0.8252234359
Male,Missouri,29,"Buchanan County",29021,1470,323,1793,0.8198549916
Male,Missouri,29,"Butler County",29023,697,219,916,0.7609170306
Male,Missouri,29,"Caldwell County",29025,160,39,199,0.8040201005
Male,Missouri,29,"Callaway County",29027,646,145,791,0.816687737
Male,Missouri,29,"Camden County",29029,1004,196,1200,0.8366666667
Male,Missouri,29,"Cape Girardeau County",29031,1194,275,1469,0.8127978216
Male,Missouri,29,"Carroll County",29033,175,25,200,0.875
Male,Missouri,29,"Carter County",29035,125,27,152,0.8223684211
Male,Missouri,29,"Cass County",29037,1064,239,1303,0.8165771297
Male,Missouri,29,"Cedar County",29039,261,50,311,0.8392282958
Male,Missouri,29,"Chariton County",29041,177,31,208,0.8509615385
Male,Missouri,29,"Christian County",29043,881,180,1061,0.8303487276
Male,Missouri,29,"Clark County",29045,145,35,180,0.8055555556
Male,Missouri,29,"Clay County",29047,2594,590,3184,0.8146984925
Male,Missouri,29,"Clinton County",29049,326,69,395,0.8253164557
Male,Missouri,29,"Cole County",29051,1020,223,1243,0.8205953339
Male,Missouri,29,"Cooper County",29053,256,53,309,0.8284789644
Male,Missouri,29,"Crawford County",29055,434,104,538,0.8066914498
Male,Missouri,29,"Dade County",29057,122,30,152,0.8026315789
Male,Missouri,29,"Dallas County",29059,226,58,284,0.7957746479
Male,Missouri,29,"Daviess County",29061,168,31,199,0.8442211055
Male,Missouri,29,"DeKalb County",29063,190,38,228,0.8333333333
Male,Missouri,29,"Dent County",29065,344,87,431,0.7981438515
Male,Missouri,29,"Douglas County",29067,169,31,200,0.845
Male,Missouri,29,"Dunklin County",29069,598,160,758,0.7889182058
Male,Missouri,29,"Franklin County",29071,1372,283,1655,0.8290030211
Male,Missouri,29,"Gasconade County",29073,281,68,349,0.8051575931
Male,Missouri,29,"Gentry County",29075,170,28,198,0.8585858586
Male,Missouri,29,"Greene County",29077,2931,700,3631,0.8072156431
Male,Missouri,29,"Grundy County",29079,229,37,266,0.8609022556
Male,Missouri,29,"Harrison County",29081,239,46,285,0.8385964912
Male,Missouri,29,"Henry County",29083,422,95,517,0.8162475822
Male,Missouri,29,"Hickory County",29085,179,35,214,0.8364485981
Male,Missouri,29,"Holt County",29087,103,26,129,0.7984496124
Male,Missouri,29,"Howard County",29089,145,34,179,0.8100558659
Male,Missouri,29,"Howell County",29091,744,177,921,0.8078175896
Male,Missouri,29,"Iron County",29093,290,57,347,0.8357348703
Male,Missouri,29,"Jackson County",29095,6035,1580,7615,0.7925147735
Male,Missouri,29,"Jasper County",29097,1459,372,1831,0.7968323321
Male,Missouri,29,"Jefferson County",29099,2585,593,3178,0.813404657
Male,Missouri,29,"Johnson County",29101,489,106,595,0.8218487395
Male,Missouri,29,"Knox County",29103,82,18,100,0.82
Male,Missouri,29,"Laclede County",29105,401,92,493,0.8133874239
Male,Missouri,29,"Lafayette County",29107,478,101,579,0.8255613126
Male,Missouri,29,"Lawrence County",29109,450,122,572,0.7867132867
Male,Missouri,29,"Lewis County",29111,210,40,250,0.84
Male,Missouri,29,"Lincoln County",29113,726,186,912,0.7960526316
Male,Missouri,29,"Linn County",29115,237,61,298,0.7953020134
Male,Missouri,29,"Livingston County",29117,290,47,337,0.8605341246
Male,Missouri,29,"McDonald County",29119,228,66,294,0.7755102041
Male,Missouri,29,"Macon County",29121,333,78,411,0.8102189781
Male,Missouri,29,"Madison County",29123,270,59,329,0.820668693
Male,Missouri,29,"Maries County",29125,174,31,205,0.8487804878
Male,Missouri,29,"Marion County",29127,604,126,730,0.8273972603
Male,Missouri,29,"Mercer County",29129,76,11,87,0.8735632184
Male,Missouri,29,"Miller County",29131,388,90,478,0.8117154812
Male,Missouri,29,"Mississippi County",29133,254,82,336,0.755952381
Male,Missouri,29,"Moniteau County",29135,217,53,270,0.8037037037
Male,Missouri,29,"Monroe County",29137,177,47,224,0.7901785714
Male,Missouri,29,"Montgomery County",29139,230,41,271,0.8487084871
Male,Missouri,29,"Morgan County",29141,436,92,528,0.8257575758
Male,Missouri,29,"New Madrid County",29143,348,102,450,0.7733333333
Male,Missouri,29,"Newton County",29145,810,188,998,0.8116232465
Male,Missouri,29,"Nodaway County",29147,404,81,485,0.8329896907
Male,Missouri,29,"Oregon County",29149,208,51,259,0.8030888031
Male,Missouri,29,"Osage County",29151,250,38,288,0.8680555556
Male,Missouri,29,"Ozark County",29153,183,51,234,0.7820512821
Male,Missouri,29,"Pemiscot County",29155,333,129,462,0.7207792208
Male,Missouri,29,"Perry County",29157,358,94,452,0.7920353982
Male,Missouri,29,"Pettis County",29159,636,141,777,0.8185328185
Male,Missouri,29,"Phelps County",29161,608,146,754,0.8063660477
Male,Missouri,29,"Pike County",29163,336,82,418,0.8038277512
Male,Missouri,29,"Platte County",29165,1168,251,1419,0.8231148696
Male,Missouri,29,"Polk County",29167,380,103,483,0.7867494824
Male,Missouri,29,"Pulaski County",29169,275,90,365,0.7534246575
Male,Missouri,29,"Putnam County",29171,136,23,159,0.8553459119
Male,Missouri,29,"Ralls County",29173,263,59,322,0.8167701863
Male,Missouri,29,"Randolph County",29175,433,102,535,0.8093457944
Male,Missouri,29,"Ray County",29177,444,81,525,0.8457142857
Male,Missouri,29,"Reynolds County",29179,144,35,179,0.8044692737
Male,Missouri,29,"Ripley County",29181,280,89,369,0.7588075881
Male,Missouri,29,"St. Charles County",29183,4392,849,5241,0.8380080137
Male,Missouri,29,"St. Clair County",29185,176,31,207,0.8502415459
Male,Missouri,29,"Ste. Genevieve County",29186,375,87,462,0.8116883117
Male,Missouri,29,"St. Francois County",29187,1378,306,1684,0.8182897862
Male,Missouri,29,"St. Louis County",29189,11066,2614,13680,0.8089181287
Male,Missouri,29,"Saline County",29195,381,72,453,0.8410596026
Male,Missouri,29,"Schuyler County",29197,101,14,115,0.8782608696
Male,Missouri,29,"Scotland County",29199,70,28,98,0.7142857143
Male,Missouri,29,"Scott County",29201,771,174,945,0.8158730159
Male,Missouri,29,"Shannon County",29203,130,33,163,0.7975460123
Male,Missouri,29,"Shelby County",29205,156,26,182,0.8571428571
Male,Missouri,29,"Stoddard County",29207,570,158,728,0.782967033
Male,Missouri,29,"Stone County",29209,647,142,789,0.8200253485
Male,Missouri,29,"Sullivan County",29211,138,26,164,0.8414634146
Male,Missouri,29,"Taney County",29213,878,208,1086,0.8084714549
Male,Missouri,29,"Texas County",29215,440,94,534,0.8239700375
Male,Missouri,29,"Vernon County",29217,346,89,435,0.7954022989
Male,Missouri,29,"Warren County",29219,488,115,603,0.8092868988
Male,Missouri,29,"Washington County",29221,510,161,671,0.7600596125
Male,Missouri,29,"Wayne County",29223,273,76,349,0.782234957
Male,Missouri,29,"Webster County",29225,363,92,455,0.7978021978
Male,Missouri,29,"Worth County",29227,42,15,57,0.7368421053
Male,Missouri,29,"Wright County",29229,292,77,369,0.7913279133
Male,Missouri,29,"St. Louis city",29510,2421,917,3338,0.7252846016
Male,Missouri,29,,29999,48,15,63,0.7619047619
Male,Montana,30,"Beaverhead County",30001,179,26,205,0.8731707317
Male,Montana,30,"Big Horn County",30003,71,28,99,0.7171717172
Male,Montana,30,"Blaine County",30005,73,24,97,0.7525773196
Male,Montana,30,"Broadwater County",30007,112,22,134,0.8358208955
Male,Montana,30,"Carbon County",30009,135,35,170,0.7941176471
Male,Montana,30,"Carter County",30011,.,.,.,0.6538461538
Male,Montana,30,"Cascade County",30013,885,191,1076,0.8224907063
Male,Montana,30,"Chouteau County",30015,100,24,124,0.8064516129
Male,Montana,30,"Custer County",30017,182,27,209,0.8708133971
Male,Montana,30,"Daniels County",30019,.,.,.,0.85
Male,Montana,30,"Dawson County",30021,150,39,189,0.7936507937
Male,Montana,30,"Deer Lodge County",30023,189,38,227,0.8325991189
Male,Montana,30,"Fallon County",30025,.,.,.,0.8333333333
Male,Montana,30,"Fergus County",30027,165,39,204,0.8088235294
Male,Montana,30,"Flathead County",30029,1263,284,1547,0.8164188752
Male,Montana,30,"Gallatin County",30031,743,155,898,0.8273942094
Male,Montana,30,"Garfield County",30033,.,.,.,0.7777777778
Male,Montana,30,"Glacier County",30035,67,42,109,0.6146788991
Male,Montana,30,"Golden Valley County",30037,.,.,.,0.7058823529
Male,Montana,30,"Granite County",30039,48,11,59,0.813559322
Male,Montana,30,"Hill County",30041,235,40,275,0.8545454545
Male,Montana,30,"Jefferson County",30043,155,37,192,0.8072916667
Male,Montana,30,"Judith Basin County",30045,.,.,.,0.8571428571
Male,Montana,30,"Lake County",30047,384,112,496,0.7741935484
Male,Montana,30,"Lewis and Clark County",30049,889,170,1059,0.8394711992
Male,Montana,30,"Liberty County",30051,.,.,.,0.829787234
Male,Montana,30,"Lincoln County",30053,334,107,441,0.7573696145
Male,Montana,30,"McCone County",30055,25,13,38,0.6578947368
Male,Montana,30,"Madison County",30057,163,28,191,0.8534031414
Male,Montana,30,"Meagher County",30059,.,.,.,0.82
Male,Montana,30,"Mineral County",30061,92,27,119,0.7731092437
Male,Montana,30,"Missoula County",30063,1342,275,1617,0.8299319728
Male,Montana,30,"Musselshell County",30065,102,14,116,0.8793103448
Male,Montana,30,"Park County",30067,239,72,311,0.768488746
Male,Montana,30,"Petroleum County",30069,.,.,.,0.7777777778
Male,Montana,30,"Phillips County",30071,69,18,87,0.7931034483
Male,Montana,30,"Pondera County",30073,102,19,121,0.8429752066
Male,Montana,30,"Powder River County",30075,.,.,.,0.8378378378
Male,Montana,30,"Powell County",30077,76,33,109,0.6972477064
Male,Montana,30,"Prairie County",30079,.,.,.,0.8611111111
Male,Montana,30,"Ravalli County",30081,681,140,821,0.8294762485
Male,Montana,30,"Richland County",30083,202,54,256,0.7890625
Male,Montana,30,"Roosevelt County",30085,87,31,118,0.7372881356
Male,Montana,30,"Rosebud County",30087,95,24,119,0.7983193277
Male,Montana,30,"Sanders County",30089,238,60,298,0.7986577181
Male,Montana,30,"Sheridan County",30091,81,19,100,0.81
Male,Montana,30,"Silver Bow County",30093,410,104,514,0.7976653696
Male,Montana,30,"Stillwater County",30095,148,30,178,0.8314606742
Male,Montana,30,"Sweet Grass County",30097,62,15,77,0.8051948052
Male,Montana,30,"Teton County",30099,95,16,111,0.8558558559
Male,Montana,30,"Toole County",30101,48,12,60,0.8
Male,Montana,30,"Treasure County",30103,.,.,.,0.75
Male,Montana,30,"Valley County",30105,120,27,147,0.8163265306
Male,Montana,30,"Wheatland County",30107,.,.,.,0.8444444444
Male,Montana,30,"Wibaux County",30109,.,.,.,0.7272727273
Male,Montana,30,"Yellowstone County",30111,1805,372,2177,0.8291226458
Male,Montana,30,,30999,.,.,.,0.8
Male,Nebraska,31,"Adams County",31001,565,111,676,0.8357988166
Male,Nebraska,31,"Antelope County",31003,203,32,235,0.8638297872
Male,Nebraska,31,"Arthur County",31005,.,.,.,0.9166666667
Male,Nebraska,31,"Banner County",31007,.,0,.,1
Male,Nebraska,31,"Blaine County",31009,.,.,.,0.9166666667
Male,Nebraska,31,"Boone County",31011,141,26,167,0.8443113772
Male,Nebraska,31,"Box Butte County",31013,178,47,225,0.7911111111
Male,Nebraska,31,"Boyd County",31015,.,.,.,0.9104477612
Male,Nebraska,31,"Brown County",31017,59,13,72,0.8194444444
Male,Nebraska,31,"Buffalo County",31019,655,146,801,0.8177278402
Male,Nebraska,31,"Burt County",31021,171,35,206,0.8300970874
Male,Nebraska,31,"Butler County",31023,181,29,210,0.8619047619
Male,Nebraska,31,"Cass County",31025,407,79,486,0.8374485597
Male,Nebraska,31,"Cedar County",31027,163,25,188,0.8670212766
Male,Nebraska,31,"Chase County",31029,73,22,95,0.7684210526
Male,Nebraska,31,"Cherry County",31031,117,24,141,0.829787234
Male,Nebraska,31,"Cheyenne County",31033,136,50,186,0.7311827957
Male,Nebraska,31,"Clay County",31035,154,22,176,0.875
Male,Nebraska,31,"Colfax County",31037,144,23,167,0.8622754491
Male,Nebraska,31,"Cuming County",31039,212,30,242,0.8760330579
Male,Nebraska,31,"Custer County",31041,224,66,290,0.7724137931
Male,Nebraska,31,"Dakota County",31043,211,38,249,0.8473895582
Male,Nebraska,31,"Dawes County",31045,97,25,122,0.7950819672
Male,Nebraska,31,"Dawson County",31047,369,67,436,0.8463302752
Male,Nebraska,31,"Deuel County",31049,.,.,.,0.7959183673
Male,Nebraska,31,"Dixon County",31051,101,14,115,0.8782608696
Male,Nebraska,31,"Dodge County",31053,634,132,766,0.8276762402
Male,Nebraska,31,"Douglas County",31055,5679,1171,6850,0.8290510949
Male,Nebraska,31,"Dundy County",31057,37,12,49,0.7551020408
Male,Nebraska,31,"Fillmore County",31059,143,26,169,0.8461538462
Male,Nebraska,31,"Franklin County",31061,70,14,84,0.8333333333
Male,Nebraska,31,"Frontier County",31063,.,.,.,0.8666666667
Male,Nebraska,31,"Furnas County",31065,130,23,153,0.8496732026
Male,Nebraska,31,"Gage County",31067,463,88,551,0.8402903811
Male,Nebraska,31,"Garden County",31069,45,15,60,0.75
Male,Nebraska,31,"Garfield County",31071,38,16,54,0.7037037037
Male,Nebraska,31,"Gosper County",31073,.,.,.,0.8666666667
Male,Nebraska,31,"Grant County",31075,.,.,.,0.8
Male,Nebraska,31,"Greeley County",31077,46,11,57,0.8070175439
Male,Nebraska,31,"Hall County",31079,837,178,1015,0.8246305419
Male,Nebraska,31,"Hamilton County",31081,188,42,230,0.8173913043
Male,Nebraska,31,"Harlan County",31083,74,18,92,0.8043478261
Male,Nebraska,31,"Hayes County",31085,.,.,.,0.7727272727
Male,Nebraska,31,"Hitchcock County",31087,66,16,82,0.8048780488
Male,Nebraska,31,"Holt County",31089,293,49,342,0.8567251462
Male,Nebraska,31,"Hooker County",31091,.,.,.,0.8235294118
Male,Nebraska,31,"Howard County",31093,128,23,151,0.8476821192
Male,Nebraska,31,"Jefferson County",31095,175,44,219,0.799086758
Male,Nebraska,31,"Johnson County",31097,107,24,131,0.8167938931
Male,Nebraska,31,"Kearney County",31099,128,19,147,0.8707482993
Male,Nebraska,31,"Keith County",31101,203,35,238,0.8529411765
Male,Nebraska,31,"Keya Paha County",31103,.,.,.,0.7894736842
Male,Nebraska,31,"Kimball County",31105,77,22,99,0.7777777778
Male,Nebraska,31,"Knox County",31107,198,35,233,0.8497854077
Male,Nebraska,31,"Lancaster County",31109,3926,709,4635,0.8470334412
Male,Nebraska,31,"Lincoln County",31111,624,179,803,0.7770859278
Male,Nebraska,31,"Logan County",31113,.,.,.,0.7368421053
Male,Nebraska,31,"Loup County",31115,.,.,.,0.95
Male,Nebraska,31,"McPherson County",31117,.,.,.,0.8
Male,Nebraska,31,"Madison County",31119,597,107,704,0.8480113636
Male,Nebraska,31,"Merrick County",31121,148,28,176,0.8409090909
Male,Nebraska,31,"Morrill County",31123,.,.,.,0.8461538462
Male,Nebraska,31,"Nance County",31125,83,18,101,0.8217821782
Male,Nebraska,31,"Nemaha County",31127,163,35,198,0.8232323232
Male,Nebraska,31,"Nuckolls County",31129,122,21,143,0.8531468531
Male,Nebraska,31,"Otoe County",31131,316,62,378,0.835978836
Male,Nebraska,31,"Pawnee County",31133,.,.,.,0.8953488372
Male,Nebraska,31,"Perkins County",31135,80,15,95,0.8421052632
Male,Nebraska,31,"Phelps County",31137,204,54,258,0.7906976744
Male,Nebraska,31,"Pierce County",31139,156,26,182,0.8571428571
Male,Nebraska,31,"Platte County",31141,702,110,812,0.8645320197
Male,Nebraska,31,"Polk County",31143,156,21,177,0.8813559322
Male,Nebraska,31,"Red Willow County",31145,208,45,253,0.8221343874
Male,Nebraska,31,"Richardson County",31147,238,51,289,0.8235294118
Male,Nebraska,31,"Rock County",31149,.,.,.,0.847826087
Male,Nebraska,31,"Saline County",31151,229,55,284,0.8063380282
Male,Nebraska,31,"Sarpy County",31153,1463,268,1731,0.8451761987
Male,Nebraska,31,"Saunders County",31155,383,69,452,0.8473451327
Male,Nebraska,31,"Scotts Bluff County",31157,591,113,704,0.8394886364
Male,Nebraska,31,"Seward County",31159,314,58,372,0.8440860215
Male,Nebraska,31,"Sheridan County",31161,86,20,106,0.8113207547
Male,Nebraska,31,"Sherman County",31163,62,11,73,0.8493150685
Male,Nebraska,31,"Sioux County",31165,.,.,.,0.8
Male,Nebraska,31,"Stanton County",31167,111,18,129,0.8604651163
Male,Nebraska,31,"Thayer County",31169,147,28,175,0.84
Male,Nebraska,31,"Thomas County",31171,.,.,.,0.7826086957
Male,Nebraska,31,"Thurston County",31173,70,20,90,0.7777777778
Male,Nebraska,31,"Valley County",31175,112,28,140,0.8
Male,Nebraska,31,"Washington County",31177,358,59,417,0.8585131894
Male,Nebraska,31,"Wayne County",31179,144,24,168,0.8571428571
Male,Nebraska,31,"Webster County",31181,97,15,112,0.8660714286
Male,Nebraska,31,"Wheeler County",31183,.,.,.,0.75
Male,Nebraska,31,"York County",31185,309,54,363,0.8512396694
Male,Nebraska,31,,31999,.,0,.,1
Male,Nevada,32,"Churchill County",32001,267,81,348,0.7672413793
Male,Nevada,32,"Clark County",32003,13817,4473,18290,0.7554401312
Male,Nevada,32,"Douglas County",32005,887,191,1078,0.8228200371
Male,Nevada,32,"Elko County",32007,241,97,338,0.7130177515
Male,Nevada,32,"Esmeralda County",32009,.,.,.,0.7333333333
Male,Nevada,32,"Eureka County",32011,.,.,.,0.6428571429
Male,Nevada,32,"Humboldt County",32013,149,56,205,0.7268292683
Male,Nevada,32,"Lander County",32015,36,12,48,0.75
Male,Nevada,32,"Lincoln County",32017,74,19,93,0.7956989247
Male,Nevada,32,"Lyon County",32019,670,163,833,0.8043217287
Male,Nevada,32,"Mineral County",32021,60,13,73,0.8219178082
Male,Nevada,32,"Nye County",32023,604,168,772,0.7823834197
Male,Nevada,32,"Pershing County",32027,51,19,70,0.7285714286
Male,Nevada,32,"Storey County",32029,50,12,62,0.8064516129
Male,Nevada,32,"Washoe County",32031,3579,946,4525,0.7909392265
Male,Nevada,32,"White Pine County",32033,115,27,142,0.8098591549
Male,Nevada,32,"Carson City",32510,671,162,833,0.8055222089
Male,Nevada,32,,32999,.,.,.,0.7826086957
Male,"New Hampshire",33,"Belknap County",33001,1372,233,1605,0.8548286604
Male,"New Hampshire",33,"Carroll County",33003,1319,235,1554,0.8487773488
Male,"New Hampshire",33,"Cheshire County",33005,1206,195,1401,0.8608137045
Male,"New Hampshire",33,"Coos County",33007,782,144,926,0.8444924406
Male,"New Hampshire",33,"Grafton County",33009,1468,266,1734,0.8465974625
Male,"New Hampshire",33,"Hillsborough County",33011,5396,1031,6427,0.8395830092
Male,"New Hampshire",33,"Merrimack County",33013,2588,476,3064,0.8446475196
Male,"New Hampshire",33,"Rockingham County",33015,4859,816,5675,0.8562114537
Male,"New Hampshire",33,"Strafford County",33017,1536,325,1861,0.8253627082
Male,"New Hampshire",33,"Sullivan County",33019,834,165,999,0.8348348348
Male,"New Hampshire",33,,33999,.,.,.,0.5
Male,"New Jersey",34,"Atlantic County",34001,4802,1117,5919,0.8112856902
Male,"New Jersey",34,"Bergen County",34003,11967,2511,14478,0.8265644426
Male,"New Jersey",34,"Burlington County",34005,6262,1229,7491,0.8359364571
Male,"New Jersey",34,"Camden County",34007,6615,1527,8142,0.8124539425
Male,"New Jersey",34,"Cape May County",34009,2547,484,3031,0.8403167272
Male,"New Jersey",34,"Cumberland County",34011,2192,517,2709,0.8091546696
Male,"New Jersey",34,"Essex County",34013,6237,1938,8175,0.7629357798
Male,"New Jersey",34,"Gloucester County",34015,4216,799,5015,0.8406779661
Male,"New Jersey",34,"Hudson County",34017,4561,1478,6039,0.755257493
Male,"New Jersey",34,"Hunterdon County",34019,2100,368,2468,0.85089141
Male,"New Jersey",34,"Mercer County",34021,4657,1150,5807,0.8019631479
Male,"New Jersey",34,"Middlesex County",34023,9692,2197,11889,0.8152073345
Male,"New Jersey",34,"Monmouth County",34025,9487,2081,11568,0.8201071923
Male,"New Jersey",34,"Morris County",34027,6551,1324,7875,0.8318730159
Male,"New Jersey",34,"Ocean County",34029,12526,2497,15023,0.8337881914
Male,"New Jersey",34,"Passaic County",34031,5707,1440,7147,0.7985168602
Male,"New Jersey",34,"Salem County",34033,1244,241,1485,0.8377104377
Male,"New Jersey",34,"Somerset County",34035,4162,861,5023,0.8285884929
Male,"New Jersey",34,"Sussex County",34037,2443,474,2917,0.8375042852
Male,"New Jersey",34,"Union County",34039,5407,1400,6807,0.7943293668
Male,"New Jersey",34,"Warren County",34041,1870,456,2326,0.803955288
Male,"New Jersey",34,,34999,48,13,61,0.7868852459
Male,"New Mexico",35,"Bernalillo County",35001,3420,1051,4471,0.764929546
Male,"New Mexico",35,"Catron County",35003,52,17,69,0.7536231884
Male,"New Mexico",35,"Chaves County",35005,860,246,1106,0.7775768535
Male,"New Mexico",35,"Cibola County",35006,164,51,215,0.7627906977
Male,"New Mexico",35,"Colfax County",35007,148,43,191,0.7748691099
Male,"New Mexico",35,"Curry County",35009,499,135,634,0.7870662461
Male,"New Mexico",35,"DeBaca County",35011,31,13,44,0.7045454545
Male,"New Mexico",35,"Dona Ana County",35013,1837,497,2334,0.7870608398
Male,"New Mexico",35,"Eddy County",35015,657,234,891,0.7373737374
Male,"New Mexico",35,"Grant County",35017,323,99,422,0.7654028436
Male,"New Mexico",35,"Guadalupe County",35019,51,16,67,0.7611940299
Male,"New Mexico",35,"Harding County",35021,14,0,14,1
Male,"New Mexico",35,"Hidalgo County",35023,59,13,72,0.8194444444
Male,"New Mexico",35,"Lea County",35025,668,191,859,0.7776484284
Male,"New Mexico",35,"Lincoln County",35027,319,89,408,0.7818627451
Male,"New Mexico",35,"Los Alamos County",35028,46,11,57,0.8070175439
Male,"New Mexico",35,"Luna County",35029,330,127,457,0.7221006565
Male,"New Mexico",35,"McKinley County",35031,269,136,405,0.6641975309
Male,"New Mexico",35,"Mora County",35033,55,14,69,0.7971014493
Male,"New Mexico",35,"Otero County",35035,474,172,646,0.73374613
Male,"New Mexico",35,"Quay County",35037,161,57,218,0.7385321101
Male,"New Mexico",35,"Rio Arriba County",35039,276,96,372,0.7419354839
Male,"New Mexico",35,"Roosevelt County",35041,240,78,318,0.7547169811
Male,"New Mexico",35,"Sandoval County",35043,873,257,1130,0.7725663717
Male,"New Mexico",35,"San Juan County",35045,1058,391,1449,0.7301587302
Male,"New Mexico",35,"San Miguel County",35047,274,111,385,0.7116883117
Male,"New Mexico",35,"Santa Fe County",35049,1263,402,1665,0.7585585586
Male,"New Mexico",35,"Sierra County",35051,175,57,232,0.7543103448
Male,"New Mexico",35,"Socorro County",35053,148,59,207,0.7149758454
Male,"New Mexico",35,"Taos County",35055,320,100,420,0.7619047619
Male,"New Mexico",35,"Torrance County",35057,108,44,152,0.7105263158
Male,"New Mexico",35,"Union County",35059,66,20,86,0.7674418605
Male,"New Mexico",35,"Valencia County",35061,475,140,615,0.7723577236
Male,"New Mexico",35,,35999,.,.,.,0.85
Male,"New York",36,"Albany County",36001,3034,554,3588,0.8455964326
Male,"New York",36,"Allegany County",36003,639,142,781,0.8181818182
Male,"New York",36,"Bronx County",36005,6490,2233,8723,0.7440100883
Male,"New York",36,"Broome County",36007,2909,582,3491,0.8332855915
Male,"New York",36,"Cattaraugus County",36009,922,230,1152,0.8003472222
Male,"New York",36,"Cayuga County",36011,990,179,1169,0.8468776732
Male,"New York",36,"Chautauqua County",36013,1915,373,2288,0.8369755245
Male,"New York",36,"Chemung County",36015,1277,256,1533,0.8330071755
Male,"New York",36,"Chenango County",36017,730,145,875,0.8342857143
Male,"New York",36,"Clinton County",36019,1380,290,1670,0.8263473054
Male,"New York",36,"Columbia County",36021,915,191,1106,0.8273056058
Male,"New York",36,"Cortland County",36023,454,88,542,0.8376383764
Male,"New York",36,"Delaware County",36025,1000,193,1193,0.8382229673
Male,"New York",36,"Dutchess County",36027,4251,867,5118,0.8305978898
Male,"New York",36,"Erie County",36029,7133,1658,8791,0.8113980207
Male,"New York",36,"Essex County",36031,664,137,801,0.8289637953
Male,"New York",36,"Franklin County",36033,897,150,1047,0.8567335244
Male,"New York",36,"Fulton County",36035,769,165,934,0.8233404711
Male,"New York",36,"Genesee County",36037,596,127,723,0.8243430152
Male,"New York",36,"Greene County",36039,754,164,918,0.8213507625
Male,"New York",36,"Hamilton County",36041,114,23,137,0.8321167883
Male,"New York",36,"Herkimer County",36043,907,168,1075,0.8437209302
Male,"New York",36,"Jefferson County",36045,1239,231,1470,0.8428571429
Male,"New York",36,"Kings County",36047,18612,5699,24311,0.7655793674
Male,"New York",36,"Lewis County",36049,436,63,499,0.873747495
Male,"New York",36,"Livingston County",36051,544,105,649,0.8382126348
Male,"New York",36,"Madison County",36053,743,125,868,0.8559907834
Male,"New York",36,"Monroe County",36055,5014,1184,6198,0.8089706357
Male,"New York",36,"Montgomery County",36057,731,161,892,0.8195067265
Male,"New York",36,"Nassau County",36059,18348,4302,22650,0.8100662252
Male,"New York",36,"New York County",36061,11520,3373,14893,0.77351776
Male,"New York",36,"Niagara County",36063,2258,414,2672,0.8450598802
Male,"New York",36,"Oneida County",36065,2942,640,3582,0.8213288666
Male,"New York",36,"Onondaga County",36067,4781,999,5780,0.8271626298
Male,"New York",36,"Ontario County",36069,957,192,1149,0.8328981723
Male,"New York",36,"Orange County",36071,4567,1098,5665,0.8061782877
Male,"New York",36,"Orleans County",36073,480,129,609,0.7881773399
Male,"New York",36,"Oswego County",36075,1543,320,1863,0.8282340311
Male,"New York",36,"Otsego County",36077,1121,192,1313,0.8537699924
Male,"New York",36,"Putnam County",36079,1386,314,1700,0.8152941176
Male,"New York",36,"Queens County",36081,16253,4450,20703,0.785055306
Male,"New York",36,"Rensselaer County",36083,1584,359,1943,0.815234174
Male,"New York",36,"Richmond County",36085,4957,1160,6117,0.8103645578
Male,"New York",36,"Rockland County",36087,4049,875,4924,0.8222989439
Male,"New York",36,"St. Lawrence County",36089,1903,369,2272,0.8375880282
Male,"New York",36,"Saratoga County",36091,2612,476,3088,0.8458549223
Male,"New York",36,"Schenectady County",36093,1492,337,1829,0.8157463095
Male,"New York",36,"Schoharie County",36095,551,89,640,0.8609375
Male,"New York",36,"Schuyler County",36097,312,65,377,0.8275862069
Male,"New York",36,"Seneca County",36099,467,101,568,0.8221830986
Male,"New York",36,"Steuben County",36101,1487,296,1783,0.8339876612
Male,"New York",36,"Suffolk County",36103,23906,5413,29319,0.8153756949
Male,"New York",36,"Sullivan County",36105,1401,353,1754,0.7987457241
Male,"New York",36,"Tioga County",36107,789,134,923,0.8548212351
Male,"New York",36,"Tompkins County",36109,824,182,1006,0.8190854871
Male,"New York",36,"Ulster County",36111,2840,619,3459,0.8210465452
Male,"New York",36,"Warren County",36113,888,182,1070,0.8299065421
Male,"New York",36,"Washington County",36115,804,133,937,0.8580576307
Male,"New York",36,"Wayne County",36117,922,198,1120,0.8232142857
Male,"New York",36,"Westchester County",36119,11184,2517,13701,0.8162907817
Male,"New York",36,"Wyoming County",36121,456,97,553,0.8245931284
Male,"New York",36,"Yates County",36123,289,58,347,0.8328530259
Male,"New York",36,,36999,95,21,116,0.8189655172
Male,"North Carolina",37,"Alamance County",37001,1498,383,1881,0.7963849016
Male,"North Carolina",37,"Alexander County",37003,520,153,673,0.7726597325
Male,"North Carolina",37,"Alleghany County",37005,215,60,275,0.7818181818
Male,"North Carolina",37,"Anson County",37007,391,117,508,0.7696850394
Male,"North Carolina",37,"Ashe County",37009,551,115,666,0.8273273273
Male,"North Carolina",37,"Avery County",37011,298,61,359,0.8300835655
Male,"North Carolina",37,"Beaufort County",37013,964,242,1206,0.7993366501
Male,"North Carolina",37,"Bertie County",37015,378,138,516,0.7325581395
Male,"North Carolina",37,"Bladen County",37017,600,210,810,0.7407407407
Male,"North Carolina",37,"Brunswick County",37019,3633,689,4322,0.8405830634
Male,"North Carolina",37,"Buncombe County",37021,3247,683,3930,0.8262086514
Male,"North Carolina",37,"Burke County",37023,1265,303,1568,0.8067602041
Male,"North Carolina",37,"Cabarrus County",37025,1882,443,2325,0.8094623656
Male,"North Carolina",37,"Caldwell County",37027,1169,329,1498,0.7803738318
Male,"North Carolina",37,"Camden County",37029,151,31,182,0.8296703297
Male,"North Carolina",37,"Carteret County",37031,1148,257,1405,0.8170818505
Male,"North Carolina",37,"Caswell County",37033,336,84,420,0.8
Male,"North Carolina",37,"Catawba County",37035,1985,467,2452,0.80954323
Male,"North Carolina",37,"Chatham County",37037,1080,219,1299,0.831408776
Male,"North Carolina",37,"Cherokee County",37039,659,131,790,0.8341772152
Male,"North Carolina",37,"Chowan County",37041,278,91,369,0.7533875339
Male,"North Carolina",37,"Clay County",37043,244,49,293,0.8327645051
Male,"North Carolina",37,"Cleveland County",37045,1636,433,2069,0.7907201547
Male,"North Carolina",37,"Columbus County",37047,1056,346,1402,0.7532097004
Male,"North Carolina",37,"Craven County",37049,1380,379,1759,0.7845366686
Male,"North Carolina",37,"Cumberland County",37051,2045,751,2796,0.7314020029
Male,"North Carolina",37,"Currituck County",37053,375,85,460,0.8152173913
Male,"North Carolina",37,"Dare County",37055,698,110,808,0.8638613861
Male,"North Carolina",37,"Davidson County",37057,1841,426,2267,0.8120864579
Male,"North Carolina",37,"Davie County",37059,523,139,662,0.7900302115
Male,"North Carolina",37,"Duplin County",37061,783,244,1027,0.7624148004
Male,"North Carolina",37,"Durham County",37063,2365,627,2992,0.7904411765
Male,"North Carolina",37,"Edgecombe County",37065,898,319,1217,0.7378800329
Male,"North Carolina",37,"Forsyth County",37067,3016,709,3725,0.8096644295
Male,"North Carolina",37,"Franklin County",37069,786,233,1019,0.7713444553
Male,"North Carolina",37,"Gaston County",37071,2471,686,3157,0.7827050998
Male,"North Carolina",37,"Gates County",37073,171,56,227,0.7533039648
Male,"North Carolina",37,"Graham County",37075,137,34,171,0.8011695906
Male,"North Carolina",37,"Granville County",37077,825,197,1022,0.8072407045
Male,"North Carolina",37,"Greene County",37079,291,84,375,0.776
Male,"North Carolina",37,"Guilford County",37081,4063,1068,5131,0.7918534399
Male,"North Carolina",37,"Halifax County",37083,956,347,1303,0.7336914812
Male,"North Carolina",37,"Harnett County",37085,1293,410,1703,0.7592483852
Male,"North Carolina",37,"Haywood County",37087,1126,236,1362,0.8267254038
Male,"North Carolina",37,"Henderson County",37089,1950,425,2375,0.8210526316
Male,"North Carolina",37,"Hertford County",37091,359,137,496,0.7237903226
Male,"North Carolina",37,"Hoke County",37093,334,134,468,0.7136752137
Male,"North Carolina",37,"Hyde County",37095,92,17,109,0.8440366972
Male,"North Carolina",37,"Iredell County",37097,1992,531,2523,0.7895362663
Male,"North Carolina",37,"Jackson County",37099,527,130,657,0.802130898
Male,"North Carolina",37,"Johnston County",37101,2420,637,3057,0.7916257769
Male,"North Carolina",37,"Jones County",37103,177,49,226,0.7831858407
Male,"North Carolina",37,"Lee County",37105,836,225,1061,0.7879359095
Male,"North Carolina",37,"Lenoir County",37107,1000,394,1394,0.7173601148
Male,"North Carolina",37,"Lincoln County",37109,1287,292,1579,0.8150728309
Male,"North Carolina",37,"McDowell County",37111,754,186,940,0.8021276596
Male,"North Carolina",37,"Macon County",37113,778,182,960,0.8104166667
Male,"North Carolina",37,"Madison County",37115,369,61,430,0.8581395349
Male,"North Carolina",37,"Martin County",37117,487,191,678,0.7182890855
Male,"North Carolina",37,"Mecklenburg County",37119,6910,1810,8720,0.7924311927
Male,"North Carolina",37,"Mitchell County",37121,281,66,347,0.8097982709
Male,"North Carolina",37,"Montgomery County",37123,403,111,514,0.7840466926
Male,"North Carolina",37,"Moore County",37125,1624,376,2000,0.812
Male,"North Carolina",37,"Nash County",37127,1525,455,1980,0.7702020202
Male,"North Carolina",37,"New Hanover County",37129,3137,706,3843,0.8162893573
Male,"North Carolina",37,"Northampton County",37131,397,153,550,0.7218181818
Male,"North Carolina",37,"Onslow County",37133,1239,359,1598,0.7753441802
Male,"North Carolina",37,"Orange County",37135,1186,261,1447,0.8196268141
Male,"North Carolina",37,"Pamlico County",37137,312,66,378,0.8253968254
Male,"North Carolina",37,"Pasquotank County",37139,495,170,665,0.7443609023
Male,"North Carolina",37,"Pender County",37141,959,237,1196,0.8018394649
Male,"North Carolina",37,"Perquimans County",37143,281,78,359,0.782729805
Male,"North Carolina",37,"Person County",37145,605,163,768,0.7877604167
Male,"North Carolina",37,"Pitt County",37147,1981,641,2622,0.7555301297
Male,"North Carolina",37,"Polk County",37149,407,90,497,0.8189134809
Male,"North Carolina",37,"Randolph County",37151,1524,411,1935,0.7875968992
Male,"North Carolina",37,"Richmond County",37153,732,249,981,0.74617737
Male,"North Carolina",37,"Robeson County",37155,1738,585,2323,0.7481704692
Male,"North Carolina",37,"Rockingham County",37157,1121,286,1407,0.7967306326
Male,"North Carolina",37,"Rowan County",37159,1571,420,1991,0.7890507283
Male,"North Carolina",37,"Rutherford County",37161,1128,304,1432,0.7877094972
Male,"North Carolina",37,"Sampson County",37163,1001,297,1298,0.7711864407
Male,"North Carolina",37,"Scotland County",37165,526,182,708,0.7429378531
Male,"North Carolina",37,"Stanly County",37167,1018,280,1298,0.7842835131
Male,"North Carolina",37,"Stokes County",37169,502,119,621,0.808373591
Male,"North Carolina",37,"Surry County",37171,1052,246,1298,0.8104776579
Male,"North Carolina",37,"Swain County",37173,195,85,280,0.6964285714
Male,"North Carolina",37,"Transylvania County",37175,673,128,801,0.8401997503
Male,"North Carolina",37,"Tyrrell County",37177,.,.,.,0.8484848485
Male,"North Carolina",37,"Union County",37179,2104,491,2595,0.8107899807
Male,"North Carolina",37,"Vance County",37181,598,195,793,0.7540983607
Male,"North Carolina",37,"Wake County",37183,8242,1915,10157,0.8114600768
Male,"North Carolina",37,"Warren County",37185,336,94,430,0.7813953488
Male,"North Carolina",37,"Washington County",37187,220,98,318,0.6918238994
Male,"North Carolina",37,"Watauga County",37189,609,142,751,0.810918775
Male,"North Carolina",37,"Wayne County",37191,1482,523,2005,0.7391521197
Male,"North Carolina",37,"Wilkes County",37193,1214,238,1452,0.8360881543
Male,"North Carolina",37,"Wilson County",37195,1261,382,1643,0.7674984784
Male,"North Carolina",37,"Yadkin County",37197,468,107,575,0.8139130435
Male,"North Carolina",37,"Yancey County",37199,319,59,378,0.8439153439
Male,"North Carolina",37,,37999,66,29,95,0.6947368421
Male,"North Dakota",38,"Adams County",38001,70,14,84,0.8333333333
Male,"North Dakota",38,"Barnes County",38003,192,27,219,0.8767123288
Male,"North Dakota",38,"Benson County",38005,106,28,134,0.7910447761
Male,"North Dakota",38,"Billings County",38007,.,.,.,0.8823529412
Male,"North Dakota",38,"Bottineau County",38009,154,24,178,0.8651685393
Male,"North Dakota",38,"Bowman County",38011,.,.,.,0.9294117647
Male,"North Dakota",38,"Burke County",38013,.,.,.,0.8181818182
Male,"North Dakota",38,"Burleigh County",38015,1368,207,1575,0.8685714286
Male,"North Dakota",38,"Cass County",38017,1603,242,1845,0.8688346883
Male,"North Dakota",38,"Cavalier County",38019,132,13,145,0.9103448276
Male,"North Dakota",38,"Dickey County",38021,105,17,122,0.8606557377
Male,"North Dakota",38,"Divide County",38023,.,.,.,0.88
Male,"North Dakota",38,"Dunn County",38025,73,14,87,0.8390804598
Male,"North Dakota",38,"Eddy County",38027,53,14,67,0.7910447761
Male,"North Dakota",38,"Emmons County",38029,.,.,.,0.9263157895
Male,"North Dakota",38,"Foster County",38031,84,12,96,0.875
Male,"North Dakota",38,"Golden Valley County",38033,.,.,.,0.7619047619
Male,"North Dakota",38,"Grand Forks County",38035,744,130,874,0.8512585812
Male,"North Dakota",38,"Grant County",38037,82,15,97,0.8453608247
Male,"North Dakota",38,"Griggs County",38039,62,18,80,0.775
Male,"North Dakota",38,"Hettinger County",38041,.,.,.,0.8787878788
Male,"North Dakota",38,"Kidder County",38043,69,13,82,0.8414634146
Male,"North Dakota",38,"LaMoure County",38045,114,12,126,0.9047619048
Male,"North Dakota",38,"Logan County",38047,.,.,.,0.8837209302
Male,"North Dakota",38,"McHenry County",38049,103,18,121,0.8512396694
Male,"North Dakota",38,"McIntosh County",38051,78,11,89,0.8764044944
Male,"North Dakota",38,"McKenzie County",38053,114,16,130,0.8769230769
Male,"North Dakota",38,"McLean County",38055,249,29,278,0.8956834532
Male,"North Dakota",38,"Mercer County",38057,141,26,167,0.8443113772
Male,"North Dakota",38,"Morton County",38059,518,80,598,0.8662207358
Male,"North Dakota",38,"Mountrail County",38061,101,28,129,0.7829457364
Male,"North Dakota",38,"Nelson County",38063,83,12,95,0.8736842105
Male,"North Dakota",38,"Oliver County",38065,.,.,.,0.8823529412
Male,"North Dakota",38,"Pembina County",38067,185,25,210,0.880952381
Male,"North Dakota",38,"Pierce County",38069,112,16,128,0.875
Male,"North Dakota",38,"Ramsey County",38071,271,52,323,0.8390092879
Male,"North Dakota",38,"Ransom County",38073,122,24,146,0.8356164384
Male,"North Dakota",38,"Renville County",38075,.,.,.,0.8813559322
Male,"North Dakota",38,"Richland County",38077,279,28,307,0.9087947883
Male,"North Dakota",38,"Rolette County",38079,143,33,176,0.8125
Male,"North Dakota",38,"Sargent County",38081,105,13,118,0.8898305085
Male,"North Dakota",38,"Sheridan County",38083,.,.,.,0.9019607843
Male,"North Dakota",38,"Sioux County",38085,.,.,.,0.75
Male,"North Dakota",38,"Slope County",38087,.,.,.,0.9473684211
Male,"North Dakota",38,"Stark County",38089,450,61,511,0.8806262231
Male,"North Dakota",38,"Steele County",38091,.,.,.,0.8947368421
Male,"North Dakota",38,"Stutsman County",38093,351,49,400,0.8775
Male,"North Dakota",38,"Towner County",38095,.,.,.,0.9253731343
Male,"North Dakota",38,"Traill County",38097,149,21,170,0.8764705882
Male,"North Dakota",38,"Walsh County",38099,254,38,292,0.8698630137
Male,"North Dakota",38,"Ward County",38101,741,133,874,0.847826087
Male,"North Dakota",38,"Wells County",38103,131,25,156,0.8397435897
Male,"North Dakota",38,"Williams County",38105,315,64,379,0.8311345646
Male,"North Dakota",38,,38999,.,0,.,1
Male,Ohio,39,"Adams County",39001,446,142,588,0.7585034014
Male,Ohio,39,"Allen County",39003,2025,432,2457,0.8241758242
Male,Ohio,39,"Ashland County",39005,783,139,922,0.8492407809
Male,Ohio,39,"Ashtabula County",39007,1883,387,2270,0.8295154185
Male,Ohio,39,"Athens County",39009,646,175,821,0.7868453106
Male,Ohio,39,"Auglaize County",39011,947,180,1127,0.8402839397
Male,Ohio,39,"Belmont County",39013,847,206,1053,0.804368471
Male,Ohio,39,"Brown County",39015,581,142,723,0.8035961272
Male,Ohio,39,"Butler County",39017,3969,976,4945,0.8026289181
Male,Ohio,39,"Carroll County",39019,379,61,440,0.8613636364
Male,Ohio,39,"Champaign County",39021,527,108,635,0.8299212598
Male,Ohio,39,"Clark County",39023,1523,407,1930,0.789119171
Male,Ohio,39,"Clermont County",39025,2008,450,2458,0.8169243287
Male,Ohio,39,"Clinton County",39027,529,114,643,0.8227060653
Male,Ohio,39,"Columbiana County",39029,1507,336,1843,0.8176885513
Male,Ohio,39,"Coshocton County",39031,755,143,898,0.8407572383
Male,Ohio,39,"Crawford County",39033,873,196,1069,0.8166510758
Male,Ohio,39,"Cuyahoga County",39035,14808,3602,18410,0.8043454644
Male,Ohio,39,"Darke County",39037,835,174,1009,0.8275520317
Male,Ohio,39,"Defiance County",39039,897,166,1063,0.8438381938
Male,Ohio,39,"Delaware County",39041,1984,394,2378,0.83431455
Male,Ohio,39,"Erie County",39043,1465,319,1784,0.8211883408
Male,Ohio,39,"Fairfield County",39045,1628,374,2002,0.8131868132
Male,Ohio,39,"Fayette County",39047,378,99,477,0.7924528302
Male,Ohio,39,"Franklin County",39049,9145,2367,11512,0.7943884642
Male,Ohio,39,"Fulton County",39051,787,171,958,0.8215031315
Male,Ohio,39,"Gallia County",39053,537,141,678,0.7920353982
Male,Ohio,39,"Geauga County",39055,1436,250,1686,0.8517200474
Male,Ohio,39,"Greene County",39057,1452,360,1812,0.8013245033
Male,Ohio,39,"Guernsey County",39059,797,179,976,0.8165983607
Male,Ohio,39,"Hamilton County",39061,7245,1932,9177,0.7894736842
Male,Ohio,39,"Hancock County",39063,1149,213,1362,0.8436123348
Male,Ohio,39,"Hardin County",39065,572,125,697,0.8206599713
Male,Ohio,39,"Harrison County",39067,318,51,369,0.8617886179
Male,Ohio,39,"Henry County",39069,603,112,715,0.8433566434
Male,Ohio,39,"Highland County",39071,643,178,821,0.7831912302
Male,Ohio,39,"Hocking County",39073,507,130,637,0.7959183673
Male,Ohio,39,"Holmes County",39075,349,61,410,0.8512195122
Male,Ohio,39,"Huron County",39077,1094,187,1281,0.8540202966
Male,Ohio,39,"Jackson County",39079,558,148,706,0.790368272
Male,Ohio,39,"Jefferson County",39081,1262,327,1589,0.7942101951
Male,Ohio,39,"Knox County",39083,923,229,1152,0.8012152778
Male,Ohio,39,"Lake County",39085,3464,709,4173,0.8300982507
Male,Ohio,39,"Lawrence County",39087,1131,327,1458,0.7757201646
Male,Ohio,39,"Licking County",39089,1967,437,2404,0.8182196339
Male,Ohio,39,"Logan County",39091,859,169,1028,0.8356031128
Male,Ohio,39,"Lorain County",39093,5137,1124,6261,0.8204759623
Male,Ohio,39,"Lucas County",39095,5872,1576,7448,0.7883995704
Male,Ohio,39,"Madison County",39097,496,111,607,0.8171334432
Male,Ohio,39,"Mahoning County",39099,3284,735,4019,0.8171186862
Male,Ohio,39,"Marion County",39101,1053,268,1321,0.7971233914
Male,Ohio,39,"Medina County",39103,2364,453,2817,0.8391906283
Male,Ohio,39,"Meigs County",39105,412,118,530,0.7773584906
Male,Ohio,39,"Mercer County",39107,906,153,1059,0.8555240793
Male,Ohio,39,"Miami County",39109,1448,322,1770,0.818079096
Male,Ohio,39,"Monroe County",39111,248,41,289,0.8581314879
Male,Ohio,39,"Montgomery County",39113,5322,1441,6763,0.7869288777
Male,Ohio,39,"Morgan County",39115,262,56,318,0.8238993711
Male,Ohio,39,"Morrow County",39117,535,132,667,0.8020989505
Male,Ohio,39,"Muskingum County",39119,1714,366,2080,0.8240384615
Male,Ohio,39,"Noble County",39121,248,56,304,0.8157894737
Male,Ohio,39,"Ottawa County",39123,993,214,1207,0.8227009114
Male,Ohio,39,"Paulding County",39125,432,69,501,0.8622754491
Male,Ohio,39,"Perry County",39127,596,129,725,0.8220689655
Male,Ohio,39,"Pickaway County",39129,650,151,801,0.8114856429
Male,Ohio,39,"Pike County",39131,486,123,609,0.7980295567
Male,Ohio,39,"Portage County",39133,1985,376,2361,0.8407454468
Male,Ohio,39,"Preble County",39135,666,128,794,0.838790932
Male,Ohio,39,"Putnam County",39137,759,144,903,0.8405315615
Male,Ohio,39,"Richland County",39139,2129,443,2572,0.8277604977
Male,Ohio,39,"Ross County",39141,1072,239,1311,0.817696415
Male,Ohio,39,"Sandusky County",39143,1147,269,1416,0.8100282486
Male,Ohio,39,"Scioto County",39145,1490,473,1963,0.7590422822
Male,Ohio,39,"Seneca County",39147,1142,225,1367,0.8354059985
Male,Ohio,39,"Shelby County",39149,806,150,956,0.8430962343
Male,Ohio,39,"Stark County",39151,4416,952,5368,0.8226527571
Male,Ohio,39,"Summit County",39153,6026,1303,7329,0.8222131259
Male,Ohio,39,"Trumbull County",39155,3393,778,4171,0.8134739871
Male,Ohio,39,"Tuscarawas County",39157,1258,267,1525,0.8249180328
Male,Ohio,39,"Union County",39159,646,111,757,0.8533685601
Male,Ohio,39,"Van Wert County",39161,606,119,725,0.835862069
Male,Ohio,39,"Vinton County",39163,228,64,292,0.7808219178
Male,Ohio,39,"Warren County",39165,2193,508,2701,0.8119215106
Male,Ohio,39,"Washington County",39167,1214,254,1468,0.8269754768
Male,Ohio,39,"Wayne County",39169,1678,281,1959,0.8565594691
Male,Ohio,39,"Williams County",39171,712,132,844,0.8436018957
Male,Ohio,39,"Wood County",39173,1793,359,2152,0.8331784387
Male,Ohio,39,"Wyandot County",39175,399,83,482,0.8278008299
Male,Ohio,39,,39999,.,.,.,0.8461538462
Male,Oklahoma,40,"Adair County",40001,241,83,324,0.7438271605
Male,Oklahoma,40,"Alfalfa County",40003,92,25,117,0.7863247863
Male,Oklahoma,40,"Atoka County",40005,228,84,312,0.7307692308
Male,Oklahoma,40,"Beaver County",40007,65,19,84,0.7738095238
Male,Oklahoma,40,"Beckham County",40009,252,85,337,0.7477744807
Male,Oklahoma,40,"Blaine County",40011,183,59,242,0.7561983471
Male,Oklahoma,40,"Bryan County",40013,620,230,850,0.7294117647
Male,Oklahoma,40,"Caddo County",40015,374,122,496,0.7540322581
Male,Oklahoma,40,"Canadian County",40017,1204,300,1504,0.8005319149
Male,Oklahoma,40,"Carter County",40019,762,252,1014,0.7514792899
Male,Oklahoma,40,"Cherokee County",40021,462,164,626,0.7380191693
Male,Oklahoma,40,"Choctaw County",40023,268,107,375,0.7146666667
Male,Oklahoma,40,"Cimarron County",40025,45,16,61,0.737704918
Male,Oklahoma,40,"Cleveland County",40027,2482,605,3087,0.8040168448
Male,Oklahoma,40,"Coal County",40029,103,24,127,0.811023622
Male,Oklahoma,40,"Comanche County",40031,823,274,1097,0.7502278943
Male,Oklahoma,40,"Cotton County",40033,88,22,110,0.8
Male,Oklahoma,40,"Craig County",40035,219,60,279,0.7849462366
Male,Oklahoma,40,"Creek County",40037,875,269,1144,0.7648601399
Male,Oklahoma,40,"Custer County",40039,332,105,437,0.7597254005
Male,Oklahoma,40,"Delaware County",40041,725,229,954,0.7599580713
Male,Oklahoma,40,"Dewey County",40043,75,32,107,0.7009345794
Male,Oklahoma,40,"Ellis County",40045,88,24,112,0.7857142857
Male,Oklahoma,40,"Garfield County",40047,898,236,1134,0.7918871252
Male,Oklahoma,40,"Garvin County",40049,436,121,557,0.7827648115
Male,Oklahoma,40,"Grady County",40051,722,173,895,0.8067039106
Male,Oklahoma,40,"Grant County",40053,100,26,126,0.7936507937
Male,Oklahoma,40,"Greer County",40055,98,32,130,0.7538461538
Male,Oklahoma,40,"Harmon County",40057,66,22,88,0.75
Male,Oklahoma,40,"Harper County",40059,79,14,93,0.8494623656
Male,Oklahoma,40,"Haskell County",40061,216,71,287,0.7526132404
Male,Oklahoma,40,"Hughes County",40063,192,60,252,0.7619047619
Male,Oklahoma,40,"Jackson County",40065,270,75,345,0.7826086957
Male,Oklahoma,40,"Jefferson County",40067,120,31,151,0.7947019868
Male,Oklahoma,40,"Johnston County",40069,170,62,232,0.7327586207
Male,Oklahoma,40,"Kay County",40071,770,228,998,0.7715430862
Male,Oklahoma,40,"Kingfisher County",40073,233,61,294,0.7925170068
Male,Oklahoma,40,"Kiowa County",40075,181,45,226,0.8008849558
Male,Oklahoma,40,"Latimer County",40077,192,62,254,0.7559055118
Male,Oklahoma,40,"Le Flore County",40079,851,279,1130,0.7530973451
Male,Oklahoma,40,"Lincoln County",40081,412,119,531,0.7758945386
Male,Oklahoma,40,"Logan County",40083,491,135,626,0.7843450479
Male,Oklahoma,40,"Love County",40085,188,60,248,0.7580645161
Male,Oklahoma,40,"McClain County",40087,499,135,634,0.7870662461
Male,Oklahoma,40,"McCurtain County",40089,528,236,764,0.6910994764
Male,Oklahoma,40,"McIntosh County",40091,359,98,457,0.7855579869
Male,Oklahoma,40,"Major County",40093,150,33,183,0.8196721311
Male,Oklahoma,40,"Marshall County",40095,286,103,389,0.735218509
Male,Oklahoma,40,"Mayes County",40097,594,173,767,0.7744458931
Male,Oklahoma,40,"Murray County",40099,213,73,286,0.7447552448
Male,Oklahoma,40,"Muskogee County",40101,930,330,1260,0.7380952381
Male,Oklahoma,40,"Noble County",40103,224,48,272,0.8235294118
Male,Oklahoma,40,"Nowata County",40105,144,48,192,0.75
Male,Oklahoma,40,"Okfuskee County",40107,178,58,236,0.7542372881
Male,Oklahoma,40,"Oklahoma County",40109,6344,1838,8182,0.7753605475
Male,Oklahoma,40,"Okmulgee County",40111,529,196,725,0.7296551724
Male,Oklahoma,40,"Osage County",40113,627,196,823,0.7618469016
Male,Oklahoma,40,"Ottawa County",40115,484,145,629,0.7694753577
Male,Oklahoma,40,"Pawnee County",40117,245,70,315,0.7777777778
Male,Oklahoma,40,"Payne County",40119,978,269,1247,0.7842822775
Male,Oklahoma,40,"Pittsburg County",40121,690,210,900,0.7666666667
Male,Oklahoma,40,"Pontotoc County",40123,547,156,703,0.7780938834
Male,Oklahoma,40,"Pottawatomie County",40125,798,237,1035,0.7710144928
Male,Oklahoma,40,"Pushmataha County",40127,206,83,289,0.7128027682
Male,Oklahoma,40,"Roger Mills County",40129,53,19,72,0.7361111111
Male,Oklahoma,40,"Rogers County",40131,1184,300,1484,0.7978436658
Male,Oklahoma,40,"Seminole County",40133,372,119,491,0.7576374745
Male,Oklahoma,40,"Sequoyah County",40135,585,220,805,0.7267080745
Male,Oklahoma,40,"Stephens County",40137,725,216,941,0.7704569607
Male,Oklahoma,40,"Texas County",40139,198,68,266,0.7443609023
Male,Oklahoma,40,"Tillman County",40141,122,44,166,0.734939759
Male,Oklahoma,40,"Tulsa County",40143,5959,1790,7749,0.7690024519
Male,Oklahoma,40,"Wagoner County",40145,821,268,1089,0.753902663
Male,Oklahoma,40,"Washington County",40147,941,222,1163,0.8091143594
Male,Oklahoma,40,"Washita County",40149,172,46,218,0.7889908257
Male,Oklahoma,40,"Woods County",40151,179,50,229,0.7816593886
Male,Oklahoma,40,"Woodward County",40153,310,63,373,0.8310991957
Male,Oklahoma,40,,40999,.,.,.,0.8157894737
Male,Oregon,41,"Baker County",41001,264,55,319,0.8275862069
Male,Oregon,41,"Benton County",41003,653,143,796,0.8203517588
Male,Oregon,41,"Clackamas County",41005,2307,549,2856,0.8077731092
Male,Oregon,41,"Clatsop County",41007,641,126,767,0.8357235984
Male,Oregon,41,"Columbia County",41009,432,114,546,0.7912087912
Male,Oregon,41,"Coos County",41011,1410,359,1769,0.7970604862
Male,Oregon,41,"Crook County",41013,330,69,399,0.8270676692
Male,Oregon,41,"Curry County",41015,588,165,753,0.780876494
Male,Oregon,41,"Deschutes County",41017,1923,488,2411,0.7975943592
Male,Oregon,41,"Douglas County",41019,1660,435,2095,0.7923627685
Male,Oregon,41,"Gilliam County",41021,.,.,.,0.7428571429
Male,Oregon,41,"Grant County",41023,117,26,143,0.8181818182
Male,Oregon,41,"Harney County",41025,112,30,142,0.7887323944
Male,Oregon,41,"Hood River County",41027,176,35,211,0.8341232227
Male,Oregon,41,"Jackson County",41029,2647,697,3344,0.7915669856
Male,Oregon,41,"Jefferson County",41031,236,55,291,0.8109965636
Male,Oregon,41,"Josephine County",41033,1298,342,1640,0.7914634146
Male,Oregon,41,"Klamath County",41035,893,212,1105,0.8081447964
Male,Oregon,41,"Lake County",41037,131,30,161,0.8136645963
Male,Oregon,41,"Lane County",41039,3579,892,4471,0.8004920599
Male,Oregon,41,"Lincoln County",41041,965,204,1169,0.8254918734
Male,Oregon,41,"Linn County",41043,1290,289,1579,0.8169727676
Male,Oregon,41,"Malheur County",41045,422,97,519,0.8131021195
Male,Oregon,41,"Marion County",41047,2129,507,2636,0.8076631259
Male,Oregon,41,"Morrow County",41049,142,44,186,0.7634408602
Male,Oregon,41,"Multnomah County",41051,3449,957,4406,0.782796187
Male,Oregon,41,"Polk County",41053,589,173,762,0.7729658793
Male,Oregon,41,"Sherman County",41055,.,.,.,0.8723404255
Male,Oregon,41,"Tillamook County",41057,483,134,617,0.7828200972
Male,Oregon,41,"Umatilla County",41059,961,260,1221,0.7870597871
Male,Oregon,41,"Union County",41061,391,104,495,0.7898989899
Male,Oregon,41,"Wallowa County",41063,152,25,177,0.8587570621
Male,Oregon,41,"Wasco County",41065,400,94,494,0.8097165992
Male,Oregon,41,"Washington County",41067,2566,587,3153,0.8138281002
Male,Oregon,41,"Wheeler County",41069,.,.,.,0.8
Male,Oregon,41,"Yamhill County",41071,828,170,998,0.8296593186
Male,Oregon,41,,41999,.,.,.,0.84
Male,Pennsylvania,42,"Adams County",42001,1560,320,1880,0.829787234
Male,Pennsylvania,42,"Allegheny County",42003,8076,1899,9975,0.8096240602
Male,Pennsylvania,42,"Armstrong County",42005,608,126,734,0.8283378747
Male,Pennsylvania,42,"Beaver County",42007,1425,326,1751,0.8138206739
Male,Pennsylvania,42,"Bedford County",42009,687,151,838,0.8198090692
Male,Pennsylvania,42,"Berks County",42011,6087,1116,7203,0.8450645564
Male,Pennsylvania,42,"Blair County",42013,1409,329,1738,0.8107019563
Male,Pennsylvania,42,"Bradford County",42015,1119,232,1351,0.8282753516
Male,Pennsylvania,42,"Bucks County",42017,9121,1632,10753,0.8482284014
Male,Pennsylvania,42,"Butler County",42019,1605,361,1966,0.8163784334
Male,Pennsylvania,42,"Cambria County",42021,1411,297,1708,0.8261124122
Male,Pennsylvania,42,"Cameron County",42023,114,31,145,0.7862068966
Male,Pennsylvania,42,"Carbon County",42025,1184,258,1442,0.8210818308
Male,Pennsylvania,42,"Centre County",42027,1235,202,1437,0.8594293667
Male,Pennsylvania,42,"Chester County",42029,6560,1168,7728,0.8488612836
Male,Pennsylvania,42,"Clarion County",42031,569,99,668,0.8517964072
Male,Pennsylvania,42,"Clearfield County",42033,1223,275,1498,0.8164218959
Male,Pennsylvania,42,"Clinton County",42035,575,90,665,0.8646616541
Male,Pennsylvania,42,"Columbia County",42037,931,156,1087,0.8564857406
Male,Pennsylvania,42,"Crawford County",42039,1444,302,1746,0.8270332188
Male,Pennsylvania,42,"Cumberland County",42041,2532,475,3007,0.8420352511
Male,Pennsylvania,42,"Dauphin County",42043,2325,550,2875,0.8086956522
Male,Pennsylvania,42,"Delaware County",42045,6440,1358,7798,0.8258527828
Male,Pennsylvania,42,"Elk County",42047,699,129,828,0.8442028986
Male,Pennsylvania,42,"Erie County",42049,3177,730,3907,0.8131558741
Male,Pennsylvania,42,"Fayette County",42051,1710,408,2118,0.8073654391
Male,Pennsylvania,42,"Forest County",42053,117,19,136,0.8602941176
Male,Pennsylvania,42,"Franklin County",42055,2444,443,2887,0.8465535158
Male,Pennsylvania,42,"Fulton County",42057,279,47,326,0.8558282209
Male,Pennsylvania,42,"Greene County",42059,404,88,492,0.8211382114
Male,Pennsylvania,42,"Huntingdon County",42061,721,136,857,0.8413068845
Male,Pennsylvania,42,"Indiana County",42063,738,171,909,0.8118811881
Male,Pennsylvania,42,"Jefferson County",42065,695,143,838,0.8293556086
Male,Pennsylvania,42,"Juniata County",42067,364,80,444,0.8198198198
Male,Pennsylvania,42,"Lackawanna County",42069,3357,675,4032,0.8325892857
Male,Pennsylvania,42,"Lancaster County",42071,6814,1243,8057,0.845724215
Male,Pennsylvania,42,"Lawrence County",42073,954,228,1182,0.807106599
Male,Pennsylvania,42,"Lebanon County",42075,1720,336,2056,0.8365758755
Male,Pennsylvania,42,"Lehigh County",42077,5099,957,6056,0.8419749009
Male,Pennsylvania,42,"Luzerne County",42079,5249,1142,6391,0.8213112189
Male,Pennsylvania,42,"Lycoming County",42081,1882,396,2278,0.8261633011
Male,Pennsylvania,42,"Mc Kean County",42083,745,159,904,0.8241150442
Male,Pennsylvania,42,"Mercer County",42085,1470,311,1781,0.8253790006
Male,Pennsylvania,42,"Mifflin County",42087,782,164,946,0.8266384778
Male,Pennsylvania,42,"Monroe County",42089,2487,539,3026,0.8218770654
Male,Pennsylvania,42,"Montgomery County",42091,10538,2039,12577,0.8378786674
Male,Pennsylvania,42,"Montour County",42093,245,45,290,0.8448275862
Male,Pennsylvania,42,"Northampton County",42095,5152,924,6076,0.8479262673
Male,Pennsylvania,42,"Northumberland County",42097,1613,336,1949,0.8276038994
Male,Pennsylvania,42,"Perry County",42099,532,113,645,0.8248062016
Male,Pennsylvania,42,"Philadelphia County",42101,11822,3651,15473,0.7640405868
Male,Pennsylvania,42,"Pike County",42103,1212,261,1473,0.8228105906
Male,Pennsylvania,42,"Potter County",42105,313,65,378,0.828042328
Male,Pennsylvania,42,"Schuylkill County",42107,2495,573,3068,0.8132333768
Male,Pennsylvania,42,"Snyder County",42109,577,102,679,0.8497790869
Male,Pennsylvania,42,"Somerset County",42111,948,194,1142,0.8301225919
Male,Pennsylvania,42,"Sullivan County",42113,138,29,167,0.8263473054
Male,Pennsylvania,42,"Susquehanna County",42115,841,172,1013,0.830207305
Male,Pennsylvania,42,"Tioga County",42117,780,173,953,0.8184679958
Male,Pennsylvania,42,"Union County",42119,550,99,649,0.8474576271
Male,Pennsylvania,42,"Venango County",42121,780,181,961,0.8116545265
Male,Pennsylvania,42,"Warren County",42123,776,156,932,0.8326180258
Male,Pennsylvania,42,"Washington County",42125,1775,407,2182,0.8134738772
Male,Pennsylvania,42,"Wayne County",42127,1211,221,1432,0.8456703911
Male,Pennsylvania,42,"Westmoreland County",42129,3324,672,3996,0.8318318318
Male,Pennsylvania,42,"Wyoming County",42131,472,87,559,0.8443649374
Male,Pennsylvania,42,"York County",42133,5611,1052,6663,0.8421131622
Male,Pennsylvania,42,,42999,63,19,82,0.7682926829
Male,"Rhode Island",44,"Bristol County",44001,596,98,694,0.8587896254
Male,"Rhode Island",44,"Kent County",44003,2055,380,2435,0.8439425051
Male,"Rhode Island",44,"Newport County",44005,1090,216,1306,0.8346094946
Male,"Rhode Island",44,"Providence County",44007,6195,1305,7500,0.826
Male,"Rhode Island",44,"Washington County",44009,1904,327,2231,0.8534289556
Male,"Rhode Island",44,,44999,.,0,.,1
Male,"South Carolina",45,"Abbeville County",45001,361,100,461,0.7830802603
Male,"South Carolina",45,"Aiken County",45003,2263,583,2846,0.7951510892
Male,"South Carolina",45,"Allendale County",45005,101,46,147,0.6870748299
Male,"South Carolina",45,"Anderson County",45007,2606,692,3298,0.7901758642
Male,"South Carolina",45,"Bamberg County",45009,191,80,271,0.704797048
Male,"South Carolina",45,"Barnwell County",45011,302,112,414,0.729468599
Male,"South Carolina",45,"Beaufort County",45013,3170,716,3886,0.815748842
Male,"South Carolina",45,"Berkeley County",45015,1544,421,1965,0.7857506361
Male,"South Carolina",45,"Calhoun County",45017,205,66,271,0.7564575646
Male,"South Carolina",45,"Charleston County",45019,3435,883,4318,0.7955071792
Male,"South Carolina",45,"Cherokee County",45021,762,208,970,0.7855670103
Male,"South Carolina",45,"Chester County",45023,500,177,677,0.7385524372
Male,"South Carolina",45,"Chesterfield County",45025,708,204,912,0.7763157895
Male,"South Carolina",45,"Clarendon County",45027,529,192,721,0.73370319
Male,"South Carolina",45,"Colleton County",45029,493,206,699,0.7052932761
Male,"South Carolina",45,"Darlington County",45031,1119,361,1480,0.7560810811
Male,"South Carolina",45,"Dillon County",45033,485,170,655,0.7404580153
Male,"South Carolina",45,"Dorchester County",45035,1202,321,1523,0.7892317794
Male,"South Carolina",45,"Edgefield County",45037,343,100,443,0.7742663657
Male,"South Carolina",45,"Fairfield County",45039,298,118,416,0.7163461538
Male,"South Carolina",45,"Florence County",45041,2068,696,2764,0.7481910275
Male,"South Carolina",45,"Georgetown County",45043,1481,362,1843,0.8035811177
Male,"South Carolina",45,"Greenville County",45045,5526,1382,6908,0.7999420961
Male,"South Carolina",45,"Greenwood County",45047,966,317,1283,0.7529228371
Male,"South Carolina",45,"Hampton County",45049,249,88,337,0.7388724036
Male,"South Carolina",45,"Horry County",45051,7463,1613,9076,0.8222785368
Male,"South Carolina",45,"Jasper County",45053,396,117,513,0.7719298246
Male,"South Carolina",45,"Kershaw County",45055,958,262,1220,0.7852459016
Male,"South Carolina",45,"Lancaster County",45057,1629,427,2056,0.7923151751
Male,"South Carolina",45,"Laurens County",45059,1028,278,1306,0.787136294
Male,"South Carolina",45,"Lee County",45061,278,112,390,0.7128205128
Male,"South Carolina",45,"Lexington County",45063,3417,851,4268,0.8006091846
Male,"South Carolina",45,"McCormick County",45065,235,63,298,0.788590604
Male,"South Carolina",45,"Marion County",45067,494,211,705,0.7007092199
Male,"South Carolina",45,"Marlboro County",45069,430,155,585,0.735042735
Male,"South Carolina",45,"Newberry County",45071,611,166,777,0.7863577864
Male,"South Carolina",45,"Oconee County",45073,1487,343,1830,0.812568306
Male,"South Carolina",45,"Orangeburg County",45075,1016,343,1359,0.7476085357
Male,"South Carolina",45,"Pickens County",45077,1485,363,1848,0.8035714286
Male,"South Carolina",45,"Richland County",45079,3196,938,4134,0.7731011127
Male,"South Carolina",45,"Saluda County",45081,324,80,404,0.801980198
Male,"South Carolina",45,"Spartanburg County",45083,3803,1067,4870,0.7809034908
Male,"South Carolina",45,"Sumter County",45085,1107,371,1478,0.748985115
Male,"South Carolina",45,"Union County",45087,442,119,561,0.7878787879
Male,"South Carolina",45,"Williamsburg County",45089,501,203,704,0.7116477273
Male,"South Carolina",45,"York County",45091,3034,724,3758,0.8073443321
Male,"South Carolina",45,,45999,30,16,46,0.652173913
Male,"South Dakota",46,"Aurora County",46003,.,.,.,0.8923076923
Male,"South Dakota",46,"Beadle County",46005,332,80,412,0.8058252427
Male,"South Dakota",46,"Bennett County",46007,.,.,.,0.7804878049
Male,"South Dakota",46,"Bon Homme County",46009,126,14,140,0.9
Male,"South Dakota",46,"Brookings County",46011,404,58,462,0.8744588745
Male,"South Dakota",46,"Brown County",46013,744,113,857,0.8681446908
Male,"South Dakota",46,"Brule County",46015,107,13,120,0.8916666667
Male,"South Dakota",46,"Buffalo County",46017,.,.,.,0.4
Male,"South Dakota",46,"Butte County",46019,170,29,199,0.8542713568
Male,"South Dakota",46,"Campbell County",46021,.,.,.,0.8863636364
Male,"South Dakota",46,"Charles Mix County",46023,173,33,206,0.8398058252
Male,"South Dakota",46,"Clark County",46025,.,.,.,0.9069767442
Male,"South Dakota",46,"Clay County",46027,203,35,238,0.8529411765
Male,"South Dakota",46,"Codington County",46029,413,69,482,0.856846473
Male,"South Dakota",46,"Corson County",46031,17,21,38,0.4473684211
Male,"South Dakota",46,"Custer County",46033,158,32,190,0.8315789474
Male,"South Dakota",46,"Davison County",46035,388,58,446,0.869955157
Male,"South Dakota",46,"Day County",46037,155,24,179,0.8659217877
Male,"South Dakota",46,"Deuel County",46039,75,12,87,0.8620689655
Male,"South Dakota",46,"Dewey County",46041,41,12,53,0.7735849057
Male,"South Dakota",46,"Douglas County",46043,72,17,89,0.808988764
Male,"South Dakota",46,"Edmunds County",46045,108,15,123,0.8780487805
Male,"South Dakota",46,"Fall River County",46047,113,19,132,0.8560606061
Male,"South Dakota",46,"Faulk County",46049,.,.,.,0.8648648649
Male,"South Dakota",46,"Grant County",46051,141,30,171,0.8245614035
Male,"South Dakota",46,"Gregory County",46053,90,26,116,0.775862069
Male,"South Dakota",46,"Haakon County",46055,.,.,.,0.8939393939
Male,"South Dakota",46,"Hamlin County",46057,92,19,111,0.8288288288
Male,"South Dakota",46,"Hand County",46059,.,.,.,0.9047619048
Male,"South Dakota",46,"Hanson County",46061,114,23,137,0.8321167883
Male,"South Dakota",46,"Harding County",46063,.,.,.,0.92
Male,"South Dakota",46,"Hughes County",46065,281,35,316,0.8892405063
Male,"South Dakota",46,"Hutchinson County",46067,157,32,189,0.8306878307
Male,"South Dakota",46,"Hyde County",46069,.,.,.,0.7692307692
Male,"South Dakota",46,"Jackson County",46071,.,.,.,0.8780487805
Male,"South Dakota",46,"Jerauld County",46073,.,.,.,0.8571428571
Male,"South Dakota",46,"Jones County",46075,.,.,.,0.8695652174
Male,"South Dakota",46,"Kingsbury County",46077,130,22,152,0.8552631579
Male,"South Dakota",46,"Lake County",46079,228,28,256,0.890625
Male,"South Dakota",46,"Lawrence County",46081,381,59,440,0.8659090909
Male,"South Dakota",46,"Lincoln County",46083,621,96,717,0.8661087866
Male,"South Dakota",46,"Lyman County",46085,.,.,.,0.9122807018
Male,"South Dakota",46,"McCook County",46087,105,14,119,0.8823529412
Male,"South Dakota",46,"McPherson County",46089,78,12,90,0.8666666667
Male,"South Dakota",46,"Marshall County",46091,92,17,109,0.8440366972
Male,"South Dakota",46,"Meade County",46093,275,53,328,0.8384146341
Male,"South Dakota",46,"Mellette County",46095,.,.,.,0.9090909091
Male,"South Dakota",46,"Miner County",46097,49,11,60,0.8166666667
Male,"South Dakota",46,"Minnehaha County",46099,2471,463,2934,0.8421949557
Male,"South Dakota",46,"Moody County",46101,105,15,120,0.875
Male,"South Dakota",46,,46102,18,45,63,0.2857142857
Male,"South Dakota",46,"Pennington County",46103,1417,309,1726,0.8209733488
Male,"South Dakota",46,"Perkins County",46105,65,13,78,0.8333333333
Male,"South Dakota",46,"Potter County",46107,67,12,79,0.8481012658
Male,"South Dakota",46,"Roberts County",46109,175,29,204,0.8578431373
Male,"South Dakota",46,"Sanborn County",46111,.,.,.,0.8333333333
Male,"South Dakota",46,"Spink County",46115,186,24,210,0.8857142857
Male,"South Dakota",46,"Stanley County",46117,.,.,.,0.8571428571
Male,"South Dakota",46,"Sully County",46119,.,.,.,0.8157894737
Male,"South Dakota",46,"Todd County",46121,28,25,53,0.5283018868
Male,"South Dakota",46,"Tripp County",46123,111,20,131,0.8473282443
Male,"South Dakota",46,"Turner County",46125,165,24,189,0.873015873
Male,"South Dakota",46,"Union County",46127,274,47,321,0.8535825545
Male,"South Dakota",46,"Walworth County",46129,115,17,132,0.8712121212
Male,"South Dakota",46,"Yankton County",46135,400,65,465,0.8602150538
Male,"South Dakota",46,"Ziebach County",46137,.,.,.,0.6363636364
Male,"South Dakota",46,,46999,.,.,.,0.9375
Male,Tennessee,47,"Anderson County",47001,966,250,1216,0.7944078947
Male,Tennessee,47,"Bedford County",47003,499,112,611,0.8166939444
Male,Tennessee,47,"Benton County",47005,345,94,439,0.7858769932
Male,Tennessee,47,"Bledsoe County",47007,229,72,301,0.7607973422
Male,Tennessee,47,"Blount County",47009,1512,349,1861,0.8124664159
Male,Tennessee,47,"Bradley County",47011,1312,304,1616,0.8118811881
Male,Tennessee,47,"Campbell County",47013,538,166,704,0.7642045455
Male,Tennessee,47,"Cannon County",47015,178,56,234,0.7606837607
Male,Tennessee,47,"Carroll County",47017,610,151,761,0.8015768725
Male,Tennessee,47,"Carter County",47019,665,186,851,0.7814336075
Male,Tennessee,47,"Cheatham County",47021,371,88,459,0.8082788671
Male,Tennessee,47,"Chester County",47023,281,71,352,0.7982954545
Male,Tennessee,47,"Claiborne County",47025,531,154,685,0.7751824818
Male,Tennessee,47,"Clay County",47027,184,37,221,0.8325791855
Male,Tennessee,47,"Cocke County",47029,579,161,740,0.7824324324
Male,Tennessee,47,"Coffee County",47031,759,213,972,0.7808641975
Male,Tennessee,47,"Crockett County",47033,254,66,320,0.79375
Male,Tennessee,47,"Cumberland County",47035,1807,410,2217,0.8150654037
Male,Tennessee,47,"Davidson County",47037,4030,1143,5173,0.7790450416
Male,Tennessee,47,"Decatur County",47039,249,56,305,0.8163934426
Male,Tennessee,47,"DeKalb County",47041,281,78,359,0.782729805
Male,Tennessee,47,"Dickson County",47043,570,143,713,0.7994389902
Male,Tennessee,47,"Dyer County",47045,664,207,871,0.7623421355
Male,Tennessee,47,"Fayette County",47047,701,207,908,0.7720264317
Male,Tennessee,47,"Fentress County",47049,496,119,615,0.806504065
Male,Tennessee,47,"Franklin County",47051,661,189,850,0.7776470588
Male,Tennessee,47,"Gibson County",47053,843,244,1087,0.7755289788
Male,Tennessee,47,"Giles County",47055,539,139,678,0.7949852507
Male,Tennessee,47,"Grainger County",47057,340,88,428,0.7943925234
Male,Tennessee,47,"Greene County",47059,1064,211,1275,0.8345098039
Male,Tennessee,47,"Grundy County",47061,302,67,369,0.8184281843
Male,Tennessee,47,"Hamblen County",47063,814,198,1012,0.8043478261
Male,Tennessee,47,"Hamilton County",47065,4055,1034,5089,0.7968166634
Male,Tennessee,47,"Hancock County",47067,133,25,158,0.8417721519
Male,Tennessee,47,"Hardeman County",47069,423,145,568,0.7447183099
Male,Tennessee,47,"Hardin County",47071,569,157,726,0.7837465565
Male,Tennessee,47,"Hawkins County",47073,786,166,952,0.8256302521
Male,Tennessee,47,"Haywood County",47075,249,96,345,0.7217391304
Male,Tennessee,47,"Henderson County",47077,468,128,596,0.7852348993
Male,Tennessee,47,"Henry County",47079,722,163,885,0.815819209
Male,Tennessee,47,"Hickman County",47081,293,81,374,0.7834224599
Male,Tennessee,47,"Houston County",47083,112,40,152,0.7368421053
Male,Tennessee,47,"Humphreys County",47085,337,97,434,0.7764976959
Male,Tennessee,47,"Jackson County",47087,289,64,353,0.8186968839
Male,Tennessee,47,"Jefferson County",47089,672,185,857,0.7841306884
Male,Tennessee,47,"Johnson County",47091,279,75,354,0.7881355932
Male,Tennessee,47,"Knox County",47093,4122,1054,5176,0.7963678516
Male,Tennessee,47,"Lake County",47095,120,43,163,0.736196319
Male,Tennessee,47,"Lauderdale County",47097,370,149,519,0.7129094412
Male,Tennessee,47,"Lawrence County",47099,749,200,949,0.789251844
Male,Tennessee,47,"Lewis County",47101,180,35,215,0.8372093023
Male,Tennessee,47,"Lincoln County",47103,543,116,659,0.8239757208
Male,Tennessee,47,"Loudon County",47105,955,234,1189,0.803195963
Male,Tennessee,47,"McMinn County",47107,866,191,1057,0.8192999054
Male,Tennessee,47,"McNairy County",47109,567,137,704,0.8053977273
Male,Tennessee,47,"Macon County",47111,390,101,491,0.7942973523
Male,Tennessee,47,"Madison County",47113,1354,493,1847,0.7330806714
Male,Tennessee,47,"Marion County",47115,454,135,589,0.7707979626
Male,Tennessee,47,"Marshall County",47117,392,95,487,0.8049281314
Male,Tennessee,47,"Maury County",47119,1227,271,1498,0.8190921228
Male,Tennessee,47,"Meigs County",47121,212,62,274,0.7737226277
Male,Tennessee,47,"Monroe County",47123,718,166,884,0.8122171946
Male,Tennessee,47,"Montgomery County",47125,1116,275,1391,0.8023005032
Male,Tennessee,47,"Moore County",47127,115,29,144,0.7986111111
Male,Tennessee,47,"Morgan County",47129,282,84,366,0.7704918033
Male,Tennessee,47,"Obion County",47131,730,186,916,0.7969432314
Male,Tennessee,47,"Overton County",47133,454,111,565,0.803539823
Male,Tennessee,47,"Perry County",47135,152,28,180,0.8444444444
Male,Tennessee,47,"Pickett County",47137,148,39,187,0.7914438503
Male,Tennessee,47,"Polk County",47139,350,79,429,0.8158508159
Male,Tennessee,47,"Putnam County",47141,1132,276,1408,0.8039772727
Male,Tennessee,47,"Rhea County",47143,569,136,705,0.8070921986
Male,Tennessee,47,"Roane County",47145,864,207,1071,0.8067226891
Male,Tennessee,47,"Robertson County",47147,716,159,875,0.8182857143
Male,Tennessee,47,"Rutherford County",47149,2017,507,2524,0.7991283677
Male,Tennessee,47,"Scott County",47151,422,102,524,0.8053435115
Male,Tennessee,47,"Sequatchie County",47153,306,77,383,0.7989556136
Male,Tennessee,47,"Sevier County",47155,1207,292,1499,0.805203469
Male,Tennessee,47,"Shelby County",47157,7718,2615,10333,0.7469273202
Male,Tennessee,47,"Smith County",47159,278,77,355,0.7830985915
Male,Tennessee,47,"Stewart County",47161,214,48,262,0.8167938931
Male,Tennessee,47,"Sullivan County",47163,1924,424,2348,0.8194207836
Male,Tennessee,47,"Sumner County",47165,1881,506,2387,0.7880184332
Male,Tennessee,47,"Tipton County",47167,712,220,932,0.7639484979
Male,Tennessee,47,"Trousdale County",47169,119,31,150,0.7933333333
Male,Tennessee,47,"Unicoi County",47171,268,74,342,0.783625731
Male,Tennessee,47,"Union County",47173,223,88,311,0.7170418006
Male,Tennessee,47,"Van Buren County",47175,137,28,165,0.8303030303
Male,Tennessee,47,"Warren County",47177,650,194,844,0.7701421801
Male,Tennessee,47,"Washington County",47179,1357,382,1739,0.780333525
Male,Tennessee,47,"Wayne County",47181,286,67,353,0.8101983003
Male,Tennessee,47,"Weakley County",47183,684,123,807,0.8475836431
Male,Tennessee,47,"White County",47185,529,138,667,0.7931034483
Male,Tennessee,47,"Williamson County",47187,1885,350,2235,0.8434004474
Male,Tennessee,47,"Wilson County",47189,1484,325,1809,0.8203427308
Male,Tennessee,47,,47999,32,12,44,0.7272727273
Male,Texas,48,"Anderson County",48001,690,181,871,0.7921928817
Male,Texas,48,"Andrews County",48003,129,54,183,0.7049180328
Male,Texas,48,"Angelina County",48005,1297,357,1654,0.7841596131
Male,Texas,48,"Aransas County",48007,374,91,465,0.8043010753
Male,Texas,48,"Archer County",48009,159,33,192,0.828125
Male,Texas,48,"Armstrong County",48011,30,11,41,0.7317073171
Male,Texas,48,"Atascosa County",48013,370,127,497,0.7444668008
Male,Texas,48,"Austin County",48015,458,131,589,0.7775891341
Male,Texas,48,"Bailey County",48017,79,25,104,0.7596153846
Male,Texas,48,"Bandera County",48019,358,96,454,0.7885462555
Male,Texas,48,"Bastrop County",48021,752,230,982,0.7657841141
Male,Texas,48,"Baylor County",48023,79,23,102,0.7745098039
Male,Texas,48,"Bee County",48025,237,83,320,0.740625
Male,Texas,48,"Bell County",48027,1495,495,1990,0.7512562814
Male,Texas,48,"Bexar County",48029,9308,2971,12279,0.7580421858
Male,Texas,48,"Blanco County",48031,213,41,254,0.8385826772
Male,Texas,48,"Borden County",48033,.,.,.,0.75
Male,Texas,48,"Bosque County",48035,279,84,363,0.7685950413
Male,Texas,48,"Bowie County",48037,991,331,1322,0.7496217852
Male,Texas,48,"Brazoria County",48039,2924,869,3793,0.7708937516
Male,Texas,48,"Brazos County",48041,1490,388,1878,0.7933972311
Male,Texas,48,"Brewster County",48043,83,39,122,0.6803278689
Male,Texas,48,"Briscoe County",48045,.,.,.,0.78125
Male,Texas,48,"Brooks County",48047,92,39,131,0.7022900763
Male,Texas,48,"Brown County",48049,674,179,853,0.7901524033
Male,Texas,48,"Burleson County",48051,272,96,368,0.7391304348
Male,Texas,48,"Burnet County",48053,786,201,987,0.7963525836
Male,Texas,48,"Caldwell County",48055,364,138,502,0.7250996016
Male,Texas,48,"Calhoun County",48057,261,77,338,0.7721893491
Male,Texas,48,"Callahan County",48059,217,57,274,0.7919708029
Male,Texas,48,"Cameron County",48061,3026,1054,4080,0.7416666667
Male,Texas,48,"Camp County",48063,190,42,232,0.8189655172
Male,Texas,48,"Carson County",48065,95,17,112,0.8482142857
Male,Texas,48,"Cass County",48067,521,155,676,0.7707100592
Male,Texas,48,"Castro County",48069,98,33,131,0.7480916031
Male,Texas,48,"Chambers County",48071,388,123,511,0.759295499
Male,Texas,48,"Cherokee County",48073,760,237,997,0.7622868606
Male,Texas,48,"Childress County",48075,88,22,110,0.8
Male,Texas,48,"Clay County",48077,182,48,230,0.7913043478
Male,Texas,48,"Cochran County",48079,36,12,48,0.75
Male,Texas,48,"Coke County",48081,68,24,92,0.7391304348
Male,Texas,48,"Coleman County",48083,174,43,217,0.801843318
Male,Texas,48,"Collin County",48085,7078,1686,8764,0.8076220904
Male,Texas,48,"Collingsworth County",48087,56,21,77,0.7272727273
Male,Texas,48,"Colorado County",48089,426,122,548,0.7773722628
Male,Texas,48,"Comal County",48091,1779,414,2193,0.8112175103
Male,Texas,48,"Comanche County",48093,243,70,313,0.7763578275
Male,Texas,48,"Concho County",48095,.,.,.,0.8648648649
Male,Texas,48,"Cooke County",48097,588,176,764,0.7696335079
Male,Texas,48,"Coryell County",48099,286,81,367,0.7792915531
Male,Texas,48,"Cottle County",48101,23,12,35,0.6571428571
Male,Texas,48,"Crane County",48103,.,.,.,0.875
Male,Texas,48,"Crockett County",48105,50,17,67,0.7462686567
Male,Texas,48,"Crosby County",48107,88,28,116,0.7586206897
Male,Texas,48,"Culberson County",48109,34,13,47,0.7234042553
Male,Texas,48,"Dallam County",48111,69,22,91,0.7582417582
Male,Texas,48,"Dallas County",48113,14966,5089,20055,0.7462478185
Male,Texas,48,"Dawson County",48115,172,37,209,0.8229665072
Male,Texas,48,"Deaf Smith County",48117,176,61,237,0.7426160338
Male,Texas,48,"Delta County",48119,97,31,128,0.7578125
Male,Texas,48,"Denton County",48121,5717,1490,7207,0.7932565561
Male,Texas,48,"DeWitt County",48123,316,108,424,0.7452830189
Male,Texas,48,"Dickens County",48125,.,.,.,0.8510638298
Male,Texas,48,"Dimmit County",48127,99,50,149,0.6644295302
Male,Texas,48,"Donley County",48129,80,24,104,0.7692307692
Male,Texas,48,"Duval County",48131,142,40,182,0.7802197802
Male,Texas,48,"Eastland County",48133,305,102,407,0.7493857494
Male,Texas,48,"Ector County",48135,1022,428,1450,0.7048275862
Male,Texas,48,"Edwards County",48137,43,11,54,0.7962962963
Male,Texas,48,"Ellis County",48139,1597,479,2076,0.7692678227
Male,Texas,48,"El Paso County",48141,3543,1363,4906,0.7221769262
Male,Texas,48,"Erath County",48143,479,108,587,0.8160136286
Male,Texas,48,"Falls County",48145,156,54,210,0.7428571429
Male,Texas,48,"Fannin County",48147,497,140,637,0.7802197802
Male,Texas,48,"Fayette County",48149,529,139,668,0.7919161677
Male,Texas,48,"Fisher County",48151,67,16,83,0.8072289157
Male,Texas,48,"Floyd County",48153,94,29,123,0.7642276423
Male,Texas,48,"Foard County",48155,.,.,.,0.8518518519
Male,Texas,48,"Fort Bend County",48157,5105,1435,6540,0.7805810398
Male,Texas,48,"Franklin County",48159,193,27,220,0.8772727273
Male,Texas,48,"Freestone County",48161,325,94,419,0.7756563246
Male,Texas,48,"Frio County",48163,152,70,222,0.6846846847
Male,Texas,48,"Gaines County",48165,138,45,183,0.7540983607
Male,Texas,48,"Galveston County",48167,3357,1034,4391,0.764518333
Male,Texas,48,"Garza County",48169,42,20,62,0.6774193548
Male,Texas,48,"Gillespie County",48171,553,121,674,0.8204747774
Male,Texas,48,"Glasscock County",48173,.,.,.,0.7894736842
Male,Texas,48,"Goliad County",48175,121,26,147,0.8231292517
Male,Texas,48,"Gonzales County",48177,284,122,406,0.6995073892
Male,Texas,48,"Gray County",48179,341,84,425,0.8023529412
Male,Texas,48,"Grayson County",48181,2013,601,2614,0.7700841622
Male,Texas,48,"Gregg County",48183,1603,455,2058,0.7789115646
Male,Texas,48,"Grimes County",48185,375,159,534,0.702247191
Male,Texas,48,"Guadalupe County",48187,1218,307,1525,0.7986885246
Male,Texas,48,"Hale County",48189,342,113,455,0.7516483516
Male,Texas,48,"Hall County",48191,62,20,82,0.756097561
Male,Texas,48,"Hamilton County",48193,155,39,194,0.7989690722
Male,Texas,48,"Hansford County",48195,86,19,105,0.819047619
Male,Texas,48,"Hardeman County",48197,96,15,111,0.8648648649
Male,Texas,48,"Hardin County",48199,707,173,880,0.8034090909
Male,Texas,48,"Harris County",48201,24730,7907,32637,0.7577289579
Male,Texas,48,"Harrison County",48203,847,257,1104,0.7672101449
Male,Texas,48,"Hartley County",48205,49,12,61,0.8032786885
Male,Texas,48,"Haskell County",48207,124,29,153,0.8104575163
Male,Texas,48,"Hays County",48209,1438,366,1804,0.7971175166
Male,Texas,48,"Hemphill County",48211,49,13,62,0.7903225806
Male,Texas,48,"Henderson County",48213,1360,389,1749,0.7775871927
Male,Texas,48,"Hidalgo County",48215,6009,1956,7965,0.7544256121
Male,Texas,48,"Hill County",48217,541,166,707,0.7652050919
Male,Texas,48,"Hockley County",48219,258,83,341,0.7565982405
Male,Texas,48,"Hood County",48221,1165,287,1452,0.8023415978
Male,Texas,48,"Hopkins County",48223,628,182,810,0.775308642
Male,Texas,48,"Houston County",48225,416,127,543,0.7661141805
Male,Texas,48,"Howard County",48227,289,98,387,0.7467700258
Male,Texas,48,"Hudspeth County",48229,34,15,49,0.693877551
Male,Texas,48,"Hunt County",48231,1083,382,1465,0.7392491468
Male,Texas,48,"Hutchinson County",48233,323,93,416,0.7764423077
Male,Texas,48,"Irion County",48235,.,.,.,0.6774193548
Male,Texas,48,"Jack County",48237,156,42,198,0.7878787879
Male,Texas,48,"Jackson County",48239,206,56,262,0.786259542
Male,Texas,48,"Jasper County",48241,590,210,800,0.7375
Male,Texas,48,"Jeff Davis County",48243,42,12,54,0.7777777778
Male,Texas,48,"Jefferson County",48245,2449,747,3196,0.7662703379
Male,Texas,48,"Jim Hogg County",48247,55,19,74,0.7432432432
Male,Texas,48,"Jim Wells County",48249,376,157,533,0.7054409006
Male,Texas,48,"Johnson County",48251,1621,478,2099,0.7722725107
Male,Texas,48,"Jones County",48253,259,67,326,0.7944785276
Male,Texas,48,"Karnes County",48255,194,83,277,0.7003610108
Male,Texas,48,"Kaufman County",48257,1163,341,1504,0.7732712766
Male,Texas,48,"Kendall County",48259,575,146,721,0.7975034674
Male,Texas,48,"Kenedy County",48261,.,0,.,1
Male,Texas,48,"Kent County",48263,.,.,.,0.6666666667
Male,Texas,48,"Kerr County",48265,881,207,1088,0.8097426471
Male,Texas,48,"Kimble County",48267,99,22,121,0.8181818182
Male,Texas,48,"King County",48269,.,.,.,0.6
Male,Texas,48,"Kinney County",48271,44,18,62,0.7096774194
Male,Texas,48,"Kleberg County",48273,168,68,236,0.7118644068
Male,Texas,48,"Knox County",48275,77,23,100,0.77
Male,Texas,48,"Lamar County",48277,846,265,1111,0.7614761476
Male,Texas,48,"Lamb County",48279,165,54,219,0.7534246575
Male,Texas,48,"Lampasas County",48281,220,69,289,0.7612456747
Male,Texas,48,"La Salle County",48283,62,32,94,0.6595744681
Male,Texas,48,"Lavaca County",48285,459,113,572,0.8024475524
Male,Texas,48,"Lee County",48287,233,71,304,0.7664473684
Male,Texas,48,"Leon County",48289,312,105,417,0.7482014388
Male,Texas,48,"Liberty County",48291,808,267,1075,0.751627907
Male,Texas,48,"Limestone County",48293,329,106,435,0.7563218391
Male,Texas,48,"Lipscomb County",48295,43,15,58,0.7413793103
Male,Texas,48,"Live Oak County",48297,166,55,221,0.7511312217
Male,Texas,48,"Llano County",48299,487,123,610,0.7983606557
Male,Texas,48,"Lubbock County",48303,2616,783,3399,0.7696381289
Male,Texas,48,"Lynn County",48305,56,18,74,0.7567567568
Male,Texas,48,"McCulloch County",48307,193,53,246,0.7845528455
Male,Texas,48,"McLennan County",48309,2073,646,2719,0.7624126517
Male,Texas,48,"McMullen County",48311,.,.,.,0.75
Male,Texas,48,"Madison County",48313,157,49,206,0.7621359223
Male,Texas,48,"Marion County",48315,188,62,250,0.752
Male,Texas,48,"Martin County",48317,41,17,58,0.7068965517
Male,Texas,48,"Mason County",48319,102,23,125,0.816
Male,Texas,48,"Matagorda County",48321,479,174,653,0.7335375191
Male,Texas,48,"Maverick County",48323,554,238,792,0.6994949495
Male,Texas,48,"Medina County",48325,442,142,584,0.7568493151
Male,Texas,48,"Menard County",48327,.,.,.,0.8269230769
Male,Texas,48,"Midland County",48329,1010,339,1349,0.7487027428
Male,Texas,48,"Milam County",48331,320,96,416,0.7692307692
Male,Texas,48,"Mills County",48333,93,22,115,0.8086956522
Male,Texas,48,"Mitchell County",48335,86,22,108,0.7962962963
Male,Texas,48,"Montague County",48337,381,104,485,0.7855670103
Male,Texas,48,"Montgomery County",48339,5032,1417,6449,0.7802760118
Male,Texas,48,"Moore County",48341,164,52,216,0.7592592593
Male,Texas,48,"Morris County",48343,209,73,282,0.7411347518
Male,Texas,48,"Motley County",48345,.,.,.,0.9032258065
Male,Texas,48,"Nacogdoches County",48347,755,259,1014,0.7445759369
Male,Texas,48,"Navarro County",48349,657,201,858,0.7657342657
Male,Texas,48,"Newton County",48351,205,85,290,0.7068965517
Male,Texas,48,"Nolan County",48353,213,69,282,0.7553191489
Male,Texas,48,"Nueces County",48355,1832,686,2518,0.7275615568
Male,Texas,48,"Ochiltree County",48357,102,25,127,0.8031496063
Male,Texas,48,"Oldham County",48359,.,.,.,0.8095238095
Male,Texas,48,"Orange County",48361,1059,313,1372,0.7718658892
Male,Texas,48,"Palo Pinto County",48363,482,129,611,0.7888707038
Male,Texas,48,"Panola County",48365,382,96,478,0.7991631799
Male,Texas,48,"Parker County",48367,1843,451,2294,0.8034001744
Male,Texas,48,"Parmer County",48369,136,24,160,0.85
Male,Texas,48,"Pecos County",48371,122,56,178,0.6853932584
Male,Texas,48,"Polk County",48373,1226,373,1599,0.7667292058
Male,Texas,48,"Potter County",48375,1039,329,1368,0.759502924
Male,Texas,48,"Presidio County",48377,73,34,107,0.6822429907
Male,Texas,48,"Rains County",48379,227,70,297,0.7643097643
Male,Texas,48,"Randall County",48381,1654,423,2077,0.7963408763
Male,Texas,48,"Reagan County",48383,.,.,.,0.8285714286
Male,Texas,48,"Real County",48385,78,16,94,0.829787234
Male,Texas,48,"Red River County",48387,258,79,337,0.765578635
Male,Texas,48,"Reeves County",48389,132,61,193,0.6839378238
Male,Texas,48,"Refugio County",48391,100,42,142,0.7042253521
Male,Texas,48,"Roberts County",48393,.,.,.,0.95
Male,Texas,48,"Robertson County",48395,249,63,312,0.7980769231
Male,Texas,48,"Rockwall County",48397,913,225,1138,0.80228471
Male,Texas,48,"Runnels County",48399,227,60,287,0.7909407666
Male,Texas,48,"Rusk County",48401,720,210,930,0.7741935484
Male,Texas,48,"Sabine County",48403,266,85,351,0.7578347578
Male,Texas,48,"San Augustine County",48405,201,50,251,0.8007968127
Male,Texas,48,"San Jacinto County",48407,371,139,510,0.7274509804
Male,Texas,48,"San Patricio County",48409,493,162,655,0.7526717557
Male,Texas,48,"San Saba County",48411,119,32,151,0.7880794702
Male,Texas,48,"Schleicher County",48413,.,.,.,0.8723404255
Male,Texas,48,"Scurry County",48415,229,75,304,0.7532894737
Male,Texas,48,"Shackelford County",48417,74,15,89,0.8314606742
Male,Texas,48,"Shelby County",48419,337,99,436,0.7729357798
Male,Texas,48,"Sherman County",48421,.,.,.,0.7631578947
Male,Texas,48,"Smith County",48423,3096,949,4045,0.7653893696
Male,Texas,48,"Somervell County",48425,137,30,167,0.8203592814
Male,Texas,48,"Starr County",48427,695,258,953,0.7292759706
Male,Texas,48,"Stephens County",48429,158,39,197,0.8020304569
Male,Texas,48,"Sterling County",48431,.,.,.,0.7142857143
Male,Texas,48,"Stonewall County",48433,.,.,.,0.8947368421
Male,Texas,48,"Sutton County",48435,64,24,88,0.7272727273
Male,Texas,48,"Swisher County",48437,123,42,165,0.7454545455
Male,Texas,48,"Tarrant County",48439,12498,3691,16189,0.7720056829
Male,Texas,48,"Taylor County",48441,1529,436,1965,0.7781170483
Male,Texas,48,"Terrell County",48443,.,.,.,0.6470588235
Male,Texas,48,"Terry County",48445,114,48,162,0.7037037037
Male,Texas,48,"Throckmorton County",48447,48,13,61,0.7868852459
Male,Texas,48,"Titus County",48449,390,120,510,0.7647058824
Male,Texas,48,"Tom Green County",48451,1465,395,1860,0.7876344086
Male,Texas,48,"Travis County",48453,6439,1685,8124,0.7925898572
Male,Texas,48,"Trinity County",48455,292,100,392,0.7448979592
Male,Texas,48,"Tyler County",48457,342,122,464,0.7370689655
Male,Texas,48,"Upshur County",48459,607,165,772,0.7862694301
Male,Texas,48,"Upton County",48461,36,16,52,0.6923076923
Male,Texas,48,"Uvalde County",48463,302,92,394,0.7664974619
Male,Texas,48,"Val Verde County",48465,436,164,600,0.7266666667
Male,Texas,48,"Van Zandt County",48467,903,234,1137,0.7941952507
Male,Texas,48,"Victoria County",48469,1149,332,1481,0.7758271438
Male,Texas,48,"Walker County",48471,618,217,835,0.7401197605
Male,Texas,48,"Waller County",48473,401,154,555,0.7225225225
Male,Texas,48,"Ward County",48475,136,43,179,0.7597765363
Male,Texas,48,"Washington County",48477,617,166,783,0.7879948914
Male,Texas,48,"Webb County",48479,1399,593,1992,0.7023092369
Male,Texas,48,"Wharton County",48481,645,212,857,0.7526254376
Male,Texas,48,"Wheeler County",48483,88,25,113,0.7787610619
Male,Texas,48,"Wichita County",48485,1610,417,2027,0.794277257
Male,Texas,48,"Wilbarger County",48487,171,63,234,0.7307692308
Male,Texas,48,"Willacy County",48489,193,80,273,0.706959707
Male,Texas,48,"Williamson County",48491,4288,967,5255,0.8159847764
Male,Texas,48,"Wilson County",48493,414,124,538,0.7695167286
Male,Texas,48,"Winkler County",48495,59,29,88,0.6704545455
Male,Texas,48,"Wise County",48497,825,262,1087,0.7589696412
Male,Texas,48,"Wood County",48499,1134,310,1444,0.7853185596
Male,Texas,48,"Yoakum County",48501,86,31,117,0.735042735
Male,Texas,48,"Young County",48503,359,110,469,0.7654584222
Male,Texas,48,"Zapata County",48505,127,32,159,0.7987421384
Male,Texas,48,"Zavala County",48507,120,52,172,0.6976744186
Male,Texas,48,,48999,160,73,233,0.686695279
Male,Utah,49,"Beaver County",49001,75,19,94,0.7978723404
Male,Utah,49,"Box Elder County",49003,305,66,371,0.8221024259
Male,Utah,49,"Cache County",49005,465,141,606,0.7673267327
Male,Utah,49,"Carbon County",49007,258,95,353,0.730878187
Male,Utah,49,"Daggett County",49009,.,.,.,0.5454545455
Male,Utah,49,"Davis County",49011,1092,284,1376,0.7936046512
Male,Utah,49,"Duchesne County",49013,138,47,185,0.7459459459
Male,Utah,49,"Emery County",49015,121,34,155,0.7806451613
Male,Utah,49,"Garfield County",49017,68,15,83,0.8192771084
Male,Utah,49,"Grand County",49019,94,27,121,0.7768595041
Male,Utah,49,"Iron County",49021,475,111,586,0.8105802048
Male,Utah,49,"Juab County",49023,104,39,143,0.7272727273
Male,Utah,49,"Kane County",49025,97,24,121,0.8016528926
Male,Utah,49,"Millard County",49027,157,40,197,0.7969543147
Male,Utah,49,"Morgan County",49029,.,.,.,0.8181818182
Male,Utah,49,"Piute County",49031,.,.,.,0.8947368421
Male,Utah,49,"Rich County",49033,.,.,.,0.6363636364
Male,Utah,49,"Salt Lake County",49035,4162,1230,5392,0.771884273
Male,Utah,49,"San Juan County",49037,100,36,136,0.7352941176
Male,Utah,49,"Sanpete County",49039,239,69,308,0.775974026
Male,Utah,49,"Sevier County",49041,255,66,321,0.7943925234
Male,Utah,49,"Summit County",49043,217,69,286,0.7587412587
Male,Utah,49,"Tooele County",49045,235,83,318,0.7389937107
Male,Utah,49,"Uintah County",49047,209,58,267,0.7827715356
Male,Utah,49,"Utah County",49049,2049,545,2594,0.7898997687
Male,Utah,49,"Wasatch County",49051,164,41,205,0.8
Male,Utah,49,"Washington County",49053,2062,483,2545,0.81021611
Male,Utah,49,"Wayne County",49055,32,11,43,0.7441860465
Male,Utah,49,"Weber County",49057,930,300,1230,0.756097561
Male,Utah,49,,49999,.,.,.,0.8461538462
Male,Vermont,50,"Addison County",50001,626,103,729,0.8587105624
Male,Vermont,50,"Bennington County",50003,711,173,884,0.8042986425
Male,Vermont,50,"Caledonia County",50005,565,91,656,0.8612804878
Male,Vermont,50,"Chittenden County",50007,1794,328,2122,0.8454288407
Male,Vermont,50,"Essex County",50009,153,23,176,0.8693181818
Male,Vermont,50,"Franklin County",50011,763,136,899,0.8487208009
Male,Vermont,50,"Grand Isle County",50013,126,26,152,0.8289473684
Male,Vermont,50,"Lamoille County",50015,373,70,443,0.841986456
Male,Vermont,50,"Orange County",50017,531,107,638,0.8322884013
Male,Vermont,50,"Orleans County",50019,701,121,822,0.8527980535
Male,Vermont,50,"Rutland County",50021,1316,221,1537,0.8562134027
Male,Vermont,50,"Washington County",50023,1033,194,1227,0.8418907905
Male,Vermont,50,"Windham County",50025,869,168,1037,0.8379942141
Male,Vermont,50,"Windsor County",50027,1139,241,1380,0.8253623188
Male,Vermont,50,,50999,.,0,.,1
Male,Virginia,51,"Accomack County",51001,708,184,892,0.7937219731
Male,Virginia,51,"Albemarle County",51003,1301,231,1532,0.8492167102
Male,Virginia,51,"Alleghany County",51005,355,92,447,0.7941834452
Male,Virginia,51,"Amelia County",51007,191,51,242,0.7892561983
Male,Virginia,51,"Amherst County",51009,589,131,720,0.8180555556
Male,Virginia,51,"Appomattox County",51011,287,86,373,0.7694369973
Male,Virginia,51,"Arlington County",51013,844,200,1044,0.8084291188
Male,Virginia,51,"Augusta County",51015,1414,269,1683,0.8401663696
Male,Virginia,51,"Bath County",51017,121,27,148,0.8175675676
Male,Virginia,51,"Bedford County",51019,1420,304,1724,0.8236658933
Male,Virginia,51,"Bland County",51021,160,36,196,0.8163265306
Male,Virginia,51,"Botetourt County",51023,550,147,697,0.7890961263
Male,Virginia,51,"Brunswick County",51025,284,80,364,0.7802197802
Male,Virginia,51,"Buchanan County",51027,579,180,759,0.7628458498
Male,Virginia,51,"Buckingham County",51029,271,69,340,0.7970588235
Male,Virginia,51,"Campbell County",51031,1013,221,1234,0.8209076175
Male,Virginia,51,"Caroline County",51033,369,93,462,0.7987012987
Male,Virginia,51,"Carroll County",51035,654,181,835,0.7832335329
Male,Virginia,51,"Charles City County",51036,118,22,140,0.8428571429
Male,Virginia,51,"Charlotte County",51037,277,64,341,0.8123167155
Male,Virginia,51,"Chesterfield County",51041,3547,752,4299,0.825075599
Male,Virginia,51,"Clarke County",51043,219,40,259,0.8455598456
Male,Virginia,51,"Craig County",51045,83,25,108,0.7685185185
Male,Virginia,51,"Culpeper County",51047,623,139,762,0.8175853018
Male,Virginia,51,"Cumberland County",51049,155,46,201,0.7711442786
Male,Virginia,51,"Dickenson County",51051,414,111,525,0.7885714286
Male,Virginia,51,"Dinwiddie County",51053,412,117,529,0.7788279773
Male,Virginia,51,"Essex County",51057,206,54,260,0.7923076923
Male,Virginia,51,"Fairfax County",51059,5525,1209,6734,0.8204633205
Male,Virginia,51,"Fauquier County",51061,775,167,942,0.8227176221
Male,Virginia,51,"Floyd County",51063,317,58,375,0.8453333333
Male,Virginia,51,"Fluvanna County",51065,444,81,525,0.8457142857
Male,Virginia,51,"Franklin County",51067,954,224,1178,0.8098471986
Male,Virginia,51,"Frederick County",51069,1166,220,1386,0.8412698413
Male,Virginia,51,"Giles County",51071,361,87,448,0.8058035714
Male,Virginia,51,"Gloucester County",51073,553,127,680,0.8132352941
Male,Virginia,51,"Goochland County",51075,368,89,457,0.8052516411
Male,Virginia,51,"Grayson County",51077,367,87,454,0.8083700441
Male,Virginia,51,"Greene County",51079,269,55,324,0.8302469136
Male,Virginia,51,"Greensville County",51081,150,47,197,0.7614213198
Male,Virginia,51,"Halifax County",51083,766,204,970,0.7896907216
Male,Virginia,51,"Hanover County",51085,1415,292,1707,0.8289396602
Male,Virginia,51,"Henrico County",51087,3216,713,3929,0.8185288878
Male,Virginia,51,"Henry County",51089,1074,239,1313,0.8179741051
Male,Virginia,51,"Highland County",51091,53,17,70,0.7571428571
Male,Virginia,51,"Isle of Wight County",51093,499,121,620,0.8048387097
Male,Virginia,51,"James City County",51095,1331,239,1570,0.8477707006
Male,Virginia,51,"King and Queen County",51097,137,27,164,0.8353658537
Male,Virginia,51,"King George County",51099,209,52,261,0.8007662835
Male,Virginia,51,"King William County",51101,326,60,386,0.8445595855
Male,Virginia,51,"Lancaster County",51103,287,74,361,0.7950138504
Male,Virginia,51,"Lee County",51105,497,116,613,0.810766721
Male,Virginia,51,"Loudoun County",51107,1873,435,2308,0.81152513
Male,Virginia,51,"Louisa County",51109,597,119,716,0.8337988827
Male,Virginia,51,"Lunenburg County",51111,235,55,290,0.8103448276
Male,Virginia,51,"Madison County",51113,230,40,270,0.8518518519
Male,Virginia,51,"Mathews County",51115,228,45,273,0.8351648352
Male,Virginia,51,"Mecklenburg County",51117,756,200,956,0.7907949791
Male,Virginia,51,"Middlesex County",51119,268,66,334,0.8023952096
Male,Virginia,51,"Montgomery County",51121,921,246,1167,0.7892030848
Male,Virginia,51,"Nelson County",51125,327,57,384,0.8515625
Male,Virginia,51,"New Kent County",51127,336,64,400,0.84
Male,Virginia,51,"Northampton County",51131,271,90,361,0.7506925208
Male,Virginia,51,"Northumberland County",51133,302,55,357,0.8459383754
Male,Virginia,51,"Nottoway County",51135,280,67,347,0.8069164265
Male,Virginia,51,"Orange County",51137,595,132,727,0.818431912
Male,Virginia,51,"Page County",51139,484,86,570,0.849122807
Male,Virginia,51,"Patrick County",51141,416,104,520,0.8
Male,Virginia,51,"Pittsylvania County",51143,1207,271,1478,0.8166441137
Male,Virginia,51,"Powhatan County",51145,458,81,539,0.8497217069
Male,Virginia,51,"Prince Edward County",51147,295,88,383,0.7702349869
Male,Virginia,51,"Prince George County",51149,375,91,466,0.80472103
Male,Virginia,51,"Prince William County",51153,2157,514,2671,0.8075627106
Male,Virginia,51,"Pulaski County",51155,721,196,917,0.786259542
Male,Virginia,51,"Rappahannock County",51157,134,28,162,0.8271604938
Male,Virginia,51,"Richmond County",51159,123,27,150,0.82
Male,Virginia,51,"Roanoke County",51161,1549,347,1896,0.8169831224
Male,Virginia,51,"Rockbridge County",51163,457,110,567,0.8059964727
Male,Virginia,51,"Rockingham County",51165,1407,286,1693,0.8310691081
Male,Virginia,51,"Russell County",51167,650,141,791,0.8217446271
Male,Virginia,51,"Scott County",51169,404,84,488,0.8278688525
Male,Virginia,51,"Shenandoah County",51171,818,160,978,0.836400818
Male,Virginia,51,"Smyth County",51173,663,169,832,0.796875
Male,Virginia,51,"Southampton County",51175,276,82,358,0.7709497207
Male,Virginia,51,"Spotsylvania County",51177,1293,280,1573,0.8219961856
Male,Virginia,51,"Stafford County",51179,842,232,1074,0.7839851024
Male,Virginia,51,"Surry County",51181,96,19,115,0.8347826087
Male,Virginia,51,"Sussex County",51183,174,47,221,0.7873303167
Male,Virginia,51,"Tazewell County",51185,919,258,1177,0.7807986406
Male,Virginia,51,"Warren County",51187,542,124,666,0.8138138138
Male,Virginia,51,"Washington County",51191,1011,276,1287,0.7855477855
Male,Virginia,51,"Westmoreland County",51193,328,85,413,0.794188862
Male,Virginia,51,"Wise County",51195,744,206,950,0.7831578947
Male,Virginia,51,"Wythe County",51197,610,172,782,0.7800511509
Male,Virginia,51,"York County",51199,596,122,718,0.8300835655
Male,Virginia,51,"Alexandria city",51510,664,153,817,0.8127294982
Male,Virginia,51,"Bristol city",51520,243,87,330,0.7363636364
Male,Virginia,51,"Buena Vista city",51530,124,21,145,0.8551724138
Male,Virginia,51,"Charlottesville city",51540,411,99,510,0.8058823529
Male,Virginia,51,"Chesapeake city",51550,1697,476,2173,0.7809479982
Male,Virginia,51,"Colonial Heights city",51570,241,54,295,0.8169491525
Male,Virginia,51,"Covington city",51580,124,33,157,0.7898089172
Male,Virginia,51,"Danville city",51590,699,216,915,0.7639344262
Male,Virginia,51,"Emporia city",51595,75,25,100,0.75
Male,Virginia,51,"Fairfax city",51600,164,31,195,0.841025641
Male,Virginia,51,"Falls Church city",51610,76,22,98,0.7755102041
Male,Virginia,51,"Franklin city",51620,130,61,191,0.6806282723
Male,Virginia,51,"Fredericksburg city",51630,231,75,306,0.7549019608
Male,Virginia,51,"Galax city",51640,156,39,195,0.8
Male,Virginia,51,"Hampton city",51650,997,307,1304,0.7645705521
Male,Virginia,51,"Harrisonburg city",51660,358,86,444,0.8063063063
Male,Virginia,51,"Hopewell city",51670,227,77,304,0.7467105263
Male,Virginia,51,"Lexington city",51678,89,20,109,0.8165137615
Male,Virginia,51,"Lynchburg city",51680,884,241,1125,0.7857777778
Male,Virginia,51,"Manassas city",51683,263,67,330,0.796969697
Male,Virginia,51,"Manassas Park city",51685,74,13,87,0.8505747126
Male,Virginia,51,"Martinsville city",51690,252,75,327,0.7706422018
Male,Virginia,51,"Newport News city",51700,1278,322,1600,0.79875
Male,Virginia,51,"Norfolk city",51710,1320,408,1728,0.7638888889
Male,Virginia,51,"Norton city",51720,79,20,99,0.797979798
Male,Virginia,51,"Petersburg city",51730,341,136,477,0.714884696
Male,Virginia,51,"Poquoson city",51735,131,19,150,0.8733333333
Male,Virginia,51,"Portsmouth city",51740,738,225,963,0.7663551402
Male,Virginia,51,"Radford city",51750,158,37,195,0.8102564103
Male,Virginia,51,"Richmond city",51760,1700,539,2239,0.7592675301
Male,Virginia,51,"Roanoke city",51770,1087,337,1424,0.7633426966
Male,Virginia,51,"Salem city",51775,387,98,485,0.7979381443
Male,Virginia,51,"Staunton city",51790,451,115,566,0.796819788
Male,Virginia,51,"Suffolk city",51800,918,223,1141,0.8045574058
Male,Virginia,51,"Virginia Beach city",51810,3147,795,3942,0.798325723
Male,Virginia,51,"Waynesboro city",51820,396,90,486,0.8148148148
Male,Virginia,51,"Williamsburg city",51830,166,35,201,0.8258706468
Male,Virginia,51,"Winchester city",51840,384,96,480,0.8
Male,Virginia,51,,51867,.,0,.,1
Male,Virginia,51,,51999,44,29,73,0.602739726
Male,Washington,53,"Adams County",53001,163,45,208,0.7836538462
Male,Washington,53,"Asotin County",53003,372,93,465,0.8
Male,Washington,53,"Benton County",53005,2440,582,3022,0.8074123097
Male,Washington,53,"Chelan County",53007,798,200,998,0.7995991984
Male,Washington,53,"Clallam County",53009,1796,352,2148,0.8361266294
Male,Washington,53,"Clark County",53011,2705,617,3322,0.8142685129
Male,Washington,53,"Columbia County",53013,70,19,89,0.7865168539
Male,Washington,53,"Cowlitz County",53015,1158,281,1439,0.8047255038
Male,Washington,53,"Douglas County",53017,442,98,540,0.8185185185
Male,Washington,53,"Ferry County",53019,111,32,143,0.7762237762
Male,Washington,53,"Franklin County",53021,680,201,881,0.7718501703
Male,Washington,53,"Garfield County",53023,38,12,50,0.76
Male,Washington,53,"Grant County",53025,982,255,1237,0.7938561035
Male,Washington,53,"Grays Harbor County",53027,1344,348,1692,0.7943262411
Male,Washington,53,"Island County",53029,1048,207,1255,0.835059761
Male,Washington,53,"Jefferson County",53031,781,182,963,0.811007269
Male,Washington,53,"King County",53033,13003,3069,16072,0.8090467894
Male,Washington,53,"Kitsap County",53035,2090,497,2587,0.8078855818
Male,Washington,53,"Kittitas County",53037,511,96,607,0.84184514
Male,Washington,53,"Klickitat County",53039,380,86,466,0.8154506438
Male,Washington,53,"Lewis County",53041,988,272,1260,0.7841269841
Male,Washington,53,"Lincoln County",53043,212,33,245,0.8653061224
Male,Washington,53,"Mason County",53045,836,209,1045,0.8
Male,Washington,53,"Okanogan County",53047,531,135,666,0.7972972973
Male,Washington,53,"Pacific County",53049,661,146,807,0.8190830235
Male,Washington,53,"Pend Oreille County",53051,211,56,267,0.7902621723
Male,Washington,53,"Pierce County",53053,6299,1548,7847,0.8027271569
Male,Washington,53,"San Juan County",53055,312,70,382,0.8167539267
Male,Washington,53,"Skagit County",53057,1699,418,2117,0.8025507794
Male,Washington,53,"Skamania County",53059,144,41,185,0.7783783784
Male,Washington,53,"Snohomish County",53061,5219,1241,6460,0.8078947368
Male,Washington,53,"Spokane County",53063,3819,1024,4843,0.7885608094
Male,Washington,53,"Stevens County",53065,694,172,866,0.8013856813
Male,Washington,53,"Thurston County",53067,1953,479,2432,0.8030427632
Male,Washington,53,"Wahkiakum County",53069,89,19,108,0.8240740741
Male,Washington,53,"Walla Walla County",53071,692,148,840,0.8238095238
Male,Washington,53,"Whatcom County",53073,2360,574,2934,0.8043626449
Male,Washington,53,"Whitman County",53075,308,94,402,0.7661691542
Male,Washington,53,"Yakima County",53077,2406,634,3040,0.7914473684
Male,Washington,53,,53999,39,11,50,0.78
Male,"West Virginia",54,"Barbour County",54001,317,66,383,0.8276762402
Male,"West Virginia",54,"Berkeley County",54003,1363,294,1657,0.8225709113
Male,"West Virginia",54,"Boone County",54005,349,117,466,0.7489270386
Male,"West Virginia",54,"Braxton County",54007,229,49,278,0.8237410072
Male,"West Virginia",54,"Brooke County",54009,425,112,537,0.791433892
Male,"West Virginia",54,"Cabell County",54011,1251,312,1563,0.8003838772
Male,"West Virginia",54,"Calhoun County",54013,186,29,215,0.8651162791
Male,"West Virginia",54,"Clay County",54015,203,51,254,0.7992125984
Male,"West Virginia",54,"Doddridge County",54017,102,17,119,0.8571428571
Male,"West Virginia",54,"Fayette County",54019,701,171,872,0.8038990826
Male,"West Virginia",54,"Gilmer County",54021,107,30,137,0.7810218978
Male,"West Virginia",54,"Grant County",54023,265,52,317,0.8359621451
Male,"West Virginia",54,"Greenbrier County",54025,634,160,794,0.798488665
Male,"West Virginia",54,"Hampshire County",54027,464,87,551,0.8421052632
Male,"West Virginia",54,"Hancock County",54029,603,144,747,0.8072289157
Male,"West Virginia",54,"Hardy County",54031,253,57,310,0.8161290323
Male,"West Virginia",54,"Harrison County",54033,949,235,1184,0.8015202703
Male,"West Virginia",54,"Jackson County",54035,492,110,602,0.8172757475
Male,"West Virginia",54,"Jefferson County",54037,629,152,781,0.8053777209
Male,"West Virginia",54,"Kanawha County",54039,2927,768,3695,0.7921515562
Male,"West Virginia",54,"Lewis County",54041,297,53,350,0.8485714286
Male,"West Virginia",54,"Lincoln County",54043,391,104,495,0.7898989899
Male,"West Virginia",54,"Logan County",54045,663,191,854,0.7763466042
Male,"West Virginia",54,"McDowell County",54047,469,162,631,0.7432646593
Male,"West Virginia",54,"Marion County",54049,812,165,977,0.8311156602
Male,"West Virginia",54,"Marshall County",54051,462,99,561,0.8235294118
Male,"West Virginia",54,"Mason County",54053,488,146,634,0.7697160883
Male,"West Virginia",54,"Mercer County",54055,1073,301,1374,0.7809315866
Male,"West Virginia",54,"Mineral County",54057,672,116,788,0.8527918782
Male,"West Virginia",54,"Mingo County",54059,577,154,731,0.7893296854
Male,"West Virginia",54,"Monongalia County",54061,817,157,974,0.8388090349
Male,"West Virginia",54,"Monroe County",54063,265,48,313,0.8466453674
Male,"West Virginia",54,"Morgan County",54065,298,67,365,0.8164383562
Male,"West Virginia",54,"Nicholas County",54067,541,113,654,0.8272171254
Male,"West Virginia",54,"Ohio County",54069,547,125,672,0.8139880952
Male,"West Virginia",54,"Pendleton County",54071,164,23,187,0.8770053476
Male,"West Virginia",54,"Pleasants County",54073,150,30,180,0.8333333333
Male,"West Virginia",54,"Pocahontas County",54075,152,37,189,0.8042328042
Male,"West Virginia",54,"Preston County",54077,604,136,740,0.8162162162
Male,"West Virginia",54,"Putnam County",54079,859,229,1088,0.7895220588
Male,"West Virginia",54,"Raleigh County",54081,1222,320,1542,0.7924773022
Male,"West Virginia",54,"Randolph County",54083,573,125,698,0.8209169054
Male,"West Virginia",54,"Ritchie County",54085,186,47,233,0.7982832618
Male,"West Virginia",54,"Roane County",54087,299,77,376,0.795212766
Male,"West Virginia",54,"Summers County",54089,241,75,316,0.7626582278
Male,"West Virginia",54,"Taylor County",54091,260,62,322,0.8074534161
Male,"West Virginia",54,"Tucker County",54093,175,33,208,0.8413461538
Male,"West Virginia",54,"Tyler County",54095,172,30,202,0.8514851485
Male,"West Virginia",54,"Upshur County",54097,420,88,508,0.8267716535
Male,"West Virginia",54,"Wayne County",54099,659,200,859,0.7671711292
Male,"West Virginia",54,"Webster County",54101,206,59,265,0.7773584906
Male,"West Virginia",54,"Wetzel County",54103,281,54,335,0.8388059701
Male,"West Virginia",54,"Wirt County",54105,129,25,154,0.8376623377
Male,"West Virginia",54,"Wood County",54107,1666,388,2054,0.8111002921
Male,"West Virginia",54,"Wyoming County",54109,493,138,631,0.7812995246
Male,"West Virginia",54,,54999,.,.,.,0.8125
Male,Wisconsin,55,"Adams County",55001,554,93,647,0.85625966
Male,Wisconsin,55,"Ashland County",55003,243,48,291,0.8350515464
Male,Wisconsin,55,"Barron County",55005,714,137,851,0.839012926
Male,Wisconsin,55,"Bayfield County",55007,282,59,341,0.8269794721
Male,Wisconsin,55,"Brown County",55009,2361,356,2717,0.8689731321
Male,Wisconsin,55,"Buffalo County",55011,274,41,315,0.8698412698
Male,Wisconsin,55,"Burnett County",55013,350,67,417,0.8393285372
Male,Wisconsin,55,"Calumet County",55015,383,66,449,0.8530066815
Male,Wisconsin,55,"Chippewa County",55017,943,138,1081,0.8723404255
Male,Wisconsin,55,"Clark County",55019,312,55,367,0.8501362398
Male,Wisconsin,55,"Columbia County",55021,852,127,979,0.8702757916
Male,Wisconsin,55,"Crawford County",55023,329,56,385,0.8545454545
Male,Wisconsin,55,"Dane County",55025,4896,720,5616,0.8717948718
Male,Wisconsin,55,"Dodge County",55027,1202,165,1367,0.8792977323
Male,Wisconsin,55,"Door County",55029,808,100,908,0.8898678414
Male,Wisconsin,55,"Douglas County",55031,559,94,653,0.8560490046
Male,Wisconsin,55,"Dunn County",55033,663,90,753,0.8804780876
Male,Wisconsin,55,"Eau Claire County",55035,1359,233,1592,0.8536432161
Male,Wisconsin,55,"Florence County",55037,100,24,124,0.8064516129
Male,Wisconsin,55,"Fond du Lac County",55039,1205,198,1403,0.8588738418
Male,Wisconsin,55,"Forest County",55041,156,29,185,0.8432432432
Male,Wisconsin,55,"Grant County",55043,640,107,747,0.8567603748
Male,Wisconsin,55,"Green County",55045,573,95,668,0.8577844311
Male,Wisconsin,55,"Green Lake County",55047,251,38,289,0.8685121107
Male,Wisconsin,55,"Iowa County",55049,314,61,375,0.8373333333
Male,Wisconsin,55,"Iron County",55051,125,27,152,0.8223684211
Male,Wisconsin,55,"Jackson County",55053,296,46,342,0.865497076
Male,Wisconsin,55,"Jefferson County",55055,1188,195,1383,0.8590021692
Male,Wisconsin,55,"Juneau County",55057,487,87,574,0.8484320557
Male,Wisconsin,55,"Kenosha County",55059,1828,349,2177,0.8396876435
Male,Wisconsin,55,"Kewaunee County",55061,253,43,296,0.8547297297
Male,Wisconsin,55,"La Crosse County",55063,1384,188,1572,0.8804071247
Male,Wisconsin,55,"Lafayette County",55065,257,39,296,0.8682432432
Male,Wisconsin,55,"Langlade County",55067,323,49,372,0.8682795699
Male,Wisconsin,55,"Lincoln County",55069,440,78,518,0.8494208494
Male,Wisconsin,55,"Manitowoc County",55071,1285,184,1469,0.8747447243
Male,Wisconsin,55,"Marathon County",55073,1473,249,1722,0.8554006969
Male,Wisconsin,55,"Marinette County",55075,788,151,939,0.8391906283
Male,Wisconsin,55,"Marquette County",55077,282,51,333,0.8468468468
Male,Wisconsin,55,"Menominee County",55078,46,13,59,0.7796610169
Male,Wisconsin,55,"Milwaukee County",55079,8045,1895,9940,0.8093561368
Male,Wisconsin,55,"Monroe County",55081,519,74,593,0.8752107926
Male,Wisconsin,55,"Oconto County",55083,541,101,642,0.8426791277
Male,Wisconsin,55,"Oneida County",55085,811,135,946,0.8572938689
Male,Wisconsin,55,"Outagamie County",55087,1360,216,1576,0.8629441624
Male,Wisconsin,55,"Ozaukee County",55089,1189,189,1378,0.8628447025
Male,Wisconsin,55,"Pepin County",55091,192,24,216,0.8888888889
Male,Wisconsin,55,"Pierce County",55093,409,73,482,0.8485477178
Male,Wisconsin,55,"Polk County",55095,656,118,774,0.8475452196
Male,Wisconsin,55,"Portage County",55097,823,164,987,0.8338399189
Male,Wisconsin,55,"Price County",55099,282,49,331,0.8519637462
Male,Wisconsin,55,"Racine County",55101,2386,508,2894,0.8244644091
Male,Wisconsin,55,"Richland County",55103,296,46,342,0.865497076
Male,Wisconsin,55,"Rock County",55105,2502,416,2918,0.8574366004
Male,Wisconsin,55,"Rusk County",55107,256,42,298,0.8590604027
Male,Wisconsin,55,"St. Croix County",55109,928,143,1071,0.8664799253
Male,Wisconsin,55,"Sauk County",55111,930,129,1059,0.8781869688
Male,Wisconsin,55,"Sawyer County",55113,345,64,409,0.8435207824
Male,Wisconsin,55,"Shawano County",55115,499,83,582,0.8573883162
Male,Wisconsin,55,"Sheboygan County",55117,1472,216,1688,0.8720379147
Male,Wisconsin,55,"Taylor County",55119,242,33,275,0.88
Male,Wisconsin,55,"Trempealeau County",55121,448,66,514,0.8715953307
Male,Wisconsin,55,"Vernon County",55123,418,57,475,0.88
Male,Wisconsin,55,"Vilas County",55125,670,107,777,0.8622908623
Male,Wisconsin,55,"Walworth County",55127,1535,280,1815,0.8457300275
Male,Wisconsin,55,"Washburn County",55129,341,67,408,0.8357843137
Male,Wisconsin,55,"Washington County",55131,1945,282,2227,0.8733722497
Male,Wisconsin,55,"Waukesha County",55133,5561,877,6438,0.8637775707
Male,Wisconsin,55,"Waupaca County",55135,631,97,728,0.8667582418
Male,Wisconsin,55,"Waushara County",55137,331,57,388,0.8530927835
Male,Wisconsin,55,"Winnebago County",55139,1513,243,1756,0.8616173121
Male,Wisconsin,55,"Wood County",55141,923,153,1076,0.8578066914
Male,Wisconsin,55,,55999,49,12,61,0.8032786885
Male,Wyoming,56,"Albany County",56001,266,87,353,0.7535410765
Male,Wyoming,56,"Big Horn County",56003,167,55,222,0.7522522523
Male,Wyoming,56,"Campbell County",56005,407,78,485,0.8391752577
Male,Wyoming,56,"Carbon County",56007,146,39,185,0.7891891892
Male,Wyoming,56,"Converse County",56009,195,41,236,0.8262711864
Male,Wyoming,56,"Crook County",56011,104,22,126,0.8253968254
Male,Wyoming,56,"Fremont County",56013,471,129,600,0.785
Male,Wyoming,56,"Goshen County",56015,248,51,299,0.8294314381
Male,Wyoming,56,"Hot Springs County",56017,101,13,114,0.8859649123
Male,Wyoming,56,"Johnson County",56019,153,21,174,0.8793103448
Male,Wyoming,56,"Laramie County",56021,1018,273,1291,0.7885360186
Male,Wyoming,56,"Lincoln County",56023,196,58,254,0.7716535433
Male,Wyoming,56,"Natrona County",56025,891,203,1094,0.8144424132
Male,Wyoming,56,"Niobrara County",56027,39,13,52,0.75
Male,Wyoming,56,"Park County",56029,550,118,668,0.8233532934
Male,Wyoming,56,"Platte County",56031,173,50,223,0.7757847534
Male,Wyoming,56,"Sheridan County",56033,336,72,408,0.8235294118
Male,Wyoming,56,"Sublette County",56035,81,19,100,0.81
Male,Wyoming,56,"Sweetwater County",56037,372,101,473,0.7864693446
Male,Wyoming,56,"Teton County",56039,159,48,207,0.768115942
Male,Wyoming,56,"Uinta County",56041,214,41,255,0.8392156863
Male,Wyoming,56,"Washakie County",56043,148,35,183,0.8087431694
Male,Wyoming,56,"Weston County",56045,88,32,120,0.7333333333
Male,Wyoming,56,,56999,.,0,.,1
Female,Alabama,1,"Autauga County",1001,671,174,845,0.7940828402
Female,Alabama,1,"Baldwin County",1003,2834,661,3495,0.8108726753
Female,Alabama,1,"Barbour County",1005,496,177,673,0.7369985141
Female,Alabama,1,"Bibb County",1007,282,112,394,0.7157360406
Female,Alabama,1,"Blount County",1009,916,210,1126,0.8134991119
Female,Alabama,1,"Bullock County",1011,200,71,271,0.7380073801
Female,Alabama,1,"Butler County",1013,521,163,684,0.7616959064
Female,Alabama,1,"Calhoun County",1015,1990,529,2519,0.7899960302
Female,Alabama,1,"Chambers County",1017,806,247,1053,0.7654320988
Female,Alabama,1,"Cherokee County",1019,642,147,789,0.8136882129
Female,Alabama,1,"Chilton County",1021,598,179,777,0.7696267696
Female,Alabama,1,"Choctaw County",1023,477,104,581,0.8209982788
Female,Alabama,1,"Clarke County",1025,591,175,766,0.77154047
Female,Alabama,1,"Clay County",1027,364,91,455,0.8
Female,Alabama,1,"Cleburne County",1029,289,79,368,0.785326087
Female,Alabama,1,"Coffee County",1031,707,237,944,0.748940678
Female,Alabama,1,"Colbert County",1033,1305,381,1686,0.7740213523
Female,Alabama,1,"Conecuh County",1035,350,115,465,0.752688172
Female,Alabama,1,"Coosa County",1037,268,108,376,0.7127659574
Female,Alabama,1,"Covington County",1039,932,318,1250,0.7456
Female,Alabama,1,"Crenshaw County",1041,291,78,369,0.7886178862
Female,Alabama,1,"Cullman County",1043,1793,356,2149,0.8343415542
Female,Alabama,1,"Dale County",1045,680,200,880,0.7727272727
Female,Alabama,1,"Dallas County",1047,934,354,1288,0.7251552795
Female,Alabama,1,"DeKalb County",1049,1359,327,1686,0.8060498221
Female,Alabama,1,"Elmore County",1051,952,263,1215,0.7835390947
Female,Alabama,1,"Escambia County",1053,798,246,1044,0.7643678161
Female,Alabama,1,"Etowah County",1055,2346,641,2987,0.7854034148
Female,Alabama,1,"Fayette County",1057,423,135,558,0.7580645161
Female,Alabama,1,"Franklin County",1059,710,163,873,0.8132875143
Female,Alabama,1,"Geneva County",1061,504,174,678,0.7433628319
Female,Alabama,1,"Greene County",1063,217,84,301,0.7209302326
Female,Alabama,1,"Hale County",1065,384,135,519,0.7398843931
Female,Alabama,1,"Henry County",1067,396,108,504,0.7857142857
Female,Alabama,1,"Houston County",1069,2135,584,2719,0.7852151526
Female,Alabama,1,"Jackson County",1071,1258,308,1566,0.8033205619
Female,Alabama,1,"Jefferson County",1073,8087,2196,10283,0.7864436449
Female,Alabama,1,"Lamar County",1075,405,119,524,0.7729007634
Female,Alabama,1,"Lauderdale County",1077,1949,516,2465,0.7906693712
Female,Alabama,1,"Lawrence County",1079,773,188,961,0.8043704475
Female,Alabama,1,"Lee County",1081,1818,511,2329,0.780592529
Female,Alabama,1,"Limestone County",1083,1533,351,1884,0.8136942675
Female,Alabama,1,"Lowndes County",1085,218,56,274,0.795620438
Female,Alabama,1,"Macon County",1087,264,86,350,0.7542857143
Female,Alabama,1,"Madison County",1089,3931,1052,4983,0.7888821995
Female,Alabama,1,"Marengo County",1091,545,200,745,0.7315436242
Female,Alabama,1,"Marion County",1093,739,228,967,0.7642192347
Female,Alabama,1,"Marshall County",1095,1914,438,2352,0.8137755102
Female,Alabama,1,"Mobile County",1097,4886,1421,6307,0.7746947836
Female,Alabama,1,"Monroe County",1099,490,184,674,0.7270029674
Female,Alabama,1,"Montgomery County",1101,2688,811,3499,0.7682194913
Female,Alabama,1,"Morgan County",1103,2403,595,2998,0.8015343562
Female,Alabama,1,"Perry County",1105,260,105,365,0.7123287671
Female,Alabama,1,"Pickens County",1107,500,125,625,0.8
Female,Alabama,1,"Pike County",1109,471,146,617,0.7633711507
Female,Alabama,1,"Randolph County",1111,499,152,651,0.7665130568
Female,Alabama,1,"Russell County",1113,794,266,1060,0.7490566038
Female,Alabama,1,"St. Clair County",1115,1243,279,1522,0.8166885677
Female,Alabama,1,"Shelby County",1117,2506,582,3088,0.8115284974
Female,Alabama,1,"Sumter County",1119,333,122,455,0.7318681319
Female,Alabama,1,"Talladega County",1121,1671,492,2163,0.7725381415
Female,Alabama,1,"Tallapoosa County",1123,1001,343,1344,0.7447916667
Female,Alabama,1,"Tuscaloosa County",1125,3012,842,3854,0.7815256876
Female,Alabama,1,"Walker County",1127,1169,333,1502,0.7782956059
Female,Alabama,1,"Washington County",1129,373,122,495,0.7535353535
Female,Alabama,1,"Wilcox County",1131,304,106,410,0.7414634146
Female,Alabama,1,"Winston County",1133,627,138,765,0.8196078431
Female,Alabama,1,,1212,.,.,.,0.8
Female,Alabama,1,,1818,.,0,.,1
Female,Alabama,1,,1999,43,15,58,0.7413793103
Female,Alaska,2,"Aleutians East Borough",2013,.,.,.,0.8
Female,Alaska,2,"Aleutians West Census Area",2016,.,.,.,0.75
Female,Alaska,2,"Anchorage Borough",2020,2343,553,2896,0.8090469613
Female,Alaska,2,"Bethel Census Area",2050,83,30,113,0.7345132743
Female,Alaska,2,"Bristol Bay Borough",2060,.,.,.,0.6666666667
Female,Alaska,2,"Denali Borough (created after 1990)",2068,.,.,.,0.9
Female,Alaska,2,"Dillingham Census Area",2070,.,.,.,0.6774193548
Female,Alaska,2,"Fairbanks North Star Borough",2090,651,134,785,0.8292993631
Female,Alaska,2,"Haines Borough",2100,.,.,.,0.8571428571
Female,Alaska,2,,2105,.,.,.,0.7826086957
Female,Alaska,2,"Juneau Borough",2110,365,94,459,0.7952069717
Female,Alaska,2,"Kenai Peninsula Borough",2122,753,177,930,0.8096774194
Female,Alaska,2,"Ketchikan Gateway Borough",2130,167,34,201,0.8308457711
Female,Alaska,2,"Kodiak Island Borough",2150,76,16,92,0.8260869565
Female,Alaska,2,,2158,35,14,49,0.7142857143
Female,Alaska,2,"Lake and Peninsula Borough",2164,.,.,.,0.5
Female,Alaska,2,"Matanuska-Susitna Borough",2170,939,221,1160,0.8094827586
Female,Alaska,2,"Nome Census Area",2180,.,.,.,0.7
Female,Alaska,2,"North Slope Borough",2185,.,.,.,0.75
Female,Alaska,2,"Northwest Arctic Borough",2188,28,22,50,0.56
Female,Alaska,2,,2195,.,.,.,0.8
Female,Alaska,2,,2198,43,15,58,0.7413793103
Female,Alaska,2,"Sitka Borough",2220,82,29,111,0.7387387387
Female,Alaska,2,,2230,.,.,.,0.8461538462
Female,Alaska,2,"Southeast Fairbanks Census Area",2240,56,18,74,0.7567567568
Female,Alaska,2,"Valdez-Cordova Census Area",2261,87,16,103,0.8446601942
Female,Alaska,2,,2275,.,.,.,0.8863636364
Female,Alaska,2,"Yakutat Borough (created after 1990)",2282,.,.,.,0.875
Female,Alaska,2,"Yukon-Koyukuk Census Area",2290,26,14,40,0.65
Female,Alaska,2,,2626,0,.,.,0
Female,Alaska,2,,2727,.,.,.,0.6666666667
Female,Alaska,2,,2999,.,0,.,1
Female,Arizona,4,"Apache County",4001,371,220,591,0.627749577
Female,Arizona,4,"Cochise County",4003,1358,379,1737,0.7818077145
Female,Arizona,4,"Coconino County",4005,811,273,1084,0.7481549815
Female,Arizona,4,"Gila County",4007,1145,315,1460,0.7842465753
Female,Arizona,4,"Graham County",4009,351,111,462,0.7597402597
Female,Arizona,4,"Greenlee County",4011,91,23,114,0.798245614
Female,Arizona,4,"La Paz County",4012,270,82,352,0.7670454545
Female,Arizona,4,"Maricopa County",4013,34063,8157,42220,0.8067977262
Female,Arizona,4,"Mohave County",4015,4191,1040,5231,0.8011852418
Female,Arizona,4,"Navajo County",4017,1009,403,1412,0.7145892351
Female,Arizona,4,"Pima County",4019,8639,2154,10793,0.8004262022
Female,Arizona,4,"Pinal County",4021,4064,1095,5159,0.7877495639
Female,Arizona,4,"Santa Cruz County",4023,313,99,412,0.7597087379
Female,Arizona,4,"Yavapai County",4025,4175,1001,5176,0.8066074189
Female,Arizona,4,"Yuma County",4027,2191,635,2826,0.7753007785
Female,Arizona,4,,4242,.,0,.,1
Female,Arizona,4,,4747,.,.,.,0.5
Female,Arizona,4,,4848,.,.,.,0.75
Female,Arizona,4,,4999,73,20,93,0.7849462366
Female,Arkansas,5,"Arkansas County",5001,397,116,513,0.7738791423
Female,Arkansas,5,"Ashley County",5003,544,191,735,0.7401360544
Female,Arkansas,5,"Baxter County",5005,1205,273,1478,0.8152909337
Female,Arkansas,5,"Benton County",5007,2957,667,3624,0.8159492274
Female,Arkansas,5,"Boone County",5009,756,207,963,0.785046729
Female,Arkansas,5,"Bradley County",5011,254,127,381,0.6666666667
Female,Arkansas,5,"Calhoun County",5013,114,48,162,0.7037037037
Female,Arkansas,5,"Carroll County",5015,454,128,582,0.7800687285
Female,Arkansas,5,"Chicot County",5017,287,97,384,0.7473958333
Female,Arkansas,5,"Clark County",5019,363,82,445,0.8157303371
Female,Arkansas,5,"Clay County",5021,342,108,450,0.76
Female,Arkansas,5,"Cleburne County",5023,768,190,958,0.8016701461
Female,Arkansas,5,"Cleveland County",5025,181,52,233,0.7768240343
Female,Arkansas,5,"Columbia County",5027,487,178,665,0.7323308271
Female,Arkansas,5,"Conway County",5029,467,120,587,0.7955706985
Female,Arkansas,5,"Craighead County",5031,1598,459,2057,0.7768595041
Female,Arkansas,5,"Crawford County",5033,998,283,1281,0.7790788447
Female,Arkansas,5,"Crittenden County",5035,846,317,1163,0.7274290628
Female,Arkansas,5,"Cross County",5037,316,108,424,0.7452830189
Female,Arkansas,5,"Dallas County",5039,155,60,215,0.7209302326
Female,Arkansas,5,"Desha County",5041,313,144,457,0.6849015317
Female,Arkansas,5,"Drew County",5043,390,174,564,0.6914893617
Female,Arkansas,5,"Faulkner County",5045,1724,471,2195,0.7854214123
Female,Arkansas,5,"Franklin County",5047,349,97,446,0.7825112108
Female,Arkansas,5,"Fulton County",5049,313,103,416,0.7524038462
Female,Arkansas,5,"Garland County",5051,2051,639,2690,0.7624535316
Female,Arkansas,5,"Grant County",5053,348,96,444,0.7837837838
Female,Arkansas,5,"Greene County",5055,826,230,1056,0.7821969697
Female,Arkansas,5,"Hempstead County",5057,422,135,557,0.7576301616
Female,Arkansas,5,"Hot Spring County",5059,701,178,879,0.7974971559
Female,Arkansas,5,"Howard County",5061,298,107,405,0.7358024691
Female,Arkansas,5,"Independence County",5063,935,263,1198,0.7804674457
Female,Arkansas,5,"Izard County",5065,359,110,469,0.7654584222
Female,Arkansas,5,"Jackson County",5067,411,119,530,0.7754716981
Female,Arkansas,5,"Jefferson County",5069,1191,474,1665,0.7153153153
Female,Arkansas,5,"Johnson County",5071,488,148,636,0.7672955975
Female,Arkansas,5,"Lafayette County",5073,156,80,236,0.6610169492
Female,Arkansas,5,"Lawrence County",5075,361,120,481,0.7505197505
Female,Arkansas,5,"Lee County",5077,196,77,273,0.7179487179
Female,Arkansas,5,"Lincoln County",5079,219,96,315,0.6952380952
Female,Arkansas,5,"Little River County",5081,270,92,362,0.7458563536
Female,Arkansas,5,"Logan County",5083,467,124,591,0.7901861252
Female,Arkansas,5,"Lonoke County",5085,1076,299,1375,0.7825454545
Female,Arkansas,5,"Madison County",5087,277,59,336,0.8244047619
Female,Arkansas,5,"Marion County",5089,367,84,451,0.8137472284
Female,Arkansas,5,"Miller County",5091,763,243,1006,0.7584493042
Female,Arkansas,5,"Mississippi County",5093,711,267,978,0.726993865
Female,Arkansas,5,"Monroe County",5095,189,81,270,0.7
Female,Arkansas,5,"Montgomery County",5097,192,49,241,0.7966804979
Female,Arkansas,5,"Nevada County",5099,182,49,231,0.7878787879
Female,Arkansas,5,"Newton County",5101,145,37,182,0.7967032967
Female,Arkansas,5,"Ouachita County",5103,569,209,778,0.7313624679
Female,Arkansas,5,"Perry County",5105,206,52,258,0.7984496124
Female,Arkansas,5,"Phillips County",5107,382,122,504,0.7579365079
Female,Arkansas,5,"Pike County",5109,246,81,327,0.752293578
Female,Arkansas,5,"Poinsett County",5111,483,158,641,0.7535101404
Female,Arkansas,5,"Polk County",5113,442,125,567,0.7795414462
Female,Arkansas,5,"Pope County",5115,1143,294,1437,0.7954070981
Female,Arkansas,5,"Prairie County",5117,269,70,339,0.7935103245
Female,Arkansas,5,"Pulaski County",5119,5622,1853,7475,0.7521070234
Female,Arkansas,5,"Randolph County",5121,374,135,509,0.7347740668
Female,Arkansas,5,"St. Francis County",5123,474,173,647,0.7326120556
Female,Arkansas,5,"Saline County",5125,2063,594,2657,0.7764395935
Female,Arkansas,5,"Scott County",5127,229,41,270,0.8481481481
Female,Arkansas,5,"Searcy County",5129,211,43,254,0.8307086614
Female,Arkansas,5,"Sebastian County",5131,2029,589,2618,0.7750190985
Female,Arkansas,5,"Sevier County",5133,269,102,371,0.7250673854
Female,Arkansas,5,"Sharp County",5135,512,136,648,0.7901234568
Female,Arkansas,5,"Stone County",5137,412,115,527,0.7817836812
Female,Arkansas,5,"Union County",5139,938,354,1292,0.726006192
Female,Arkansas,5,"Van Buren County",5141,405,99,504,0.8035714286
Female,Arkansas,5,"Washington County",5143,2549,580,3129,0.8146372643
Female,Arkansas,5,"White County",5145,1920,485,2405,0.7983367983
Female,Arkansas,5,"Woodruff County",5147,222,71,293,0.7576791809
Female,Arkansas,5,"Yell County",5149,406,129,535,0.7588785047
Female,Arkansas,5,,5353,.,0,.,1
Female,Arkansas,5,,5555,.,0,.,1
Female,Arkansas,5,,5999,39,15,54,0.7222222222
Female,California,6,California,6000,0,.,.,0
Female,California,6,"Alameda County",6001,10070,2488,12558,0.8018792801
Female,California,6,"Alpine County",6003,.,.,.,0.8888888889
Female,California,6,"Amador County",6005,846,195,1041,0.8126801153
Female,California,6,"Butte County",6007,3535,1027,4562,0.7748794388
Female,California,6,"Calaveras County",6009,977,193,1170,0.835042735
Female,California,6,"Colusa County",6011,284,67,351,0.8091168091
Female,California,6,"Contra Costa County",6013,8012,2027,10039,0.7980874589
Female,California,6,"Del Norte County",6015,554,131,685,0.8087591241
Female,California,6,"El Dorado County",6017,2135,432,2567,0.8317101675
Female,California,6,"Fresno County",6019,9287,2531,11818,0.7858351667
Female,California,6,"Glenn County",6021,480,121,601,0.7986688852
Female,California,6,"Humboldt County",6023,1915,489,2404,0.7965890183
Female,California,6,"Imperial County",6025,2466,875,3341,0.7381023646
Female,California,6,"Inyo County",6027,277,87,364,0.760989011
Female,California,6,"Kern County",6029,6141,1968,8109,0.7573066963
Female,California,6,"Kings County",6031,1303,381,1684,0.7737529691
Female,California,6,"Lake County",6033,1265,428,1693,0.7471943296
Female,California,6,"Lassen County",6035,346,103,449,0.7706013363
Female,California,6,"Los Angeles County",6037,73043,19123,92166,0.7925156782
Female,California,6,"Madera County",6039,1606,430,2036,0.7888015717
Female,California,6,"Marin County",6041,2059,503,2562,0.8036690086
Female,California,6,"Mariposa County",6043,349,89,438,0.796803653
Female,California,6,"Mendocino County",6045,1305,362,1667,0.7828434313
Female,California,6,"Merced County",6047,2884,908,3792,0.7605485232
Female,California,6,"Modoc County",6049,154,54,208,0.7403846154
Female,California,6,"Mono County",6051,63,23,86,0.7325581395
Female,California,6,"Monterey County",6053,4352,1169,5521,0.7882629958
Female,California,6,"Napa County",6055,1385,331,1716,0.8071095571
Female,California,6,"Nevada County",6057,1459,417,1876,0.7777185501
Female,California,6,"Orange County",6059,23811,5364,29175,0.8161439589
Female,California,6,"Placer County",6061,3567,802,4369,0.8164339666
Female,California,6,"Plumas County",6063,376,91,467,0.8051391863
Female,California,6,"Riverside County",6065,13909,3718,17627,0.7890735803
Female,California,6,"Sacramento County",6067,10787,2864,13651,0.7901985203
Female,California,6,"San Benito County",6069,628,167,795,0.7899371069
Female,California,6,"San Bernardino County",6071,10378,3175,13553,0.7657345237
Female,California,6,"San Diego County",6073,18599,4782,23381,0.7954749583
Female,California,6,"San Francisco County",6075,6837,1461,8298,0.8239334779
Female,California,6,"San Joaquin County",6077,6677,1738,8415,0.7934640523
Female,California,6,"San Luis Obispo County",6079,4337,898,5235,0.8284622732
Female,California,6,"San Mateo County",6081,5290,1151,6441,0.8213010402
Female,California,6,"Santa Barbara County",6083,4337,1044,5381,0.8059840178
Female,California,6,"Santa Clara County",6085,13897,3044,16941,0.8203175728
Female,California,6,"Santa Cruz County",6087,2994,734,3728,0.803111588
Female,California,6,"Shasta County",6089,3240,807,4047,0.8005930319
Female,California,6,"Sierra County",6091,56,13,69,0.8115942029
Female,California,6,"Siskiyou County",6093,923,202,1125,0.8204444444
Female,California,6,"Solano County",6095,3142,804,3946,0.7962493664
Female,California,6,"Sonoma County",6097,3954,1048,5002,0.7904838065
Female,California,6,"Stanislaus County",6099,4838,1317,6155,0.7860276198
Female,California,6,"Sutter County",6101,1460,394,1854,0.7874865156
Female,California,6,"Tehama County",6103,1152,316,1468,0.7847411444
Female,California,6,"Trinity County",6105,206,42,248,0.8306451613
Female,California,6,"Tulare County",6107,5059,1401,6460,0.783126935
Female,California,6,"Tuolumne County",6109,1126,298,1424,0.7907303371
Female,California,6,"Ventura County",6111,8145,2083,10228,0.7963433711
Female,California,6,"Yolo County",6113,1659,366,2025,0.8192592593
Female,California,6,"Yuba County",6115,809,256,1065,0.7596244131
Female,California,6,,6999,116,51,167,0.6946107784
Female,Colorado,8,"Adams County",8001,1890,517,2407,0.7852098047
Female,Colorado,8,"Alamosa County",8003,135,52,187,0.7219251337
Female,Colorado,8,"Arapahoe County",8005,3137,848,3985,0.7872020075
Female,Colorado,8,"Archuleta County",8007,156,35,191,0.8167539267
Female,Colorado,8,"Baca County",8009,93,27,120,0.775
Female,Colorado,8,"Bent County",8011,58,13,71,0.8169014085
Female,Colorado,8,"Boulder County",8013,1782,476,2258,0.789193977
Female,Colorado,8,,8014,361,83,444,0.8130630631
Female,Colorado,8,"Chaffee County",8015,251,64,315,0.7968253968
Female,Colorado,8,"Cheyenne County",8017,.,.,.,0.8043478261
Female,Colorado,8,"Clear Creek County",8019,.,.,.,0.8392857143
Female,Colorado,8,"Conejos County",8021,88,35,123,0.7154471545
Female,Colorado,8,"Costilla County",8023,39,16,55,0.7090909091
Female,Colorado,8,"Crowley County",8025,52,15,67,0.776119403
Female,Colorado,8,"Custer County",8027,60,16,76,0.7894736842
Female,Colorado,8,"Delta County",8029,494,129,623,0.7929373997
Female,Colorado,8,"Denver County",8031,2684,836,3520,0.7625
Female,Colorado,8,"Dolores County",8033,.,.,.,0.8
Female,Colorado,8,"Douglas County",8035,1838,473,2311,0.7953266984
Female,Colorado,8,"Eagle County",8037,183,47,230,0.7956521739
Female,Colorado,8,"Elbert County",8039,196,46,242,0.8099173554
Female,Colorado,8,"El Paso County",8041,4019,953,4972,0.8083266291
Female,Colorado,8,"Fremont County",8043,582,132,714,0.8151260504
Female,Colorado,8,"Garfield County",8045,402,116,518,0.7760617761
Female,Colorado,8,"Gilpin County",8047,.,.,.,0.7575757576
Female,Colorado,8,"Grand County",8049,84,23,107,0.785046729
Female,Colorado,8,"Gunnison County",8051,84,29,113,0.7433628319
Female,Colorado,8,"Hinsdale County",8053,.,.,.,0.8260869565
Female,Colorado,8,"Huerfano County",8055,116,32,148,0.7837837838
Female,Colorado,8,"Jackson County",8057,.,.,.,0.7222222222
Female,Colorado,8,"Jefferson County",8059,2981,740,3721,0.8011287288
Female,Colorado,8,"Kiowa County",8061,.,.,.,0.7837837838
Female,Colorado,8,"Kit Carson County",8063,111,22,133,0.8345864662
Female,Colorado,8,"Lake County",8065,.,.,.,0.8
Female,Colorado,8,"La Plata County",8067,488,126,614,0.7947882736
Female,Colorado,8,"Larimer County",8069,3047,634,3681,0.8277641945
Female,Colorado,8,"Las Animas County",8071,160,58,218,0.7339449541
Female,Colorado,8,"Lincoln County",8073,76,22,98,0.7755102041
Female,Colorado,8,"Logan County",8075,305,77,382,0.7984293194
Female,Colorado,8,"Mesa County",8077,1585,356,1941,0.8165893869
Female,Colorado,8,"Mineral County",8079,.,.,.,0.6111111111
Female,Colorado,8,"Moffat County",8081,127,31,158,0.8037974684
Female,Colorado,8,"Montezuma County",8083,385,81,466,0.8261802575
Female,Colorado,8,"Montrose County",8085,599,137,736,0.8138586957
Female,Colorado,8,"Morgan County",8087,422,104,526,0.8022813688
Female,Colorado,8,"Otero County",8089,285,86,371,0.7681940701
Female,Colorado,8,"Ouray County",8091,.,.,.,0.8163265306
Female,Colorado,8,"Park County",8093,97,31,128,0.7578125
Female,Colorado,8,"Phillips County",8095,99,23,122,0.8114754098
Female,Colorado,8,"Pitkin County",8097,51,27,78,0.6538461538
Female,Colorado,8,"Prowers County",8099,195,49,244,0.7991803279
Female,Colorado,8,"Pueblo County",8101,1814,463,2277,0.7966622749
Female,Colorado,8,"Rio Blanco County",8103,73,26,99,0.7373737374
Female,Colorado,8,"Rio Grande County",8105,174,42,216,0.8055555556
Female,Colorado,8,"Routt County",8107,140,35,175,0.8
Female,Colorado,8,"Saguache County",8109,.,.,.,0.8461538462
Female,Colorado,8,"San Juan County",8111,.,.,.,0.9166666667
Female,Colorado,8,"San Miguel County",8113,30,11,41,0.7317073171
Female,Colorado,8,"Sedgwick County",8115,62,16,78,0.7948717949
Female,Colorado,8,"Summit County",8117,94,28,122,0.7704918033
Female,Colorado,8,"Teller County",8119,227,48,275,0.8254545455
Female,Colorado,8,"Washington County",8121,77,22,99,0.7777777778
Female,Colorado,8,"Weld County",8123,2516,556,3072,0.8190104167
Female,Colorado,8,"Yuma County",8125,188,39,227,0.8281938326
Female,Colorado,8,,8999,.,.,.,0.6774193548
Female,Connecticut,9,"Fairfield County",9001,12121,2563,14684,0.8254562789
Female,Connecticut,9,"Hartford County",9003,13648,2538,16186,0.8431978253
Female,Connecticut,9,"Litchfield County",9005,3340,553,3893,0.857950167
Female,Connecticut,9,"Middlesex County",9007,2953,450,3403,0.8677637379
Female,Connecticut,9,"New Haven County",9009,12996,2608,15604,0.8328633684
Female,Connecticut,9,"New London County",9011,4608,808,5416,0.8508124077
Female,Connecticut,9,"Tolland County",9013,2223,336,2559,0.8686987104
Female,Connecticut,9,"Windham County",9015,2120,316,2436,0.8702791461
Female,Connecticut,9,,9999,.,.,.,0.72
Female,Delaware,10,"Kent County",10001,3733,784,4517,0.8264334735
Female,Delaware,10,"New Castle County",10003,8978,1976,10954,0.8196092752
Female,Delaware,10,"Sussex County",10005,7165,1320,8485,0.8444313494
Female,Delaware,10,,10011,.,0,.,1
Female,Delaware,10,,10999,.,.,.,0.9333333333
Female,"District of Columbia",11,"District of Columbia",11001,4355,1527,5882,0.7403944237
Female,"District of Columbia",11,,11999,0,.,.,0
Female,Florida,12,"Alachua County",12001,2453,656,3109,0.7889996784
Female,Florida,12,"Baker County",12003,338,90,428,0.7897196262
Female,Florida,12,"Bay County",12005,2537,732,3269,0.7760783114
Female,Florida,12,"Bradford County",12007,404,123,527,0.7666034156
Female,Florida,12,"Brevard County",12009,8325,2076,10401,0.8004038073
Female,Florida,12,"Broward County",12011,14324,4019,18343,0.780897345
Female,Florida,12,"Calhoun County",12013,251,73,324,0.774691358
Female,Florida,12,"Charlotte County",12015,4908,1049,5957,0.82390465
Female,Florida,12,"Citrus County",12017,3966,891,4857,0.816553428
Female,Florida,12,"Clay County",12019,2282,619,2901,0.7866253016
Female,Florida,12,"Collier County",12021,7078,1558,8636,0.8195924039
Female,Florida,12,"Columbia County",12023,958,317,1275,0.751372549
Female,Florida,12,"DeSoto County",12027,586,159,745,0.7865771812
Female,Florida,12,"Dixie County",12029,224,77,301,0.7441860465
Female,Florida,12,"Duval County",12031,9899,3283,13182,0.7509482628
Female,Florida,12,"Escambia County",12033,3722,1123,4845,0.7682146543
Female,Florida,12,"Flagler County",12035,1921,423,2344,0.8195392491
Female,Florida,12,"Franklin County",12037,198,48,246,0.8048780488
Female,Florida,12,"Gadsden County",12039,482,164,646,0.746130031
Female,Florida,12,"Gilchrist County",12041,238,71,309,0.7702265372
Female,Florida,12,"Glades County",12043,197,68,265,0.7433962264
Female,Florida,12,"Gulf County",12045,315,102,417,0.7553956835
Female,Florida,12,"Hamilton County",12047,250,70,320,0.78125
Female,Florida,12,"Hardee County",12049,369,98,467,0.7901498929
Female,Florida,12,"Hendry County",12051,450,138,588,0.7653061224
Female,Florida,12,"Hernando County",12053,3442,801,4243,0.8112184775
Female,Florida,12,"Highlands County",12055,2666,674,3340,0.7982035928
Female,Florida,12,"Hillsborough County",12057,11940,3033,14973,0.7974353837
Female,Florida,12,"Holmes County",12059,330,121,451,0.7317073171
Female,Florida,12,"Indian River County",12061,3734,852,4586,0.8142171827
Female,Florida,12,"Jackson County",12063,811,239,1050,0.7723809524
Female,Florida,12,"Jefferson County",12065,182,71,253,0.7193675889
Female,Florida,12,"Lafayette County",12067,98,28,126,0.7777777778
Female,Florida,12,"Lake County",12069,7133,1584,8717,0.8182861076
Female,Florida,12,"Lee County",12071,13909,2984,16893,0.8233587877
Female,Florida,12,"Leon County",12073,1718,533,2251,0.7632163483
Female,Florida,12,"Levy County",12075,751,206,957,0.7847439916
Female,Florida,12,"Liberty County",12077,93,26,119,0.781512605
Female,Florida,12,"Madison County",12079,312,126,438,0.7123287671
Female,Florida,12,"Manatee County",12081,6456,1402,7858,0.8215831
Female,Florida,12,"Marion County",12083,7854,1839,9693,0.8102754565
Female,Florida,12,"Martin County",12085,2917,607,3524,0.8277525539
Female,Florida,12,,12086,23706,6099,29805,0.7953699044
Female,Florida,12,"Monroe County",12087,1017,234,1251,0.8129496403
Female,Florida,12,"Nassau County",12089,1336,321,1657,0.8062764031
Female,Florida,12,"Okaloosa County",12091,1826,549,2375,0.7688421053
Female,Florida,12,"Okeechobee County",12093,682,237,919,0.7421109902
Female,Florida,12,"Orange County",12095,9453,2855,12308,0.7680370491
Female,Florida,12,"Osceola County",12097,2692,849,3541,0.7602372211
Female,Florida,12,"Palm Beach County",12099,20653,5004,25657,0.8049655065
Female,Florida,12,"Pasco County",12101,6973,1622,8595,0.8112856312
Female,Florida,12,"Pinellas County",12103,12745,3149,15894,0.8018749214
Female,Florida,12,"Polk County",12105,8921,2349,11270,0.7915705413
Female,Florida,12,"Putnam County",12107,1399,409,1808,0.7737831858
Female,Florida,12,"St. Johns County",12109,3770,771,4541,0.8302136093
Female,Florida,12,"St. Lucie County",12111,4996,1234,6230,0.8019261637
Female,Florida,12,"Santa Rosa County",12113,1858,499,2357,0.7882901994
Female,Florida,12,"Sarasota County",12115,10755,2116,12871,0.8355994095
Female,Florida,12,"Seminole County",12117,4770,1276,6046,0.7889513728
Female,Florida,12,"Sumter County",12119,4979,1014,5993,0.830802603
Female,Florida,12,"Suwannee County",12121,768,243,1011,0.7596439169
Female,Florida,12,"Taylor County",12123,394,124,518,0.7606177606
Female,Florida,12,"Union County",12125,125,36,161,0.7763975155
Female,Florida,12,"Volusia County",12127,7389,1762,9151,0.8074527374
Female,Florida,12,"Wakulla County",12129,256,69,325,0.7876923077
Female,Florida,12,"Walton County",12131,1004,287,1291,0.7776917119
Female,Florida,12,"Washington County",12133,495,136,631,0.7844690967
Female,Florida,12,,12999,218,55,273,0.7985347985
Female,Georgia,13,"Appling County",13001,301,112,413,0.7288135593
Female,Georgia,13,"Atkinson County",13003,126,41,167,0.754491018
Female,Georgia,13,"Bacon County",13005,209,74,283,0.7385159011
Female,Georgia,13,"Baker County",13007,41,14,55,0.7454545455
Female,Georgia,13,"Baldwin County",13009,538,167,705,0.7631205674
Female,Georgia,13,"Banks County",13011,299,73,372,0.8037634409
Female,Georgia,13,"Barrow County",13013,972,242,1214,0.8006589786
Female,Georgia,13,"Bartow County",13015,1435,411,1846,0.7773564464
Female,Georgia,13,"Ben Hill County",13017,323,106,429,0.7529137529
Female,Georgia,13,"Berrien County",13019,290,100,390,0.7435897436
Female,Georgia,13,"Bibb County",13021,2167,762,2929,0.7398429498
Female,Georgia,13,"Bleckley County",13023,180,59,239,0.7531380753
Female,Georgia,13,"Brantley County",13025,268,84,352,0.7613636364
Female,Georgia,13,"Brooks County",13027,321,109,430,0.7465116279
Female,Georgia,13,"Bryan County",13029,300,88,388,0.7731958763
Female,Georgia,13,"Bulloch County",13031,847,298,1145,0.7397379913
Female,Georgia,13,"Burke County",13033,372,121,493,0.7545638945
Female,Georgia,13,"Butts County",13035,328,104,432,0.7592592593
Female,Georgia,13,"Calhoun County",13037,91,34,125,0.728
Female,Georgia,13,"Camden County",13039,503,135,638,0.7884012539
Female,Georgia,13,"Candler County",13043,197,49,246,0.8008130081
Female,Georgia,13,"Carroll County",13045,1538,454,1992,0.7720883534
Female,Georgia,13,"Catoosa County",13047,1123,279,1402,0.8009985735
Female,Georgia,13,"Charlton County",13049,188,55,243,0.7736625514
Female,Georgia,13,"Chatham County",13051,2676,833,3509,0.7626104303
Female,Georgia,13,"Chattahoochee County",13053,.,.,.,0.7368421053
Female,Georgia,13,"Chattooga County",13055,485,122,607,0.7990115321
Female,Georgia,13,"Cherokee County",13057,2548,604,3152,0.8083756345
Female,Georgia,13,"Clarke County",13059,1135,317,1452,0.7816804408
Female,Georgia,13,"Clay County",13061,55,14,69,0.7971014493
Female,Georgia,13,"Clayton County",13063,1679,694,2373,0.7075431943
Female,Georgia,13,"Clinch County",13065,134,52,186,0.7204301075
Female,Georgia,13,"Cobb County",13067,6174,1665,7839,0.7876004592
Female,Georgia,13,"Coffee County",13069,747,255,1002,0.745508982
Female,Georgia,13,"Colquitt County",13071,783,269,1052,0.7442965779
Female,Georgia,13,"Columbia County",13073,1187,291,1478,0.8031123139
Female,Georgia,13,"Cook County",13075,315,89,404,0.7797029703
Female,Georgia,13,"Coweta County",13077,1474,367,1841,0.8006518197
Female,Georgia,13,"Crawford County",13079,186,38,224,0.8303571429
Female,Georgia,13,"Crisp County",13081,359,124,483,0.7432712215
Female,Georgia,13,"Dade County",13083,283,67,350,0.8085714286
Female,Georgia,13,"Dawson County",13085,355,103,458,0.7751091703
Female,Georgia,13,"Decatur County",13087,511,183,694,0.7363112392
Female,Georgia,13,"DeKalb County",13089,5171,1632,6803,0.7601058357
Female,Georgia,13,"Dodge County",13091,380,110,490,0.7755102041
Female,Georgia,13,"Dooly County",13093,165,47,212,0.7783018868
Female,Georgia,13,"Dougherty County",13095,1143,363,1506,0.7589641434
Female,Georgia,13,"Douglas County",13097,1416,439,1855,0.7633423181
Female,Georgia,13,"Early County",13099,212,44,256,0.828125
Female,Georgia,13,"Echols County",13101,.,.,.,0.8846153846
Female,Georgia,13,"Effingham County",13103,622,164,786,0.7913486005
Female,Georgia,13,"Elbert County",13105,379,97,476,0.7962184874
Female,Georgia,13,"Emanuel County",13107,402,115,517,0.7775628627
Female,Georgia,13,"Evans County",13109,173,49,222,0.7792792793
Female,Georgia,13,"Fannin County",13111,592,128,720,0.8222222222
Female,Georgia,13,"Fayette County",13113,1298,347,1645,0.7890577508
Female,Georgia,13,"Floyd County",13115,1788,529,2317,0.771687527
Female,Georgia,13,"Forsyth County",13117,2014,477,2491,0.8085106383
Female,Georgia,13,"Franklin County",13119,454,127,581,0.7814113597
Female,Georgia,13,"Fulton County",13121,7509,2356,9865,0.7611758743
Female,Georgia,13,"Gilmer County",13123,661,148,809,0.8170580964
Female,Georgia,13,"Glascock County",13125,48,21,69,0.6956521739
Female,Georgia,13,"Glynn County",13127,1308,365,1673,0.7818290496
Female,Georgia,13,"Gordon County",13129,989,300,1289,0.767261443
Female,Georgia,13,"Grady County",13131,419,157,576,0.7274305556
Female,Georgia,13,"Greene County",13133,397,98,495,0.802020202
Female,Georgia,13,"Gwinnett County",13135,5813,1539,7352,0.7906692057
Female,Georgia,13,"Habersham County",13137,776,179,955,0.812565445
Female,Georgia,13,"Hall County",13139,2733,737,3470,0.7876080692
Female,Georgia,13,"Hancock County",13141,145,66,211,0.6872037915
Female,Georgia,13,"Haralson County",13143,530,164,694,0.7636887608
Female,Georgia,13,"Harris County",13145,395,103,498,0.7931726908
Female,Georgia,13,"Hart County",13147,569,156,725,0.7848275862
Female,Georgia,13,"Heard County",13149,159,48,207,0.768115942
Female,Georgia,13,"Henry County",13151,2046,657,2703,0.756936737
Female,Georgia,13,"Houston County",13153,1366,385,1751,0.7801256425
Female,Georgia,13,"Irwin County",13155,161,51,212,0.7594339623
Female,Georgia,13,"Jackson County",13157,1063,252,1315,0.808365019
Female,Georgia,13,"Jasper County",13159,209,49,258,0.8100775194
Female,Georgia,13,"Jeff Davis County",13161,294,89,383,0.7676240209
Female,Georgia,13,"Jefferson County",13163,299,120,419,0.7136038186
Female,Georgia,13,"Jenkins County",13165,138,54,192,0.71875
Female,Georgia,13,"Johnson County",13167,181,59,240,0.7541666667
Female,Georgia,13,"Jones County",13169,421,131,552,0.7626811594
Female,Georgia,13,"Lamar County",13171,220,73,293,0.7508532423
Female,Georgia,13,"Lanier County",13173,159,43,202,0.7871287129
Female,Georgia,13,"Laurens County",13175,875,328,1203,0.7273482959
Female,Georgia,13,"Lee County",13177,278,82,360,0.7722222222
Female,Georgia,13,"Liberty County",13179,307,122,429,0.7156177156
Female,Georgia,13,"Lincoln County",13181,144,29,173,0.8323699422
Female,Georgia,13,"Long County",13183,89,37,126,0.7063492063
Female,Georgia,13,"Lowndes County",13185,1480,464,1944,0.7613168724
Female,Georgia,13,"Lumpkin County",13187,521,134,655,0.7954198473
Female,Georgia,13,"McDuffie County",13189,326,80,406,0.802955665
Female,Georgia,13,"McIntosh County",13191,225,70,295,0.7627118644
Female,Georgia,13,"Macon County",13193,184,66,250,0.736
Female,Georgia,13,"Madison County",13195,482,125,607,0.7940691928
Female,Georgia,13,"Marion County",13197,119,34,153,0.7777777778
Female,Georgia,13,"Meriwether County",13199,400,96,496,0.8064516129
Female,Georgia,13,"Miller County",13201,110,36,146,0.7534246575
Female,Georgia,13,"Mitchell County",13205,344,127,471,0.7303609342
Female,Georgia,13,"Monroe County",13207,394,116,510,0.7725490196
Female,Georgia,13,"Montgomery County",13209,143,37,180,0.7944444444
Female,Georgia,13,"Morgan County",13211,311,95,406,0.7660098522
Female,Georgia,13,"Murray County",13213,731,222,953,0.7670514166
Female,Georgia,13,"Muscogee County",13215,1960,674,2634,0.7441154138
Female,Georgia,13,"Newton County",13217,1299,387,1686,0.7704626335
Female,Georgia,13,"Oconee County",13219,457,90,547,0.8354661792
Female,Georgia,13,"Oglethorpe County",13221,256,53,309,0.8284789644
Female,Georgia,13,"Paulding County",13223,1571,429,2000,0.7855
Female,Georgia,13,"Peach County",13225,401,119,520,0.7711538462
Female,Georgia,13,"Pickens County",13227,699,176,875,0.7988571429
Female,Georgia,13,"Pierce County",13229,414,117,531,0.7796610169
Female,Georgia,13,"Pike County",13231,193,50,243,0.7942386831
Female,Georgia,13,"Polk County",13233,748,269,1017,0.7354965585
Female,Georgia,13,"Pulaski County",13235,167,49,216,0.7731481481
Female,Georgia,13,"Putnam County",13237,391,100,491,0.7963340122
Female,Georgia,13,"Quitman County",13239,57,21,78,0.7307692308
Female,Georgia,13,"Rabun County",13241,479,122,601,0.7970049917
Female,Georgia,13,"Randolph County",13243,102,35,137,0.7445255474
Female,Georgia,13,"Richmond County",13245,1930,658,2588,0.7457496136
Female,Georgia,13,"Rockdale County",13247,947,318,1265,0.7486166008
Female,Georgia,13,"Schley County",13249,65,16,81,0.8024691358
Female,Georgia,13,"Screven County",13251,280,80,360,0.7777777778
Female,Georgia,13,"Seminole County",13253,204,61,265,0.7698113208
Female,Georgia,13,"Spalding County",13255,965,342,1307,0.7383320581
Female,Georgia,13,"Stephens County",13257,598,191,789,0.7579214195
Female,Georgia,13,"Stewart County",13259,89,19,108,0.8240740741
Female,Georgia,13,"Sumter County",13261,495,113,608,0.8141447368
Female,Georgia,13,"Talbot County",13263,102,41,143,0.7132867133
Female,Georgia,13,"Taliaferro County",13265,.,.,.,0.75
Female,Georgia,13,"Tattnall County",13267,256,87,343,0.7463556851
Female,Georgia,13,"Taylor County",13269,156,32,188,0.829787234
Female,Georgia,13,"Telfair County",13271,233,80,313,0.7444089457
Female,Georgia,13,"Terrell County",13273,140,49,189,0.7407407407
Female,Georgia,13,"Thomas County",13275,779,266,1045,0.7454545455
Female,Georgia,13,"Tift County",13277,549,192,741,0.7408906883
Female,Georgia,13,"Toombs County",13279,495,139,634,0.7807570978
Female,Georgia,13,"Towns County",13281,363,82,445,0.8157303371
Female,Georgia,13,"Treutlen County",13283,123,44,167,0.7365269461
Female,Georgia,13,"Troup County",13285,1046,343,1389,0.7530597552
Female,Georgia,13,"Turner County",13287,143,43,186,0.7688172043
Female,Georgia,13,"Twiggs County",13289,157,60,217,0.7235023041
Female,Georgia,13,"Union County",13291,639,154,793,0.8058007566
Female,Georgia,13,"Upson County",13293,436,159,595,0.7327731092
Female,Georgia,13,"Walker County",13295,1228,334,1562,0.7861715749
Female,Georgia,13,"Walton County",13297,1309,373,1682,0.7782401902
Female,Georgia,13,"Ware County",13299,775,309,1084,0.7149446494
Female,Georgia,13,"Warren County",13301,103,46,149,0.6912751678
Female,Georgia,13,"Washington County",13303,380,119,499,0.7615230461
Female,Georgia,13,"Wayne County",13305,470,164,634,0.7413249211
Female,Georgia,13,"Webster County",13307,.,.,.,0.7959183673
Female,Georgia,13,"Wheeler County",13309,96,35,131,0.7328244275
Female,Georgia,13,"White County",13311,605,168,773,0.7826649418
Female,Georgia,13,"Whitfield County",13313,1411,427,1838,0.7676822633
Female,Georgia,13,"Wilcox County",13315,125,41,166,0.7530120482
Female,Georgia,13,"Wilkes County",13317,218,62,280,0.7785714286
Female,Georgia,13,"Wilkinson County",13319,179,55,234,0.764957265
Female,Georgia,13,"Worth County",13321,326,90,416,0.7836538462
Female,Georgia,13,,13999,66,25,91,0.7252747253
Female,Hawaii,15,"Hawaii County",15001,2237,443,2680,0.8347014925
Female,Hawaii,15,"Honolulu County",15003,5465,1135,6600,0.828030303
Female,Hawaii,15,"Kauai County",15007,610,136,746,0.81769437
Female,Hawaii,15,"Maui County",15009,967,244,1211,0.7985136251
Female,Hawaii,15,,15999,.,.,.,0.5
Female,Idaho,16,"Ada County",16001,3178,669,3847,0.8260982584
Female,Idaho,16,"Adams County",16003,63,14,77,0.8181818182
Female,Idaho,16,"Bannock County",16005,709,218,927,0.764832794
Female,Idaho,16,"Bear Lake County",16007,94,30,124,0.7580645161
Female,Idaho,16,"Benewah County",16009,126,36,162,0.7777777778
Female,Idaho,16,"Bingham County",16011,397,137,534,0.7434456929
Female,Idaho,16,"Blaine County",16013,145,57,202,0.7178217822
Female,Idaho,16,"Boise County",16015,70,19,89,0.7865168539
Female,Idaho,16,"Bonner County",16017,564,144,708,0.7966101695
Female,Idaho,16,"Bonneville County",16019,1113,260,1373,0.8106336489
Female,Idaho,16,"Boundary County",16021,155,39,194,0.7989690722
Female,Idaho,16,"Butte County",16023,.,.,.,0.8269230769
Female,Idaho,16,"Camas County",16025,.,.,.,0.6666666667
Female,Idaho,16,"Canyon County",16027,1615,426,2041,0.7912787849
Female,Idaho,16,"Caribou County",16029,121,25,146,0.8287671233
Female,Idaho,16,"Cassia County",16031,236,76,312,0.7564102564
Female,Idaho,16,"Clark County",16033,.,.,.,0.75
Female,Idaho,16,"Clearwater County",16035,190,42,232,0.8189655172
Female,Idaho,16,"Custer County",16037,71,13,84,0.8452380952
Female,Idaho,16,"Elmore County",16039,233,59,292,0.7979452055
Female,Idaho,16,"Franklin County",16041,147,41,188,0.7819148936
Female,Idaho,16,"Fremont County",16043,145,40,185,0.7837837838
Female,Idaho,16,"Gem County",16045,191,42,233,0.8197424893
Female,Idaho,16,"Gooding County",16047,181,43,224,0.8080357143
Female,Idaho,16,"Idaho County",16049,305,73,378,0.8068783069
Female,Idaho,16,"Jefferson County",16051,231,60,291,0.793814433
Female,Idaho,16,"Jerome County",16053,201,44,245,0.8204081633
Female,Idaho,16,"Kootenai County",16055,1998,497,2495,0.8008016032
Female,Idaho,16,"Latah County",16057,346,74,420,0.8238095238
Female,Idaho,16,"Lemhi County",16059,151,33,184,0.8206521739
Female,Idaho,16,"Lewis County",16061,80,23,103,0.7766990291
Female,Idaho,16,"Lincoln County",16063,.,.,.,0.8363636364
Female,Idaho,16,"Madison County",16065,221,45,266,0.8308270677
Female,Idaho,16,"Minidoka County",16067,240,56,296,0.8108108108
Female,Idaho,16,"Nez Perce County",16069,650,171,821,0.7917174178
Female,Idaho,16,"Oneida County",16071,60,13,73,0.8219178082
Female,Idaho,16,"Owyhee County",16073,92,24,116,0.7931034483
Female,Idaho,16,"Payette County",16075,348,88,436,0.7981651376
Female,Idaho,16,"Power County",16077,78,28,106,0.7358490566
Female,Idaho,16,"Shoshone County",16079,330,71,401,0.8229426434
Female,Idaho,16,"Teton County",16081,53,11,64,0.828125
Female,Idaho,16,"Twin Falls County",16083,1010,207,1217,0.8299096138
Female,Idaho,16,"Valley County",16085,105,27,132,0.7954545455
Female,Idaho,16,"Washington County",16087,182,48,230,0.7913043478
Female,Idaho,16,,16999,.,.,.,0.625
Female,Illinois,17,"Adams County",17001,1755,329,2084,0.8421305182
Female,Illinois,17,"Alexander County",17003,154,45,199,0.7738693467
Female,Illinois,17,"Bond County",17005,442,72,514,0.859922179
Female,Illinois,17,"Boone County",17007,873,175,1048,0.8330152672
Female,Illinois,17,"Brown County",17009,139,23,162,0.8580246914
Female,Illinois,17,"Bureau County",17011,907,155,1062,0.8540489642
Female,Illinois,17,"Calhoun County",17013,146,32,178,0.8202247191
Female,Illinois,17,"Carroll County",17015,431,83,514,0.8385214008
Female,Illinois,17,"Cass County",17017,335,65,400,0.8375
Female,Illinois,17,"Champaign County",17019,2322,511,2833,0.8196258383
Female,Illinois,17,"Christian County",17021,905,198,1103,0.8204895739
Female,Illinois,17,"Clark County",17023,456,120,576,0.7916666667
Female,Illinois,17,"Clay County",17025,460,63,523,0.879541109
Female,Illinois,17,"Clinton County",17027,783,156,939,0.8338658147
Female,Illinois,17,"Coles County",17029,1275,223,1498,0.8511348465
Female,Illinois,17,"Cook County",17031,69760,17617,87377,0.7983794362
Female,Illinois,17,"Crawford County",17033,584,113,697,0.8378766141
Female,Illinois,17,"Cumberland County",17035,334,68,402,0.8308457711
Female,Illinois,17,"DeKalb County",17037,1735,312,2047,0.8475818271
Female,Illinois,17,"De Witt County",17039,410,51,461,0.8893709328
Female,Illinois,17,"Douglas County",17041,427,75,502,0.8505976096
Female,Illinois,17,"DuPage County",17043,14034,2730,16764,0.8371510379
Female,Illinois,17,"Edgar County",17045,600,128,728,0.8241758242
Female,Illinois,17,"Edwards County",17047,179,37,216,0.8287037037
Female,Illinois,17,"Effingham County",17049,1004,200,1204,0.8338870432
Female,Illinois,17,"Fayette County",17051,576,130,706,0.8158640227
Female,Illinois,17,"Ford County",17053,304,68,372,0.8172043011
Female,Illinois,17,"Franklin County",17055,1113,228,1341,0.8299776286
Female,Illinois,17,"Fulton County",17057,644,131,775,0.8309677419
Female,Illinois,17,"Gallatin County",17059,159,47,206,0.7718446602
Female,Illinois,17,"Greene County",17061,373,84,457,0.8161925602
Female,Illinois,17,"Grundy County",17063,819,151,970,0.8443298969
Female,Illinois,17,"Hamilton County",17065,239,29,268,0.8917910448
Female,Illinois,17,"Hancock County",17067,531,83,614,0.8648208469
Female,Illinois,17,"Hardin County",17069,120,24,144,0.8333333333
Female,Illinois,17,"Henderson County",17071,200,38,238,0.8403361345
Female,Illinois,17,"Henry County",17073,1248,166,1414,0.882602546
Female,Illinois,17,"Iroquois County",17075,834,148,982,0.849287169
Female,Illinois,17,"Jackson County",17077,1046,246,1292,0.8095975232
Female,Illinois,17,"Jasper County",17079,316,55,371,0.8517520216
Female,Illinois,17,"Jefferson County",17081,1007,193,1200,0.8391666667
Female,Illinois,17,"Jersey County",17083,626,153,779,0.8035943517
Female,Illinois,17,"Jo Daviess County",17085,405,69,474,0.8544303797
Female,Illinois,17,"Johnson County",17087,311,59,370,0.8405405405
Female,Illinois,17,"Kane County",17089,7653,1464,9117,0.8394208621
Female,Illinois,17,"Kankakee County",17091,2313,534,2847,0.8124341412
Female,Illinois,17,"Kendall County",17093,1548,265,1813,0.8538334253
Female,Illinois,17,"Knox County",17095,1197,225,1422,0.8417721519
Female,Illinois,17,"Lake County",17097,10033,2023,12056,0.8321997346
Female,Illinois,17,"La Salle County",17099,2556,444,3000,0.852
Female,Illinois,17,"Lawrence County",17101,422,90,512,0.82421875
Female,Illinois,17,"Lee County",17103,918,165,1083,0.8476454294
Female,Illinois,17,"Livingston County",17105,888,140,1028,0.8638132296
Female,Illinois,17,"Logan County",17107,707,119,826,0.8559322034
Female,Illinois,17,"McDonough County",17109,669,109,778,0.8598971722
Female,Illinois,17,"McHenry County",17111,5802,1107,6909,0.8397742076
Female,Illinois,17,"McLean County",17113,2595,442,3037,0.8544616398
Female,Illinois,17,"Macon County",17115,3051,651,3702,0.8241491086
Female,Illinois,17,"Macoupin County",17117,1297,263,1560,0.8314102564
Female,Illinois,17,"Madison County",17119,4895,1043,5938,0.8243516335
Female,Illinois,17,"Marion County",17121,1175,287,1462,0.8036935705
Female,Illinois,17,"Marshall County",17123,294,50,344,0.8546511628
Female,Illinois,17,"Mason County",17125,324,64,388,0.8350515464
Female,Illinois,17,"Massac County",17127,428,82,510,0.8392156863
Female,Illinois,17,"Menard County",17129,322,60,382,0.8429319372
Female,Illinois,17,"Mercer County",17131,376,62,438,0.8584474886
Female,Illinois,17,"Monroe County",17133,605,115,720,0.8402777778
Female,Illinois,17,"Montgomery County",17135,856,160,1016,0.842519685
Female,Illinois,17,"Morgan County",17137,924,160,1084,0.852398524
Female,Illinois,17,"Moultrie County",17139,409,82,491,0.83299389
Female,Illinois,17,"Ogle County",17141,1072,197,1269,0.8447596533
Female,Illinois,17,"Peoria County",17143,2792,530,3322,0.8404575557
Female,Illinois,17,"Perry County",17145,493,124,617,0.7990275527
Female,Illinois,17,"Piatt County",17147,337,55,392,0.8596938776
Female,Illinois,17,"Pike County",17149,482,96,578,0.8339100346
Female,Illinois,17,"Pope County",17151,107,21,128,0.8359375
Female,Illinois,17,"Pulaski County",17153,145,54,199,0.7286432161
Female,Illinois,17,"Putnam County",17155,130,28,158,0.8227848101
Female,Illinois,17,"Randolph County",17157,884,164,1048,0.8435114504
Female,Illinois,17,"Richland County",17159,474,98,572,0.8286713287
Female,Illinois,17,"Rock Island County",17161,2947,486,3433,0.8584328576
Female,Illinois,17,"St. Clair County",17163,3934,1001,4935,0.7971631206
Female,Illinois,17,"Saline County",17165,690,172,862,0.8004640371
Female,Illinois,17,"Sangamon County",17167,4597,948,5545,0.8290351668
Female,Illinois,17,"Schuyler County",17169,214,47,261,0.8199233716
Female,Illinois,17,"Scott County",17171,135,22,157,0.8598726115
Female,Illinois,17,"Shelby County",17173,676,143,819,0.8253968254
Female,Illinois,17,"Stark County",17175,117,27,144,0.8125
Female,Illinois,17,"Stephenson County",17177,1143,203,1346,0.8491827637
Female,Illinois,17,"Tazewell County",17179,2394,396,2790,0.8580645161
Female,Illinois,17,"Union County",17181,496,119,615,0.806504065
Female,Illinois,17,"Vermilion County",17183,1684,368,2052,0.820662768
Female,Illinois,17,"Wabash County",17185,360,64,424,0.8490566038
Female,Illinois,17,"Warren County",17187,430,58,488,0.881147541
Female,Illinois,17,"Washington County",17189,390,91,481,0.8108108108
Female,Illinois,17,"Wayne County",17191,426,100,526,0.8098859316
Female,Illinois,17,"White County",17193,436,89,525,0.8304761905
Female,Illinois,17,"Whiteside County",17195,1790,290,2080,0.8605769231
Female,Illinois,17,"Will County",17197,9685,1996,11681,0.8291242188
Female,Illinois,17,"Williamson County",17199,1733,442,2175,0.7967816092
Female,Illinois,17,"Winnebago County",17201,5409,1050,6459,0.8374361356
Female,Illinois,17,"Woodford County",17203,759,103,862,0.8805104408
Female,Illinois,17,,17999,91,21,112,0.8125
Female,Indiana,18,"Adams County",18001,547,92,639,0.8560250391
Female,Indiana,18,"Allen County",18003,4277,1011,5288,0.8088124054
Female,Indiana,18,"Bartholomew County",18005,1512,325,1837,0.8230811105
Female,Indiana,18,"Benton County",18007,194,49,243,0.7983539095
Female,Indiana,18,"Blackford County",18009,363,56,419,0.8663484487
Female,Indiana,18,"Boone County",18011,1091,224,1315,0.8296577947
Female,Indiana,18,"Brown County",18013,293,55,348,0.841954023
Female,Indiana,18,"Carroll County",18015,414,83,497,0.8329979879
Female,Indiana,18,"Cass County",18017,879,164,1043,0.8427612656
Female,Indiana,18,"Clark County",18019,2002,523,2525,0.7928712871
Female,Indiana,18,"Clay County",18021,699,159,858,0.8146853147
Female,Indiana,18,"Clinton County",18023,682,123,805,0.8472049689
Female,Indiana,18,"Crawford County",18025,240,48,288,0.8333333333
Female,Indiana,18,"Daviess County",18027,512,112,624,0.8205128205
Female,Indiana,18,"Dearborn County",18029,842,185,1027,0.8198636806
Female,Indiana,18,"Decatur County",18031,567,113,680,0.8338235294
Female,Indiana,18,"De Kalb County",18033,570,132,702,0.811965812
Female,Indiana,18,"Delaware County",18035,2459,537,2996,0.8207610147
Female,Indiana,18,"Dubois County",18037,1013,130,1143,0.886264217
Female,Indiana,18,"Elkhart County",18039,2767,587,3354,0.8249850924
Female,Indiana,18,"Fayette County",18041,769,161,930,0.8268817204
Female,Indiana,18,"Floyd County",18043,1486,385,1871,0.7942276857
Female,Indiana,18,"Fountain County",18045,447,100,547,0.8171846435
Female,Indiana,18,"Franklin County",18047,421,85,506,0.8320158103
Female,Indiana,18,"Fulton County",18049,424,72,496,0.8548387097
Female,Indiana,18,"Gibson County",18051,643,137,780,0.8243589744
Female,Indiana,18,"Grant County",18053,1811,365,2176,0.8322610294
Female,Indiana,18,"Greene County",18055,667,144,811,0.8224414303
Female,Indiana,18,"Hamilton County",18057,3745,647,4392,0.8526867031
Female,Indiana,18,"Hancock County",18059,1421,232,1653,0.8596491228
Female,Indiana,18,"Harrison County",18061,771,187,958,0.8048016701
Female,Indiana,18,"Hendricks County",18063,2408,496,2904,0.8292011019
Female,Indiana,18,"Henry County",18065,1270,265,1535,0.8273615635
Female,Indiana,18,"Howard County",18067,2044,442,2486,0.8222043443
Female,Indiana,18,"Huntington County",18069,600,117,717,0.8368200837
Female,Indiana,18,"Jackson County",18071,962,177,1139,0.8446005268
Female,Indiana,18,"Jasper County",18073,736,157,893,0.8241881299
Female,Indiana,18,"Jay County",18075,472,101,573,0.8237347295
Female,Indiana,18,"Jefferson County",18077,721,158,879,0.8202502844
Female,Indiana,18,"Jennings County",18079,596,140,736,0.8097826087
Female,Indiana,18,"Johnson County",18081,2736,470,3206,0.8533998752
Female,Indiana,18,"Knox County",18083,868,191,1059,0.8196411709
Female,Indiana,18,"Kosciusko County",18085,1142,235,1377,0.8293391431
Female,Indiana,18,"Lagrange County",18087,402,80,482,0.8340248963
Female,Indiana,18,"Lake County",18089,9707,2428,12135,0.7999175937
Female,Indiana,18,"La Porte County",18091,2380,559,2939,0.8097992514
Female,Indiana,18,"Lawrence County",18093,1053,221,1274,0.8265306122
Female,Indiana,18,"Madison County",18095,3067,581,3648,0.8407346491
Female,Indiana,18,"Marion County",18097,12321,3059,15380,0.8011053316
Female,Indiana,18,"Marshall County",18099,847,154,1001,0.8461538462
Female,Indiana,18,"Martin County",18101,208,34,242,0.8595041322
Female,Indiana,18,"Miami County",18103,758,138,896,0.8459821429
Female,Indiana,18,"Monroe County",18105,1791,373,2164,0.8276340111
Female,Indiana,18,"Montgomery County",18107,817,164,981,0.8328236493
Female,Indiana,18,"Morgan County",18109,1440,292,1732,0.831408776
Female,Indiana,18,"Newton County",18111,336,62,398,0.8442211055
Female,Indiana,18,"Noble County",18113,698,113,811,0.8606658446
Female,Indiana,18,"Ohio County",18115,116,30,146,0.7945205479
Female,Indiana,18,"Orange County",18117,432,82,514,0.8404669261
Female,Indiana,18,"Owen County",18119,432,100,532,0.8120300752
Female,Indiana,18,"Parke County",18121,422,94,516,0.8178294574
Female,Indiana,18,"Perry County",18123,431,104,535,0.8056074766
Female,Indiana,18,"Pike County",18125,281,40,321,0.8753894081
Female,Indiana,18,"Porter County",18127,3327,726,4053,0.8208734271
Female,Indiana,18,"Posey County",18129,577,104,681,0.8472834068
Female,Indiana,18,"Pulaski County",18131,327,55,382,0.8560209424
Female,Indiana,18,"Putnam County",18133,745,171,916,0.8133187773
Female,Indiana,18,"Randolph County",18135,664,134,798,0.8320802005
Female,Indiana,18,"Ripley County",18137,615,125,740,0.8310810811
Female,Indiana,18,"Rush County",18139,467,80,547,0.8537477148
Female,Indiana,18,"St. Joseph County",18141,3764,779,4543,0.8285274048
Female,Indiana,18,"Scott County",18143,596,165,761,0.7831800263
Female,Indiana,18,"Shelby County",18145,901,234,1135,0.7938325991
Female,Indiana,18,"Spencer County",18147,411,91,502,0.8187250996
Female,Indiana,18,"Starke County",18149,603,93,696,0.8663793103
Female,Indiana,18,"Steuben County",18151,605,128,733,0.8253751705
Female,Indiana,18,"Sullivan County",18153,546,120,666,0.8198198198
Female,Indiana,18,"Switzerland County",18155,201,28,229,0.8777292576
Female,Indiana,18,"Tippecanoe County",18157,2367,487,2854,0.8293622985
Female,Indiana,18,"Tipton County",18159,422,65,487,0.8665297741
Female,Indiana,18,"Union County",18161,192,29,221,0.8687782805
Female,Indiana,18,"Vanderburgh County",18163,3313,741,4054,0.8172175629
Female,Indiana,18,"Vermillion County",18165,499,111,610,0.8180327869
Female,Indiana,18,"Vigo County",18167,2727,766,3493,0.7807042657
Female,Indiana,18,"Wabash County",18169,677,121,798,0.8483709273
Female,Indiana,18,"Warren County",18171,211,50,261,0.8084291188
Female,Indiana,18,"Warrick County",18173,1121,227,1348,0.8316023739
Female,Indiana,18,"Washington County",18175,563,134,697,0.8077474892
Female,Indiana,18,"Wayne County",18177,1862,467,2329,0.7994847574
Female,Indiana,18,"Wells County",18179,498,80,578,0.8615916955
Female,Indiana,18,"White County",18181,649,116,765,0.8483660131
Female,Indiana,18,"Whitley County",18183,466,75,541,0.8613678373
Female,Indiana,18,,18999,60,21,81,0.7407407407
Female,Iowa,19,"Adair County",19001,183,34,217,0.8433179724
Female,Iowa,19,"Adams County",19003,.,.,.,0.9115044248
Female,Iowa,19,"Allamakee County",19005,386,54,440,0.8772727273
Female,Iowa,19,"Appanoose County",19007,344,65,409,0.8410757946
Female,Iowa,19,"Audubon County",19009,223,29,252,0.8849206349
Female,Iowa,19,"Benton County",19011,617,80,697,0.8852223816
Female,Iowa,19,"Black Hawk County",19013,2901,431,3332,0.8706482593
Female,Iowa,19,"Boone County",19015,604,88,692,0.8728323699
Female,Iowa,19,"Bremer County",19017,698,101,799,0.87359199
Female,Iowa,19,"Buchanan County",19019,555,74,629,0.8823529412
Female,Iowa,19,"Buena Vista County",19021,375,61,436,0.8600917431
Female,Iowa,19,"Butler County",19023,479,75,554,0.8646209386
Female,Iowa,19,"Calhoun County",19025,300,50,350,0.8571428571
Female,Iowa,19,"Carroll County",19027,624,88,712,0.8764044944
Female,Iowa,19,"Cass County",19029,475,60,535,0.8878504673
Female,Iowa,19,"Cedar County",19031,358,60,418,0.8564593301
Female,Iowa,19,"Cerro Gordo County",19033,1330,224,1554,0.8558558559
Female,Iowa,19,"Cherokee County",19035,316,39,355,0.8901408451
Female,Iowa,19,"Chickasaw County",19037,325,43,368,0.8831521739
Female,Iowa,19,"Clarke County",19039,242,44,286,0.8461538462
Female,Iowa,19,"Clay County",19041,518,57,575,0.9008695652
Female,Iowa,19,"Clayton County",19043,458,59,517,0.8858800774
Female,Iowa,19,"Clinton County",19045,1279,198,1477,0.8659444821
Female,Iowa,19,"Crawford County",19047,392,50,442,0.8868778281
Female,Iowa,19,"Dallas County",19049,1121,175,1296,0.8649691358
Female,Iowa,19,"Davis County",19051,222,34,256,0.8671875
Female,Iowa,19,"Decatur County",19053,195,31,226,0.8628318584
Female,Iowa,19,"Delaware County",19055,392,70,462,0.8484848485
Female,Iowa,19,"Des Moines County",19057,1095,181,1276,0.8581504702
Female,Iowa,19,"Dickinson County",19059,615,72,687,0.8951965066
Female,Iowa,19,"Dubuque County",19061,1462,220,1682,0.8692033294
Female,Iowa,19,"Emmet County",19063,316,48,364,0.8681318681
Female,Iowa,19,"Fayette County",19065,589,72,661,0.8910741301
Female,Iowa,19,"Floyd County",19067,464,67,531,0.8738229755
Female,Iowa,19,"Franklin County",19069,282,55,337,0.8367952522
Female,Iowa,19,"Fremont County",19071,214,44,258,0.8294573643
Female,Iowa,19,"Greene County",19073,272,34,306,0.8888888889
Female,Iowa,19,"Grundy County",19075,348,44,392,0.887755102
Female,Iowa,19,"Guthrie County",19077,269,31,300,0.8966666667
Female,Iowa,19,"Hamilton County",19079,427,78,505,0.8455445545
Female,Iowa,19,"Hancock County",19081,312,44,356,0.8764044944
Female,Iowa,19,"Hardin County",19083,514,65,579,0.8877374784
Female,Iowa,19,"Harrison County",19085,346,63,409,0.8459657702
Female,Iowa,19,"Henry County",19087,535,85,620,0.8629032258
Female,Iowa,19,"Howard County",19089,293,49,342,0.8567251462
Female,Iowa,19,"Humboldt County",19091,251,39,290,0.8655172414
Female,Iowa,19,"Ida County",19093,175,32,207,0.845410628
Female,Iowa,19,"Iowa County",19095,408,44,452,0.9026548673
Female,Iowa,19,"Jackson County",19097,442,60,502,0.8804780876
Female,Iowa,19,"Jasper County",19099,815,133,948,0.8597046414
Female,Iowa,19,"Jefferson County",19101,369,54,423,0.8723404255
Female,Iowa,19,"Johnson County",19103,1533,241,1774,0.8641488162
Female,Iowa,19,"Jones County",19105,526,69,595,0.8840336134
Female,Iowa,19,"Keokuk County",19107,237,50,287,0.8257839721
Female,Iowa,19,"Kossuth County",19109,470,54,524,0.8969465649
Female,Iowa,19,"Lee County",19111,1004,167,1171,0.8573868488
Female,Iowa,19,"Linn County",19113,4227,615,4842,0.8729863693
Female,Iowa,19,"Louisa County",19115,261,48,309,0.8446601942
Female,Iowa,19,"Lucas County",19117,219,35,254,0.8622047244
Female,Iowa,19,"Lyon County",19119,267,30,297,0.898989899
Female,Iowa,19,"Madison County",19121,262,41,303,0.8646864686
Female,Iowa,19,"Mahaska County",19123,454,70,524,0.8664122137
Female,Iowa,19,"Marion County",19125,706,114,820,0.8609756098
Female,Iowa,19,"Marshall County",19127,874,131,1005,0.8696517413
Female,Iowa,19,"Mills County",19129,291,51,342,0.850877193
Female,Iowa,19,"Mitchell County",19131,306,53,359,0.852367688
Female,Iowa,19,"Monona County",19133,295,43,338,0.8727810651
Female,Iowa,19,"Monroe County",19135,210,33,243,0.8641975309
Female,Iowa,19,"Montgomery County",19137,323,77,400,0.8075
Female,Iowa,19,"Muscatine County",19139,889,141,1030,0.8631067961
Female,Iowa,19,O,19141,418,62,480,0.8708333333
Female,Iowa,19,"Osceola County",19143,179,34,213,0.8403755869
Female,Iowa,19,"Page County",19145,493,92,585,0.8427350427
Female,Iowa,19,"Palo Alto County",19147,322,31,353,0.9121813031
Female,Iowa,19,"Plymouth County",19149,572,73,645,0.8868217054
Female,Iowa,19,"Pocahontas County",19151,251,32,283,0.8869257951
Female,Iowa,19,"Polk County",19153,6597,1186,7783,0.8476166003
Female,Iowa,19,"Pottawattamie County",19155,1873,328,2201,0.8509768287
Female,Iowa,19,"Poweshiek County",19157,484,71,555,0.8720720721
Female,Iowa,19,"Ringgold County",19159,166,13,179,0.9273743017
Female,Iowa,19,"Sac County",19161,314,43,357,0.8795518207
Female,Iowa,19,"Scott County",19163,2712,525,3237,0.8378127896
Female,Iowa,19,"Shelby County",19165,379,58,437,0.8672768879
Female,Iowa,19,"Sioux County",19167,780,82,862,0.9048723898
Female,Iowa,19,"Story County",19169,1245,184,1429,0.8712386284
Female,Iowa,19,"Tama County",19171,449,68,517,0.8684719536
Female,Iowa,19,"Taylor County",19173,182,31,213,0.8544600939
Female,Iowa,19,"Union County",19175,339,77,416,0.8149038462
Female,Iowa,19,"Van Buren County",19177,169,48,217,0.7788018433
Female,Iowa,19,"Wapello County",19179,901,188,1089,0.8273645546
Female,Iowa,19,"Warren County",19181,860,144,1004,0.8565737052
Female,Iowa,19,"Washington County",19183,553,78,631,0.8763866878
Female,Iowa,19,"Wayne County",19185,175,27,202,0.8663366337
Female,Iowa,19,"Webster County",19187,923,157,1080,0.8546296296
Female,Iowa,19,"Winnebago County",19189,320,27,347,0.9221902017
Female,Iowa,19,"Winneshiek County",19191,498,57,555,0.8972972973
Female,Iowa,19,"Woodbury County",19193,1652,330,1982,0.8335015136
Female,Iowa,19,"Worth County",19195,189,39,228,0.8289473684
Female,Iowa,19,"Wright County",19197,369,43,412,0.895631068
Female,Iowa,19,,19999,.,.,.,0.9130434783
Female,Kansas,20,"Allen County",20001,314,79,393,0.7989821883
Female,Kansas,20,"Anderson County",20003,178,51,229,0.7772925764
Female,Kansas,20,"Atchison County",20005,352,64,416,0.8461538462
Female,Kansas,20,"Barber County",20007,118,24,142,0.8309859155
Female,Kansas,20,"Barton County",20009,641,117,758,0.845646438
Female,Kansas,20,"Bourbon County",20011,329,81,410,0.8024390244
Female,Kansas,20,"Brown County",20013,263,52,315,0.8349206349
Female,Kansas,20,"Butler County",20015,1022,168,1190,0.8588235294
Female,Kansas,20,"Chase County",20017,.,.,.,0.8765432099
Female,Kansas,20,"Chautauqua County",20019,89,20,109,0.8165137615
Female,Kansas,20,"Cherokee County",20021,427,103,530,0.8056603774
Female,Kansas,20,"Cheyenne County",20023,79,24,103,0.7669902913
Female,Kansas,20,"Clark County",20025,72,12,84,0.8571428571
Female,Kansas,20,"Clay County",20027,209,30,239,0.8744769874
Female,Kansas,20,"Cloud County",20029,274,45,319,0.8589341693
Female,Kansas,20,"Coffey County",20031,203,46,249,0.8152610442
Female,Kansas,20,"Comanche County",20033,.,.,.,0.9
Female,Kansas,20,"Cowley County",20035,669,186,855,0.7824561404
Female,Kansas,20,"Crawford County",20037,788,198,986,0.799188641
Female,Kansas,20,"Decatur County",20039,80,16,96,0.8333333333
Female,Kansas,20,"Dickinson County",20041,447,80,527,0.8481973435
Female,Kansas,20,"Doniphan County",20043,151,30,181,0.8342541436
Female,Kansas,20,"Douglas County",20045,1310,224,1534,0.8539765319
Female,Kansas,20,"Edwards County",20047,77,27,104,0.7403846154
Female,Kansas,20,"Elk County",20049,74,18,92,0.8043478261
Female,Kansas,20,"Ellis County",20051,603,99,702,0.858974359
Female,Kansas,20,"Ellsworth County",20053,153,45,198,0.7727272727
Female,Kansas,20,"Finney County",20055,396,96,492,0.8048780488
Female,Kansas,20,"Ford County",20057,460,92,552,0.8333333333
Female,Kansas,20,"Franklin County",20059,453,99,552,0.8206521739
Female,Kansas,20,"Geary County",20061,236,52,288,0.8194444444
Female,Kansas,20,"Gove County",20063,71,23,94,0.7553191489
Female,Kansas,20,"Graham County",20065,71,19,90,0.7888888889
Female,Kansas,20,"Grant County",20067,114,30,144,0.7916666667
Female,Kansas,20,"Gray County",20069,136,19,155,0.8774193548
Female,Kansas,20,"Greeley County",20071,.,.,.,0.9298245614
Female,Kansas,20,"Greenwood County",20073,191,51,242,0.7892561983
Female,Kansas,20,"Hamilton County",20075,.,.,.,0.8604651163
Female,Kansas,20,"Harper County",20077,157,24,181,0.8674033149
Female,Kansas,20,"Harvey County",20079,769,168,937,0.8207043757
Female,Kansas,20,"Haskell County",20081,66,12,78,0.8461538462
Female,Kansas,20,"Hodgeman County",20083,51,12,63,0.8095238095
Female,Kansas,20,"Jackson County",20085,252,55,307,0.8208469055
Female,Kansas,20,"Jefferson County",20087,337,54,391,0.8618925831
Female,Kansas,20,"Jewell County",20089,108,20,128,0.84375
Female,Kansas,20,"Johnson County",20091,6083,1213,7296,0.8337445175
Female,Kansas,20,"Kearny County",20093,.,.,.,0.8831168831
Female,Kansas,20,"Kingman County",20095,183,41,224,0.8169642857
Female,Kansas,20,"Kiowa County",20097,.,.,.,0.8615384615
Female,Kansas,20,"Labette County",20099,418,102,520,0.8038461538
Female,Kansas,20,"Lane County",20101,55,13,68,0.8088235294
Female,Kansas,20,"Leavenworth County",20103,851,189,1040,0.8182692308
Female,Kansas,20,"Lincoln County",20105,116,22,138,0.8405797101
Female,Kansas,20,"Linn County",20107,172,40,212,0.8113207547
Female,Kansas,20,"Logan County",20109,89,11,100,0.89
Female,Kansas,20,"Lyon County",20111,641,105,746,0.8592493298
Female,Kansas,20,"McPherson County",20113,666,113,779,0.8549422336
Female,Kansas,20,"Marion County",20115,375,55,430,0.8720930233
Female,Kansas,20,"Marshall County",20117,267,51,318,0.8396226415
Female,Kansas,20,"Meade County",20119,83,14,97,0.8556701031
Female,Kansas,20,"Miami County",20121,555,96,651,0.8525345622
Female,Kansas,20,"Mitchell County",20123,221,31,252,0.876984127
Female,Kansas,20,"Montgomery County",20125,735,178,913,0.8050383352
Female,Kansas,20,"Morris County",20127,131,30,161,0.8136645963
Female,Kansas,20,"Morton County",20129,74,18,92,0.8043478261
Female,Kansas,20,"Nemaha County",20131,258,33,291,0.8865979381
Female,Kansas,20,"Neosho County",20133,383,85,468,0.8183760684
Female,Kansas,20,"Ness County",20135,96,15,111,0.8648648649
Female,Kansas,20,"Norton County",20137,129,28,157,0.821656051
Female,Kansas,20,"Osage County",20139,373,73,446,0.83632287
Female,Kansas,20,"Osborne County",20141,148,22,170,0.8705882353
Female,Kansas,20,"Ottawa County",20143,153,20,173,0.8843930636
Female,Kansas,20,"Pawnee County",20145,141,48,189,0.746031746
Female,Kansas,20,"Phillips County",20147,179,28,207,0.8647342995
Female,Kansas,20,"Pottawatomie County",20149,325,69,394,0.8248730964
Female,Kansas,20,"Pratt County",20151,218,53,271,0.8044280443
Female,Kansas,20,"Rawlins County",20153,71,18,89,0.797752809
Female,Kansas,20,"Reno County",20155,1466,286,1752,0.8367579909
Female,Kansas,20,"Republic County",20157,175,16,191,0.9162303665
Female,Kansas,20,"Rice County",20159,235,43,278,0.845323741
Female,Kansas,20,"Riley County",20161,640,96,736,0.8695652174
Female,Kansas,20,"Rooks County",20163,138,25,163,0.8466257669
Female,Kansas,20,"Rush County",20165,117,18,135,0.8666666667
Female,Kansas,20,"Russell County",20167,214,36,250,0.856
Female,Kansas,20,"Saline County",20169,1291,252,1543,0.8366817887
Female,Kansas,20,"Scott County",20171,111,11,122,0.9098360656
Female,Kansas,20,"Sedgwick County",20173,6799,1637,8436,0.8059506875
Female,Kansas,20,"Seward County",20175,199,50,249,0.7991967871
Female,Kansas,20,"Shawnee County",20177,3419,672,4091,0.8357369836
Female,Kansas,20,"Sheridan County",20179,99,14,113,0.8761061947
Female,Kansas,20,"Sherman County",20181,132,33,165,0.8
Female,Kansas,20,"Smith County",20183,123,28,151,0.8145695364
Female,Kansas,20,"Stafford County",20185,92,22,114,0.8070175439
Female,Kansas,20,"Stanton County",20187,.,.,.,0.7916666667
Female,Kansas,20,"Stevens County",20189,92,14,106,0.8679245283
Female,Kansas,20,"Sumner County",20191,437,120,557,0.7845601436
Female,Kansas,20,"Thomas County",20193,171,41,212,0.8066037736
Female,Kansas,20,"Trego County",20195,116,22,138,0.8405797101
Female,Kansas,20,"Wabaunsee County",20197,147,31,178,0.8258426966
Female,Kansas,20,"Wallace County",20199,.,.,.,0.8148148148
Female,Kansas,20,"Washington County",20201,181,21,202,0.896039604
Female,Kansas,20,"Wichita County",20203,.,.,.,0.8181818182
Female,Kansas,20,"Wilson County",20205,255,64,319,0.7993730408
Female,Kansas,20,"Woodson County",20207,82,22,104,0.7884615385
Female,Kansas,20,"Wyandotte County",20209,1610,458,2068,0.7785299807
Female,Kansas,20,,20999,.,.,.,0.8333333333
Female,Kentucky,21,"Adair County",21001,455,102,557,0.8168761221
Female,Kentucky,21,"Allen County",21003,444,144,588,0.7551020408
Female,Kentucky,21,"Anderson County",21005,369,85,454,0.8127753304
Female,Kentucky,21,"Ballard County",21007,248,47,295,0.8406779661
Female,Kentucky,21,"Barren County",21009,1198,311,1509,0.7939032472
Female,Kentucky,21,"Bath County",21011,290,77,367,0.7901907357
Female,Kentucky,21,"Bell County",21013,761,219,980,0.7765306122
Female,Kentucky,21,"Boone County",21015,1359,290,1649,0.8241358399
Female,Kentucky,21,"Bourbon County",21017,448,118,566,0.7915194346
Female,Kentucky,21,"Boyd County",21019,1203,361,1564,0.7691815857
Female,Kentucky,21,"Boyle County",21021,641,169,810,0.7913580247
Female,Kentucky,21,"Bracken County",21023,153,42,195,0.7846153846
Female,Kentucky,21,"Breathitt County",21025,321,81,402,0.7985074627
Female,Kentucky,21,"Breckinridge County",21027,484,104,588,0.8231292517
Female,Kentucky,21,"Bullitt County",21029,1345,345,1690,0.7958579882
Female,Kentucky,21,"Butler County",21031,251,86,337,0.7448071217
Female,Kentucky,21,"Caldwell County",21033,324,85,409,0.7921760391
Female,Kentucky,21,"Calloway County",21035,796,175,971,0.8197734295
Female,Kentucky,21,"Campbell County",21037,1163,268,1431,0.8127183788
Female,Kentucky,21,"Carlisle County",21039,136,37,173,0.7861271676
Female,Kentucky,21,"Carroll County",21041,191,79,270,0.7074074074
Female,Kentucky,21,"Carter County",21043,665,236,901,0.7380688124
Female,Kentucky,21,"Casey County",21045,434,99,533,0.8142589118
Female,Kentucky,21,"Christian County",21047,951,361,1312,0.724847561
Female,Kentucky,21,"Clark County",21049,625,170,795,0.786163522
Female,Kentucky,21,"Clay County",21051,564,147,711,0.7932489451
Female,Kentucky,21,"Clinton County",21053,275,97,372,0.7392473118
Female,Kentucky,21,"Crittenden County",21055,226,48,274,0.8248175182
Female,Kentucky,21,"Cumberland County",21057,193,58,251,0.7689243028
Female,Kentucky,21,"Daviess County",21059,2153,522,2675,0.8048598131
Female,Kentucky,21,"Edmonson County",21061,298,66,364,0.8186813187
Female,Kentucky,21,"Elliott County",21063,114,29,143,0.7972027972
Female,Kentucky,21,"Estill County",21065,333,99,432,0.7708333333
Female,Kentucky,21,"Fayette County",21067,3640,935,4575,0.7956284153
Female,Kentucky,21,"Fleming County",21069,329,90,419,0.785202864
Female,Kentucky,21,"Floyd County",21071,1015,294,1309,0.7754010695
Female,Kentucky,21,"Franklin County",21073,1167,300,1467,0.7955010225
Female,Kentucky,21,"Fulton County",21075,196,57,253,0.7747035573
Female,Kentucky,21,"Gallatin County",21077,118,28,146,0.8082191781
Female,Kentucky,21,"Garrard County",21079,371,119,490,0.7571428571
Female,Kentucky,21,"Grant County",21081,377,101,478,0.7887029289
Female,Kentucky,21,"Graves County",21083,895,239,1134,0.7892416226
Female,Kentucky,21,"Grayson County",21085,677,145,822,0.8236009732
Female,Kentucky,21,"Green County",21087,344,86,430,0.8
Female,Kentucky,21,"Greenup County",21089,969,310,1279,0.7576231431
Female,Kentucky,21,"Hancock County",21091,174,46,220,0.7909090909
Female,Kentucky,21,"Hardin County",21093,1556,419,1975,0.7878481013
Female,Kentucky,21,"Harlan County",21095,706,230,936,0.7542735043
Female,Kentucky,21,"Harrison County",21097,425,109,534,0.7958801498
Female,Kentucky,21,"Hart County",21099,500,149,649,0.7704160247
Female,Kentucky,21,"Henderson County",21101,934,218,1152,0.8107638889
Female,Kentucky,21,"Henry County",21103,292,67,359,0.8133704735
Female,Kentucky,21,"Hickman County",21105,152,37,189,0.8042328042
Female,Kentucky,21,"Hopkins County",21107,991,260,1251,0.792166267
Female,Kentucky,21,"Jackson County",21109,315,101,416,0.7572115385
Female,Kentucky,21,"Jefferson County",21111,12083,3273,15356,0.7868585569
Female,Kentucky,21,"Jessamine County",21113,742,164,906,0.8189845475
Female,Kentucky,21,"Johnson County",21115,624,202,826,0.7554479419
Female,Kentucky,21,"Kenton County",21117,1981,496,2477,0.7997577715
Female,Kentucky,21,"Knott County",21119,420,107,527,0.7969639469
Female,Kentucky,21,"Knox County",21121,866,300,1166,0.7427101201
Female,Kentucky,21,"Larue County",21123,375,92,467,0.8029978587
Female,Kentucky,21,"Laurel County",21125,1463,442,1905,0.7679790026
Female,Kentucky,21,"Lawrence County",21127,398,118,516,0.7713178295
Female,Kentucky,21,"Lee County",21129,178,52,230,0.7739130435
Female,Kentucky,21,"Leslie County",21131,314,85,399,0.7869674185
Female,Kentucky,21,"Letcher County",21133,546,185,731,0.7469220246
Female,Kentucky,21,"Lewis County",21135,343,81,424,0.8089622642
Female,Kentucky,21,"Lincoln County",21137,613,150,763,0.8034076016
Female,Kentucky,21,"Livingston County",21139,240,59,299,0.8026755853
Female,Kentucky,21,"Logan County",21141,679,195,874,0.7768878719
Female,Kentucky,21,"Lyon County",21143,216,51,267,0.808988764
Female,Kentucky,21,"McCracken County",21145,1632,432,2064,0.7906976744
Female,Kentucky,21,"McCreary County",21147,403,106,509,0.7917485265
Female,Kentucky,21,"McLean County",21149,202,45,247,0.8178137652
Female,Kentucky,21,"Madison County",21151,1450,400,1850,0.7837837838
Female,Kentucky,21,"Magoffin County",21153,316,89,405,0.7802469136
Female,Kentucky,21,"Marion County",21155,419,102,521,0.8042226488
Female,Kentucky,21,"Marshall County",21157,858,192,1050,0.8171428571
Female,Kentucky,21,"Martin County",21159,244,73,317,0.7697160883
Female,Kentucky,21,"Mason County",21161,405,76,481,0.841995842
Female,Kentucky,21,"Meade County",21163,406,127,533,0.7617260788
Female,Kentucky,21,"Menifee County",21165,172,32,204,0.8431372549
Female,Kentucky,21,"Mercer County",21167,500,117,617,0.8103727715
Female,Kentucky,21,"Metcalfe County",21169,277,71,348,0.7959770115
Female,Kentucky,21,"Monroe County",21171,276,78,354,0.7796610169
Female,Kentucky,21,"Montgomery County",21173,552,141,693,0.7965367965
Female,Kentucky,21,"Morgan County",21175,295,74,369,0.7994579946
Female,Kentucky,21,"Muhlenberg County",21177,856,207,1063,0.8052681091
Female,Kentucky,21,"Nelson County",21179,1026,267,1293,0.7935034803
Female,Kentucky,21,"Nicholas County",21181,202,49,251,0.8047808765
Female,Kentucky,21,"Ohio County",21183,452,151,603,0.7495854063
Female,Kentucky,21,"Oldham County",21185,757,178,935,0.8096256684
Female,Kentucky,21,"Owen County",21187,212,46,258,0.8217054264
Female,Kentucky,21,"Owsley County",21189,108,36,144,0.75
Female,Kentucky,21,"Pendleton County",21191,264,57,321,0.8224299065
Female,Kentucky,21,"Perry County",21193,715,235,950,0.7526315789
Female,Kentucky,21,"Pike County",21195,1454,479,1933,0.7521986549
Female,Kentucky,21,"Powell County",21197,284,79,363,0.782369146
Female,Kentucky,21,"Pulaski County",21199,1662,465,2127,0.7813822285
Female,Kentucky,21,"Robertson County",21201,58,18,76,0.7631578947
Female,Kentucky,21,"Rockcastle County",21203,458,136,594,0.771043771
Female,Kentucky,21,"Rowan County",21205,488,156,644,0.7577639752
Female,Kentucky,21,"Russell County",21207,441,134,575,0.7669565217
Female,Kentucky,21,"Scott County",21209,718,186,904,0.7942477876
Female,Kentucky,21,"Shelby County",21211,722,178,900,0.8022222222
Female,Kentucky,21,"Simpson County",21213,402,117,519,0.774566474
Female,Kentucky,21,"Spencer County",21215,269,76,345,0.7797101449
Female,Kentucky,21,"Taylor County",21217,686,174,860,0.7976744186
Female,Kentucky,21,"Todd County",21219,248,59,307,0.8078175896
Female,Kentucky,21,"Trigg County",21221,308,86,394,0.7817258883
Female,Kentucky,21,"Trimble County",21223,183,38,221,0.8280542986
Female,Kentucky,21,"Union County",21225,314,74,388,0.8092783505
Female,Kentucky,21,"Warren County",21227,1933,585,2518,0.7676727562
Female,Kentucky,21,"Washington County",21229,309,62,371,0.832884097
Female,Kentucky,21,"Wayne County",21231,515,174,689,0.7474600871
Female,Kentucky,21,"Webster County",21233,261,50,311,0.8392282958
Female,Kentucky,21,"Whitley County",21235,959,354,1313,0.7303884235
Female,Kentucky,21,"Wolfe County",21237,200,53,253,0.790513834
Female,Kentucky,21,"Woodford County",21239,403,112,515,0.7825242718
Female,Kentucky,21,,21999,51,18,69,0.7391304348
Female,Louisiana,22,"Acadia Parish",22001,1202,318,1520,0.7907894737
Female,Louisiana,22,"Allen Parish",22003,414,154,568,0.7288732394
Female,Louisiana,22,"Ascension Parish",22005,924,263,1187,0.7784330244
Female,Louisiana,22,"Assumption Parish",22007,494,150,644,0.7670807453
Female,Louisiana,22,"Avoyelles Parish",22009,966,296,1262,0.765451664
Female,Louisiana,22,"Beauregard Parish",22011,597,216,813,0.7343173432
Female,Louisiana,22,"Bienville Parish",22013,301,121,422,0.7132701422
Female,Louisiana,22,"Bossier Parish",22015,1331,416,1747,0.7618775043
Female,Louisiana,22,"Caddo Parish",22017,3639,1469,5108,0.7124119029
Female,Louisiana,22,"Calcasieu Parish",22019,2768,1078,3846,0.7197087884
Female,Louisiana,22,"Caldwell Parish",22021,201,83,284,0.7077464789
Female,Louisiana,22,"Cameron Parish",22023,100,34,134,0.7462686567
Female,Louisiana,22,"Catahoula Parish",22025,224,75,299,0.7491638796
Female,Louisiana,22,"Claiborne Parish",22027,335,139,474,0.7067510549
Female,Louisiana,22,"Concordia Parish",22029,444,165,609,0.7290640394
Female,Louisiana,22,"De Soto Parish",22031,512,223,735,0.6965986395
Female,Louisiana,22,"East Baton Rouge Parish",22033,4772,1512,6284,0.7593889243
Female,Louisiana,22,"East Carroll Parish",22035,164,60,224,0.7321428571
Female,Louisiana,22,"East Feliciana Parish",22037,382,139,521,0.7332053743
Female,Louisiana,22,"Evangeline Parish",22039,758,268,1026,0.738791423
Female,Louisiana,22,"Franklin Parish",22041,415,168,583,0.7118353345
Female,Louisiana,22,"Grant Parish",22043,350,112,462,0.7575757576
Female,Louisiana,22,"Iberia Parish",22045,1393,390,1783,0.7812675266
Female,Louisiana,22,"Iberville Parish",22047,399,129,528,0.7556818182
Female,Louisiana,22,"Jackson Parish",22049,352,122,474,0.7426160338
Female,Louisiana,22,"Jefferson Parish",22051,3803,1054,4857,0.7829936175
Female,Louisiana,22,"Jefferson Davis Parish",22053,656,185,841,0.7800237812
Female,Louisiana,22,"Lafayette Parish",22055,3475,896,4371,0.7950125829
Female,Louisiana,22,"Lafourche Parish",22057,2191,490,2681,0.817232376
Female,Louisiana,22,"La Salle Parish",22059,341,113,454,0.7511013216
Female,Louisiana,22,"Lincoln Parish",22061,665,215,880,0.7556818182
Female,Louisiana,22,"Livingston Parish",22063,1269,333,1602,0.7921348315
Female,Louisiana,22,"Madison Parish",22065,178,82,260,0.6846153846
Female,Louisiana,22,"Morehouse Parish",22067,570,178,748,0.7620320856
Female,Louisiana,22,"Natchitoches Parish",22069,737,255,992,0.7429435484
Female,Louisiana,22,"Orleans Parish",22071,3076,1203,4279,0.7188595466
Female,Louisiana,22,"Ouachita Parish",22073,2881,925,3806,0.7569626905
Female,Louisiana,22,"Plaquemines Parish",22075,145,38,183,0.7923497268
Female,Louisiana,22,"Pointe Coupee Parish",22077,366,152,518,0.7065637066
Female,Louisiana,22,"Rapides Parish",22079,2636,818,3454,0.7631731326
Female,Louisiana,22,"Red River Parish",22081,185,74,259,0.7142857143
Female,Louisiana,22,"Richland Parish",22083,448,186,634,0.7066246057
Female,Louisiana,22,"Sabine Parish",22085,528,159,687,0.768558952
Female,Louisiana,22,"St. Bernard Parish",22087,340,119,459,0.7407407407
Female,Louisiana,22,"St. Charles Parish",22089,421,152,573,0.7347294939
Female,Louisiana,22,"St. Helena Parish",22091,237,81,318,0.7452830189
Female,Louisiana,22,"St. James Parish",22093,351,122,473,0.7420718816
Female,Louisiana,22,"St. John the Baptist Parish",22095,457,174,631,0.7242472266
Female,Louisiana,22,"St. Landry Parish",22097,1948,630,2578,0.7556245151
Female,Louisiana,22,"St. Martin Parish",22099,869,263,1132,0.7676678445
Female,Louisiana,22,"St. Mary Parish",22101,968,352,1320,0.7333333333
Female,Louisiana,22,"St. Tammany Parish",22103,2732,744,3476,0.7859608746
Female,Louisiana,22,"Tangipahoa Parish",22105,1903,582,2485,0.7657947686
Female,Louisiana,22,"Tensas Parish",22107,130,57,187,0.6951871658
Female,Louisiana,22,"Terrebonne Parish",22109,2279,557,2836,0.803596615
Female,Louisiana,22,"Union Parish",22111,503,161,664,0.7575301205
Female,Louisiana,22,"Vermilion Parish",22113,1023,273,1296,0.7893518519
Female,Louisiana,22,"Vernon Parish",22115,586,234,820,0.7146341463
Female,Louisiana,22,"Washington Parish",22117,1150,352,1502,0.7656458056
Female,Louisiana,22,"Webster Parish",22119,1005,289,1294,0.7766615147
Female,Louisiana,22,"West Baton Rouge Parish",22121,294,96,390,0.7538461538
Female,Louisiana,22,"West Carroll Parish",22123,326,80,406,0.802955665
Female,Louisiana,22,"West Feliciana Parish",22125,143,74,217,0.6589861751
Female,Louisiana,22,"Winn Parish",22127,335,124,459,0.7298474946
Female,Louisiana,22,,22999,30,15,45,0.6666666667
Female,Maine,23,"Androscoggin County",23001,1699,271,1970,0.8624365482
Female,Maine,23,"Aroostook County",23003,2459,322,2781,0.8842143114
Female,Maine,23,"Cumberland County",23005,4135,693,4828,0.8564623032
Female,Maine,23,"Franklin County",23007,593,99,692,0.8569364162
Female,Maine,23,"Hancock County",23009,1107,204,1311,0.8443935927
Female,Maine,23,"Kennebec County",23011,1949,341,2290,0.8510917031
Female,Maine,23,"Knox County",23013,807,164,971,0.8311019567
Female,Maine,23,"Lincoln County",23015,661,117,778,0.8496143959
Female,Maine,23,"Oxford County",23017,1181,188,1369,0.8626734843
Female,Maine,23,"Penobscot County",23019,2957,545,3502,0.8443746431
Female,Maine,23,"Piscataquis County",23021,408,72,480,0.85
Female,Maine,23,"Sagadahoc County",23023,566,95,661,0.8562783661
Female,Maine,23,"Somerset County",23025,1186,218,1404,0.8447293447
Female,Maine,23,"Waldo County",23027,783,150,933,0.8392282958
Female,Maine,23,"Washington County",23029,968,179,1147,0.8439407149
Female,Maine,23,"York County",23031,3732,584,4316,0.8646895273
Female,Maine,23,,23999,.,.,.,0.8181818182
Female,Maryland,24,"Allegany County",24001,2087,488,2575,0.8104854369
Female,Maryland,24,"Anne Arundel County",24003,7367,1446,8813,0.8359242029
Female,Maryland,24,"Baltimore County",24005,14765,3395,18160,0.8130506608
Female,Maryland,24,"Calvert County",24009,1057,242,1299,0.8137028483
Female,Maryland,24,"Caroline County",24011,731,185,916,0.7980349345
Female,Maryland,24,"Carroll County",24013,3066,551,3617,0.8476638098
Female,Maryland,24,"Cecil County",24015,1761,441,2202,0.7997275204
Female,Maryland,24,"Charles County",24017,1352,375,1727,0.7828604517
Female,Maryland,24,"Dorchester County",24019,998,220,1218,0.8193760263
Female,Maryland,24,"Frederick County",24021,3588,689,4277,0.8389057751
Female,Maryland,24,"Garrett County",24023,869,151,1020,0.8519607843
Female,Maryland,24,"Harford County",24025,4175,890,5065,0.824284304
Female,Maryland,24,"Howard County",24027,3233,594,3827,0.8447870395
Female,Maryland,24,"Kent County",24029,529,115,644,0.8214285714
Female,Maryland,24,"Montgomery County",24031,9876,2292,12168,0.8116370809
Female,Maryland,24,"Prince George",24033,6619,2043,8662,0.7641422304
Female,Maryland,24,"Queen Anne",24035,939,155,1094,0.8583180987
Female,Maryland,24,"St. Mary",24037,1048,265,1313,0.7981721249
Female,Maryland,24,"Somerset County",24039,602,151,753,0.7994687915
Female,Maryland,24,"Talbot County",24041,1172,203,1375,0.8523636364
Female,Maryland,24,"Washington County",24043,2744,538,3282,0.8360755637
Female,Maryland,24,"Wicomico County",24045,2128,472,2600,0.8184615385
Female,Maryland,24,"Worcester County",24047,1429,310,1739,0.8217366302
Female,Maryland,24,"Baltimore city",24510,8662,3010,11672,0.742117889
Female,Maryland,24,,24999,41,12,53,0.7735849057
Female,Massachusetts,25,"Barnstable County",25001,6531,1139,7670,0.8514993481
Female,Massachusetts,25,"Berkshire County",25003,3041,610,3651,0.832922487
Female,Massachusetts,25,"Bristol County",25005,12331,2354,14685,0.8397003745
Female,Massachusetts,25,"Dukes County",25007,365,73,438,0.8333333333
Female,Massachusetts,25,"Essex County",25009,14386,2383,16769,0.8578925398
Female,Massachusetts,25,"Franklin County",25011,1276,238,1514,0.8428005284
Female,Massachusetts,25,"Hampden County",25013,8072,1518,9590,0.8417101147
Female,Massachusetts,25,"Hampshire County",25015,2432,415,2847,0.8542325255
Female,Massachusetts,25,"Middlesex County",25017,21639,3900,25539,0.8472923764
Female,Massachusetts,25,"Nantucket County",25019,168,45,213,0.7887323944
Female,Massachusetts,25,"Norfolk County",25021,11670,2064,13734,0.8497160332
Female,Massachusetts,25,"Plymouth County",25023,10691,1938,12629,0.8465436693
Female,Massachusetts,25,"Suffolk County",25025,9332,1987,11319,0.8244544571
Female,Massachusetts,25,"Worcester County",25027,11613,2063,13676,0.8491517988
Female,Massachusetts,25,,25999,.,.,.,0.8043478261
Female,Michigan,26,"Alcona County",26001,360,70,430,0.8372093023
Female,Michigan,26,"Alger County",26003,153,33,186,0.8225806452
Female,Michigan,26,"Allegan County",26005,1227,242,1469,0.835262083
Female,Michigan,26,"Alpena County",26007,891,185,1076,0.8280669145
Female,Michigan,26,"Antrim County",26009,508,111,619,0.8206785137
Female,Michigan,26,"Arenac County",26011,413,77,490,0.8428571429
Female,Michigan,26,"Baraga County",26013,174,24,198,0.8787878788
Female,Michigan,26,"Barry County",26015,819,165,984,0.8323170732
Female,Michigan,26,"Bay County",26017,2511,497,3008,0.8347739362
Female,Michigan,26,"Benzie County",26019,326,50,376,0.8670212766
Female,Michigan,26,"Berrien County",26021,2811,663,3474,0.8091537133
Female,Michigan,26,"Branch County",26023,932,159,1091,0.8542621448
Female,Michigan,26,"Calhoun County",26025,2382,547,2929,0.8132468419
Female,Michigan,26,"Cass County",26027,972,217,1189,0.8174936922
Female,Michigan,26,"Charlevoix County",26029,548,105,653,0.8392036753
Female,Michigan,26,"Cheboygan County",26031,566,120,686,0.8250728863
Female,Michigan,26,"Chippewa County",26033,607,94,701,0.8659058488
Female,Michigan,26,"Clare County",26035,840,155,995,0.8442211055
Female,Michigan,26,"Clinton County",26037,1018,182,1200,0.8483333333
Female,Michigan,26,"Crawford County",26039,309,60,369,0.837398374
Female,Michigan,26,"Delta County",26041,899,151,1050,0.8561904762
Female,Michigan,26,"Dickinson County",26043,506,92,598,0.8461538462
Female,Michigan,26,"Eaton County",26045,1684,386,2070,0.81352657
Female,Michigan,26,"Emmet County",26047,572,109,681,0.8399412628
Female,Michigan,26,"Genesee County",26049,7835,2213,10048,0.7797571656
Female,Michigan,26,"Gladwin County",26051,784,149,933,0.8403001072
Female,Michigan,26,"Gogebic County",26053,413,52,465,0.888172043
Female,Michigan,26,"Grand Traverse County",26055,1347,228,1575,0.8552380952
Female,Michigan,26,"Gratiot County",26057,874,178,1052,0.8307984791
Female,Michigan,26,"Hillsdale County",26059,953,184,1137,0.8381706245
Female,Michigan,26,"Houghton County",26061,554,112,666,0.8318318318
Female,Michigan,26,"Huron County",26063,1013,195,1208,0.8385761589
Female,Michigan,26,"Ingham County",26065,3279,842,4121,0.79568066
Female,Michigan,26,"Ionia County",26067,871,177,1048,0.8311068702
Female,Michigan,26,"Iosco County",26069,772,149,921,0.8382193268
Female,Michigan,26,"Iron County",26071,370,76,446,0.8295964126
Female,Michigan,26,"Isabella County",26073,897,173,1070,0.838317757
Female,Michigan,26,"Jackson County",26075,3161,765,3926,0.8051451859
Female,Michigan,26,"Kalamazoo County",26077,3479,768,4247,0.8191664704
Female,Michigan,26,"Kalkaska County",26079,330,59,389,0.8483290488
Female,Michigan,26,"Kent County",26081,5997,1198,7195,0.833495483
Female,Michigan,26,"Keweenaw County",26083,.,.,.,0.875
Female,Michigan,26,"Lake County",26085,270,67,337,0.8011869436
Female,Michigan,26,"Lapeer County",26087,1723,343,2066,0.8339787028
Female,Michigan,26,"Leelanau County",26089,368,76,444,0.8288288288
Female,Michigan,26,"Lenawee County",26091,1959,370,2329,0.8411335337
Female,Michigan,26,"Livingston County",26093,2281,452,2733,0.8346139773
Female,Michigan,26,"Luce County",26095,138,26,164,0.8414634146
Female,Michigan,26,"Mackinac County",26097,263,54,317,0.8296529968
Female,Michigan,26,"Macomb County",26099,16455,3383,19838,0.8294686964
Female,Michigan,26,"Manistee County",26101,514,96,610,0.8426229508
Female,Michigan,26,"Marquette County",26103,917,166,1083,0.8467220683
Female,Michigan,26,"Mason County",26105,676,121,797,0.8481806775
Female,Michigan,26,"Mecosta County",26107,675,123,798,0.8458646617
Female,Michigan,26,"Menominee County",26109,519,77,596,0.8708053691
Female,Michigan,26,"Midland County",26111,1922,282,2204,0.8720508167
Female,Michigan,26,"Missaukee County",26113,305,50,355,0.8591549296
Female,Michigan,26,"Monroe County",26115,2922,638,3560,0.8207865169
Female,Michigan,26,"Montcalm County",26117,972,195,1167,0.8329048843
Female,Michigan,26,"Montmorency County",26119,276,72,348,0.7931034483
Female,Michigan,26,"Muskegon County",26121,2494,585,3079,0.8100032478
Female,Michigan,26,"Newaygo County",26123,690,149,839,0.8224076281
Female,Michigan,26,"Oakland County",26125,18326,4277,22603,0.8107773304
Female,Michigan,26,"Oceana County",26127,409,103,512,0.798828125
Female,Michigan,26,"Ogemaw County",26129,640,122,762,0.8398950131
Female,Michigan,26,"Ontonagon County",26131,168,43,211,0.7962085308
Female,Michigan,26,"Osceola County",26133,446,89,535,0.8336448598
Female,Michigan,26,"Oscoda County",26135,221,51,272,0.8125
Female,Michigan,26,"Otsego County",26137,527,95,622,0.847266881
Female,Michigan,26,"Ottawa County",26139,2432,410,2842,0.8557353976
Female,Michigan,26,"Presque Isle County",26141,430,85,515,0.8349514563
Female,Michigan,26,"Roscommon County",26143,820,159,979,0.8375893769
Female,Michigan,26,"Saginaw County",26145,4120,972,5092,0.8091123331
Female,Michigan,26,"St. Clair County",26147,3165,640,3805,0.8318002628
Female,Michigan,26,"St. Joseph County",26149,1110,229,1339,0.8289768484
Female,Michigan,26,"Sanilac County",26151,945,189,1134,0.8333333333
Female,Michigan,26,"Schoolcraft County",26153,231,43,274,0.8430656934
Female,Michigan,26,"Shiawassee County",26155,1322,268,1590,0.8314465409
Female,Michigan,26,"Tuscola County",26157,1329,283,1612,0.8244416873
Female,Michigan,26,"Van Buren County",26159,1266,242,1508,0.8395225464
Female,Michigan,26,"Washtenaw County",26161,3096,717,3813,0.8119590873
Female,Michigan,26,"Wayne County",26163,27158,8122,35280,0.7697845805
Female,Michigan,26,"Wexford County",26165,638,123,761,0.838370565
Female,Michigan,26,,26999,70,21,91,0.7692307692
Female,Minnesota,27,"Aitkin County",27001,242,34,276,0.8768115942
Female,Minnesota,27,"Anoka County",27003,3203,540,3743,0.8557306973
Female,Minnesota,27,"Becker County",27005,593,96,689,0.8606676343
Female,Minnesota,27,"Beltrami County",27007,742,113,855,0.8678362573
Female,Minnesota,27,"Benton County",27009,478,76,554,0.8628158845
Female,Minnesota,27,"Big Stone County",27011,134,17,151,0.8874172185
Female,Minnesota,27,"Blue Earth County",27013,978,110,1088,0.8988970588
Female,Minnesota,27,"Brown County",27015,666,85,751,0.8868175766
Female,Minnesota,27,"Carlton County",27017,454,62,516,0.8798449612
Female,Minnesota,27,"Carver County",27019,721,105,826,0.8728813559
Female,Minnesota,27,"Cass County",27021,513,81,594,0.8636363636
Female,Minnesota,27,"Chippewa County",27023,263,26,289,0.9100346021
Female,Minnesota,27,"Chisago County",27025,591,83,674,0.8768545994
Female,Minnesota,27,"Clay County",27027,812,111,923,0.8797399783
Female,Minnesota,27,"Clearwater County",27029,169,23,192,0.8802083333
Female,Minnesota,27,"Cook County",27031,65,11,76,0.8552631579
Female,Minnesota,27,"Cottonwood County",27033,256,32,288,0.8888888889
Female,Minnesota,27,"Crow Wing County",27035,1139,193,1332,0.8551051051
Female,Minnesota,27,"Dakota County",27037,4010,641,4651,0.8621801763
Female,Minnesota,27,"Dodge County",27039,198,30,228,0.8684210526
Female,Minnesota,27,"Douglas County",27041,718,112,830,0.865060241
Female,Minnesota,27,"Faribault County",27043,358,51,409,0.8753056235
Female,Minnesota,27,"Fillmore County",27045,396,51,447,0.8859060403
Female,Minnesota,27,"Freeborn County",27047,573,95,668,0.8577844311
Female,Minnesota,27,"Goodhue County",27049,499,87,586,0.8515358362
Female,Minnesota,27,"Grant County",27051,138,17,155,0.8903225806
Female,Minnesota,27,"Hennepin County",27053,10597,2025,12622,0.8395658374
Female,Minnesota,27,"Houston County",27055,390,45,435,0.8965517241
Female,Minnesota,27,"Hubbard County",27057,459,82,541,0.8484288355
Female,Minnesota,27,"Isanti County",27059,515,88,603,0.8540630182
Female,Minnesota,27,"Itasca County",27061,676,99,775,0.8722580645
Female,Minnesota,27,"Jackson County",27063,272,38,310,0.8774193548
Female,Minnesota,27,"Kanabec County",27065,202,38,240,0.8416666667
Female,Minnesota,27,"Kandiyohi County",27067,694,84,778,0.8920308483
Female,Minnesota,27,"Kittson County",27069,103,13,116,0.8879310345
Female,Minnesota,27,"Koochiching County",27071,263,32,295,0.8915254237
Female,Minnesota,27,"Lac qui Parle County",27073,179,24,203,0.881773399
Female,Minnesota,27,"Lake County",27075,176,29,205,0.8585365854
Female,Minnesota,27,"Lake of the Woods County",27077,78,12,90,0.8666666667
Female,Minnesota,27,"Le Sueur County",27079,281,42,323,0.8699690402
Female,Minnesota,27,"Lincoln County",27081,141,24,165,0.8545454545
Female,Minnesota,27,"Lyon County",27083,470,74,544,0.8639705882
Female,Minnesota,27,"McLeod County",27085,497,65,562,0.884341637
Female,Minnesota,27,"Mahnomen County",27087,99,22,121,0.8181818182
Female,Minnesota,27,"Marshall County",27089,196,37,233,0.8412017167
Female,Minnesota,27,"Martin County",27091,566,72,638,0.8871473354
Female,Minnesota,27,"Meeker County",27093,227,43,270,0.8407407407
Female,Minnesota,27,"Mille Lacs County",27095,280,67,347,0.8069164265
Female,Minnesota,27,"Morrison County",27097,547,83,630,0.8682539683
Female,Minnesota,27,"Mower County",27099,623,103,726,0.8581267218
Female,Minnesota,27,"Murray County",27101,238,33,271,0.8782287823
Female,Minnesota,27,"Nicollet County",27103,532,70,602,0.8837209302
Female,Minnesota,27,"Nobles County",27105,426,47,473,0.9006342495
Female,Minnesota,27,"Norman County",27107,157,17,174,0.9022988506
Female,Minnesota,27,"Olmsted County",27109,1550,277,1827,0.8483853311
Female,Minnesota,27,"Otter Tail County",27111,1193,170,1363,0.8752751284
Female,Minnesota,27,"Pennington County",27113,231,28,259,0.8918918919
Female,Minnesota,27,"Pine County",27115,355,61,416,0.8533653846
Female,Minnesota,27,"Pipestone County",27117,227,35,262,0.8664122137
Female,Minnesota,27,"Polk County",27119,627,93,720,0.8708333333
Female,Minnesota,27,"Pope County",27121,262,34,296,0.8851351351
Female,Minnesota,27,"Ramsey County",27123,5195,1050,6245,0.8318654924
Female,Minnesota,27,"Red Lake County",27125,71,11,82,0.8658536585
Female,Minnesota,27,"Redwood County",27127,334,51,385,0.8675324675
Female,Minnesota,27,"Renville County",27129,362,53,415,0.8722891566
Female,Minnesota,27,"Rice County",27131,623,85,708,0.8799435028
Female,Minnesota,27,"Rock County",27133,186,26,212,0.8773584906
Female,Minnesota,27,"Roseau County",27135,267,37,304,0.8782894737
Female,Minnesota,27,"St. Louis County",27137,2469,395,2864,0.8620810056
Female,Minnesota,27,"Scott County",27139,1155,184,1339,0.8625840179
Female,Minnesota,27,"Sherburne County",27141,827,121,948,0.8723628692
Female,Minnesota,27,"Sibley County",27143,175,25,200,0.875
Female,Minnesota,27,"Stearns County",27145,1835,264,2099,0.8742258218
Female,Minnesota,27,"Steele County",27147,692,84,776,0.8917525773
Female,Minnesota,27,"Stevens County",27149,163,27,190,0.8578947368
Female,Minnesota,27,"Swift County",27151,237,21,258,0.9186046512
Female,Minnesota,27,"Todd County",27153,368,50,418,0.8803827751
Female,Minnesota,27,"Traverse County",27155,78,11,89,0.8764044944
Female,Minnesota,27,"Wabasha County",27157,326,47,373,0.8739946381
Female,Minnesota,27,"Wadena County",27159,310,47,357,0.8683473389
Female,Minnesota,27,"Waseca County",27161,343,37,380,0.9026315789
Female,Minnesota,27,"Washington County",27163,2634,424,3058,0.8613472858
Female,Minnesota,27,"Watonwan County",27165,224,43,267,0.8389513109
Female,Minnesota,27,"Wilkin County",27167,145,18,163,0.8895705521
Female,Minnesota,27,"Winona County",27169,840,128,968,0.867768595
Female,Minnesota,27,"Wright County",27171,1346,175,1521,0.8849441157
Female,Minnesota,27,"Yellow Medicine County",27173,171,24,195,0.8769230769
Female,Minnesota,27,,27999,.,.,.,0.8235294118
Female,Mississippi,28,"Adams County",28001,750,268,1018,0.7367387033
Female,Mississippi,28,"Alcorn County",28003,1063,294,1357,0.7833456153
Female,Mississippi,28,"Amite County",28005,267,100,367,0.727520436
Female,Mississippi,28,"Attala County",28007,457,150,607,0.7528830313
Female,Mississippi,28,"Benton County",28009,205,67,272,0.7536764706
Female,Mississippi,28,"Bolivar County",28011,802,347,1149,0.6979982594
Female,Mississippi,28,"Calhoun County",28013,406,118,524,0.7748091603
Female,Mississippi,28,"Carroll County",28015,294,95,389,0.7557840617
Female,Mississippi,28,"Chickasaw County",28017,486,171,657,0.7397260274
Female,Mississippi,28,"Choctaw County",28019,253,70,323,0.7832817337
Female,Mississippi,28,"Claiborne County",28021,104,70,174,0.5977011494
Female,Mississippi,28,"Clarke County",28023,423,146,569,0.7434094903
Female,Mississippi,28,"Clay County",28025,507,143,650,0.78
Female,Mississippi,28,"Coahoma County",28027,589,224,813,0.7244772448
Female,Mississippi,28,"Copiah County",28029,448,163,611,0.7332242226
Female,Mississippi,28,"Covington County",28031,396,144,540,0.7333333333
Female,Mississippi,28,"DeSoto County",28033,2599,739,3338,0.7786099461
Female,Mississippi,28,"Forrest County",28035,1235,341,1576,0.7836294416
Female,Mississippi,28,"Franklin County",28037,209,62,271,0.7712177122
Female,Mississippi,28,"George County",28039,433,150,583,0.7427101201
Female,Mississippi,28,"Greene County",28041,230,86,316,0.7278481013
Female,Mississippi,28,"Grenada County",28043,599,193,792,0.7563131313
Female,Mississippi,28,"Hancock County",28045,763,215,978,0.7801635992
Female,Mississippi,28,"Harrison County",28047,2519,880,3399,0.7411003236
Female,Mississippi,28,"Hinds County",28049,3083,1109,4192,0.7354484733
Female,Mississippi,28,"Holmes County",28051,415,207,622,0.6672025723
Female,Mississippi,28,"Humphreys County",28053,217,82,299,0.7257525084
Female,Mississippi,28,"Issaquena County",28055,.,.,.,0.75
Female,Mississippi,28,"Itawamba County",28057,659,160,819,0.8046398046
Female,Mississippi,28,"Jackson County",28059,2081,666,2747,0.7575536949
Female,Mississippi,28,"Jasper County",28061,449,158,607,0.7397034596
Female,Mississippi,28,"Jefferson County",28063,183,91,274,0.6678832117
Female,Mississippi,28,"Jefferson Davis County",28065,293,127,420,0.6976190476
Female,Mississippi,28,"Jones County",28067,1535,494,2029,0.7565303105
Female,Mississippi,28,"Kemper County",28069,218,81,299,0.72909699
Female,Mississippi,28,"Lafayette County",28071,832,254,1086,0.7661141805
Female,Mississippi,28,"Lamar County",28073,871,263,1134,0.7680776014
Female,Mississippi,28,"Lauderdale County",28075,1470,501,1971,0.7458143075
Female,Mississippi,28,"Lawrence County",28077,323,106,429,0.7529137529
Female,Mississippi,28,"Leake County",28079,395,124,519,0.7610789981
Female,Mississippi,28,"Lee County",28081,1986,572,2558,0.776387803
Female,Mississippi,28,"Leflore County",28083,843,296,1139,0.7401229148
Female,Mississippi,28,"Lincoln County",28085,777,236,1013,0.7670286278
Female,Mississippi,28,"Lowndes County",28087,1257,396,1653,0.7604355717
Female,Mississippi,28,"Madison County",28089,1444,417,1861,0.775926921
Female,Mississippi,28,"Marion County",28091,640,217,857,0.7467911319
Female,Mississippi,28,"Marshall County",28093,710,257,967,0.734229576
Female,Mississippi,28,"Monroe County",28095,1002,267,1269,0.7895981087
Female,Mississippi,28,"Montgomery County",28097,337,104,441,0.7641723356
Female,Mississippi,28,"Neshoba County",28099,548,172,720,0.7611111111
Female,Mississippi,28,"Newton County",28101,503,142,645,0.7798449612
Female,Mississippi,28,"Noxubee County",28103,270,103,373,0.7238605898
Female,Mississippi,28,"Oktibbeha County",28105,657,236,893,0.7357222844
Female,Mississippi,28,"Panola County",28107,772,292,1064,0.7255639098
Female,Mississippi,28,"Pearl River County",28109,1007,312,1319,0.7634571645
Female,Mississippi,28,"Perry County",28111,254,99,353,0.7195467422
Female,Mississippi,28,"Pike County",28113,822,266,1088,0.7555147059
Female,Mississippi,28,"Pontotoc County",28115,776,216,992,0.7822580645
Female,Mississippi,28,"Prentiss County",28117,776,227,1003,0.7736789631
Female,Mississippi,28,"Quitman County",28119,227,76,303,0.7491749175
Female,Mississippi,28,"Rankin County",28121,2174,658,2832,0.7676553672
Female,Mississippi,28,"Scott County",28123,525,182,707,0.7425742574
Female,Mississippi,28,"Sharkey County",28125,132,37,169,0.7810650888
Female,Mississippi,28,"Simpson County",28127,552,196,748,0.7379679144
Female,Mississippi,28,"Smith County",28129,329,106,435,0.7563218391
Female,Mississippi,28,"Stone County",28131,314,98,412,0.7621359223
Female,Mississippi,28,"Sunflower County",28133,576,264,840,0.6857142857
Female,Mississippi,28,"Tallahatchie County",28135,304,116,420,0.7238095238
Female,Mississippi,28,"Tate County",28137,615,169,784,0.7844387755
Female,Mississippi,28,"Tippah County",28139,613,176,789,0.7769328264
Female,Mississippi,28,"Tishomingo County",28141,657,139,796,0.8253768844
Female,Mississippi,28,"Tunica County",28143,192,61,253,0.7588932806
Female,Mississippi,28,"Union County",28145,691,221,912,0.7576754386
Female,Mississippi,28,"Walthall County",28147,407,120,527,0.7722960152
Female,Mississippi,28,"Warren County",28149,683,260,943,0.7242841994
Female,Mississippi,28,"Washington County",28151,1078,413,1491,0.7230046948
Female,Mississippi,28,"Wayne County",28153,501,140,641,0.7815912637
Female,Mississippi,28,"Webster County",28155,314,96,410,0.7658536585
Female,Mississippi,28,"Wilkinson County",28157,194,86,280,0.6928571429
Female,Mississippi,28,"Winston County",28159,450,131,581,0.7745266781
Female,Mississippi,28,"Yalobusha County",28161,395,137,532,0.742481203
Female,Mississippi,28,"Yazoo County",28163,476,151,627,0.7591706539
Female,Mississippi,28,,28999,35,14,49,0.7142857143
Female,Missouri,29,"Adair County",29001,561,122,683,0.8213762811
Female,Missouri,29,"Andrew County",29003,374,78,452,0.8274336283
Female,Missouri,29,"Atchison County",29005,200,29,229,0.8733624454
Female,Missouri,29,"Audrain County",29007,646,152,798,0.8095238095
Female,Missouri,29,"Barry County",29009,557,140,697,0.7991391679
Female,Missouri,29,"Barton County",29011,269,47,316,0.8512658228
Female,Missouri,29,"Bates County",29013,349,88,437,0.7986270023
Female,Missouri,29,"Benton County",29015,518,140,658,0.7872340426
Female,Missouri,29,"Bollinger County",29017,249,56,305,0.8163934426
Female,Missouri,29,"Boone County",29019,1994,424,2418,0.8246484698
Female,Missouri,29,"Buchanan County",29021,1817,427,2244,0.809714795
Female,Missouri,29,"Butler County",29023,1115,298,1413,0.7891012031
Female,Missouri,29,"Caldwell County",29025,183,53,236,0.7754237288
Female,Missouri,29,"Callaway County",29027,780,169,949,0.8219178082
Female,Missouri,29,"Camden County",29029,993,186,1179,0.8422391858
Female,Missouri,29,"Cape Girardeau County",29031,1609,362,1971,0.8163368848
Female,Missouri,29,"Carroll County",29033,230,39,269,0.8550185874
Female,Missouri,29,"Carter County",29035,162,44,206,0.786407767
Female,Missouri,29,"Cass County",29037,1208,303,1511,0.7994705493
Female,Missouri,29,"Cedar County",29039,285,66,351,0.811965812
Female,Missouri,29,"Chariton County",29041,221,39,260,0.85
Female,Missouri,29,"Christian County",29043,1080,202,1282,0.8424336973
Female,Missouri,29,"Clark County",29045,193,40,233,0.8283261803
Female,Missouri,29,"Clay County",29047,3319,695,4014,0.826856004
Female,Missouri,29,"Clinton County",29049,421,74,495,0.8505050505
Female,Missouri,29,"Cole County",29051,1314,281,1595,0.8238244514
Female,Missouri,29,"Cooper County",29053,331,101,432,0.7662037037
Female,Missouri,29,"Crawford County",29055,502,129,631,0.795562599
Female,Missouri,29,"Dade County",29057,138,37,175,0.7885714286
Female,Missouri,29,"Dallas County",29059,262,70,332,0.7891566265
Female,Missouri,29,"Daviess County",29061,212,40,252,0.8412698413
Female,Missouri,29,"DeKalb County",29063,239,59,298,0.8020134228
Female,Missouri,29,"Dent County",29065,444,106,550,0.8072727273
Female,Missouri,29,"Douglas County",29067,168,38,206,0.8155339806
Female,Missouri,29,"Dunklin County",29069,838,209,1047,0.8003820439
Female,Missouri,29,"Franklin County",29071,1516,334,1850,0.8194594595
Female,Missouri,29,"Gasconade County",29073,386,87,473,0.8160676533
Female,Missouri,29,"Gentry County",29075,184,34,218,0.8440366972
Female,Missouri,29,"Greene County",29077,3674,790,4464,0.8230286738
Female,Missouri,29,"Grundy County",29079,323,70,393,0.8218829517
Female,Missouri,29,"Harrison County",29081,269,53,322,0.8354037267
Female,Missouri,29,"Henry County",29083,528,119,647,0.8160741886
Female,Missouri,29,"Hickory County",29085,184,37,221,0.8325791855
Female,Missouri,29,"Holt County",29087,126,35,161,0.7826086957
Female,Missouri,29,"Howard County",29089,169,48,217,0.7788018433
Female,Missouri,29,"Howell County",29091,1004,234,1238,0.8109854604
Female,Missouri,29,"Iron County",29093,348,71,419,0.830548926
Female,Missouri,29,"Jackson County",29095,7716,1929,9645,0.8
Female,Missouri,29,"Jasper County",29097,2076,505,2581,0.8043394033
Female,Missouri,29,"Jefferson County",29099,2867,679,3546,0.8085166385
Female,Missouri,29,"Johnson County",29101,588,156,744,0.7903225806
Female,Missouri,29,"Knox County",29103,126,30,156,0.8076923077
Female,Missouri,29,"Laclede County",29105,541,133,674,0.8026706231
Female,Missouri,29,"Lafayette County",29107,559,132,691,0.8089725036
Female,Missouri,29,"Lawrence County",29109,546,121,667,0.8185907046
Female,Missouri,29,"Lewis County",29111,266,54,320,0.83125
Female,Missouri,29,"Lincoln County",29113,823,199,1022,0.8052837573
Female,Missouri,29,"Linn County",29115,377,70,447,0.8434004474
Female,Missouri,29,"Livingston County",29117,411,59,470,0.8744680851
Female,Missouri,29,"McDonald County",29119,282,100,382,0.7382198953
Female,Missouri,29,"Macon County",29121,432,88,520,0.8307692308
Female,Missouri,29,"Madison County",29123,337,82,419,0.8042959427
Female,Missouri,29,"Maries County",29125,183,29,212,0.8632075472
Female,Missouri,29,"Marion County",29127,788,152,940,0.8382978723
Female,Missouri,29,"Mercer County",29129,86,21,107,0.8037383178
Female,Missouri,29,"Miller County",29131,510,108,618,0.8252427184
Female,Missouri,29,"Mississippi County",29133,385,92,477,0.8071278826
Female,Missouri,29,"Moniteau County",29135,279,54,333,0.8378378378
Female,Missouri,29,"Monroe County",29137,253,50,303,0.8349834983
Female,Missouri,29,"Montgomery County",29139,312,77,389,0.8020565553
Female,Missouri,29,"Morgan County",29141,414,115,529,0.7826086957
Female,Missouri,29,"New Madrid County",29143,492,125,617,0.7974068071
Female,Missouri,29,"Newton County",29145,1033,271,1304,0.7921779141
Female,Missouri,29,"Nodaway County",29147,448,94,542,0.8265682657
Female,Missouri,29,"Oregon County",29149,292,76,368,0.7934782609
Female,Missouri,29,"Osage County",29151,282,33,315,0.8952380952
Female,Missouri,29,"Ozark County",29153,203,46,249,0.8152610442
Female,Missouri,29,"Pemiscot County",29155,396,148,544,0.7279411765
Female,Missouri,29,"Perry County",29157,444,78,522,0.8505747126
Female,Missouri,29,"Pettis County",29159,889,189,1078,0.8246753247
Female,Missouri,29,"Phelps County",29161,857,179,1036,0.8272200772
Female,Missouri,29,"Pike County",29163,386,98,484,0.7975206612
Female,Missouri,29,"Platte County",29165,1260,274,1534,0.8213820078
Female,Missouri,29,"Polk County",29167,471,113,584,0.8065068493
Female,Missouri,29,"Pulaski County",29169,357,120,477,0.748427673
Female,Missouri,29,"Putnam County",29171,158,33,191,0.8272251309
Female,Missouri,29,"Ralls County",29173,320,37,357,0.8963585434
Female,Missouri,29,"Randolph County",29175,570,125,695,0.8201438849
Female,Missouri,29,"Ray County",29177,518,108,626,0.8274760383
Female,Missouri,29,"Reynolds County",29179,183,45,228,0.8026315789
Female,Missouri,29,"Ripley County",29181,375,109,484,0.7747933884
Female,Missouri,29,"St. Charles County",29183,5000,938,5938,0.842034355
Female,Missouri,29,"St. Clair County",29185,243,57,300,0.81
Female,Missouri,29,"Ste. Genevieve County",29186,423,91,514,0.8229571984
Female,Missouri,29,"St. Francois County",29187,1649,367,2016,0.8179563492
Female,Missouri,29,"St. Louis County",29189,14004,3435,17439,0.8030276965
Female,Missouri,29,"Saline County",29195,515,96,611,0.8428805237
Female,Missouri,29,"Schuyler County",29197,122,30,152,0.8026315789
Female,Missouri,29,"Scotland County",29199,114,30,144,0.7916666667
Female,Missouri,29,"Scott County",29201,1091,258,1349,0.8087472202
Female,Missouri,29,"Shannon County",29203,174,37,211,0.8246445498
Female,Missouri,29,"Shelby County",29205,192,34,226,0.8495575221
Female,Missouri,29,"Stoddard County",29207,810,183,993,0.8157099698
Female,Missouri,29,"Stone County",29209,663,151,814,0.8144963145
Female,Missouri,29,"Sullivan County",29211,183,32,215,0.8511627907
Female,Missouri,29,"Taney County",29213,1065,247,1312,0.8117378049
Female,Missouri,29,"Texas County",29215,511,126,637,0.8021978022
Female,Missouri,29,"Vernon County",29217,441,119,560,0.7875
Female,Missouri,29,"Warren County",29219,522,124,646,0.8080495356
Female,Missouri,29,"Washington County",29221,556,161,717,0.7754532775
Female,Missouri,29,"Wayne County",29223,326,71,397,0.8211586902
Female,Missouri,29,"Webster County",29225,461,105,566,0.8144876325
Female,Missouri,29,"Worth County",29227,.,.,.,0.8630136986
Female,Missouri,29,"Wright County",29229,319,79,398,0.8015075377
Female,Missouri,29,"St. Louis city",29510,3261,1073,4334,0.7524227042
Female,Missouri,29,,29999,67,20,87,0.7701149425
Female,Montana,30,"Beaverhead County",30001,170,21,191,0.890052356
Female,Montana,30,"Big Horn County",30003,89,32,121,0.7355371901
Female,Montana,30,"Blaine County",30005,76,20,96,0.7916666667
Female,Montana,30,"Broadwater County",30007,102,15,117,0.8717948718
Female,Montana,30,"Carbon County",30009,133,29,162,0.8209876543
Female,Montana,30,"Carter County",30011,.,.,.,0.7741935484
Female,Montana,30,"Cascade County",30013,1117,235,1352,0.826183432
Female,Montana,30,"Chouteau County",30015,103,29,132,0.7803030303
Female,Montana,30,"Custer County",30017,201,41,242,0.8305785124
Female,Montana,30,"Daniels County",30019,.,.,.,0.9821428571
Female,Montana,30,"Dawson County",30021,206,31,237,0.8691983122
Female,Montana,30,"Deer Lodge County",30023,200,51,251,0.796812749
Female,Montana,30,"Fallon County",30025,.,.,.,0.8805970149
Female,Montana,30,"Fergus County",30027,196,45,241,0.8132780083
Female,Montana,30,"Flathead County",30029,1350,296,1646,0.8201701094
Female,Montana,30,"Gallatin County",30031,707,142,849,0.8327444052
Female,Montana,30,"Garfield County",30033,.,.,.,0.7586206897
Female,Montana,30,"Glacier County",30035,79,45,124,0.6370967742
Female,Montana,30,"Golden Valley County",30037,.,.,.,0.8823529412
Female,Montana,30,"Granite County",30039,50,13,63,0.7936507937
Female,Montana,30,"Hill County",30041,261,61,322,0.8105590062
Female,Montana,30,"Jefferson County",30043,136,26,162,0.8395061728
Female,Montana,30,"Judith Basin County",30045,32,11,43,0.7441860465
Female,Montana,30,"Lake County",30047,445,96,541,0.8225508318
Female,Montana,30,"Lewis and Clark County",30049,991,168,1159,0.8550474547
Female,Montana,30,"Liberty County",30051,.,.,.,0.9056603774
Female,Montana,30,"Lincoln County",30053,356,80,436,0.8165137615
Female,Montana,30,"McCone County",30055,.,.,.,0.8571428571
Female,Montana,30,"Madison County",30057,152,27,179,0.8491620112
Female,Montana,30,"Meagher County",30059,.,.,.,0.8837209302
Female,Montana,30,"Mineral County",30061,102,19,121,0.8429752066
Female,Montana,30,"Missoula County",30063,1485,273,1758,0.8447098976
Female,Montana,30,"Musselshell County",30065,91,23,114,0.798245614
Female,Montana,30,"Park County",30067,232,47,279,0.8315412186
Female,Montana,30,"Petroleum County",30069,.,.,.,0.9
Female,Montana,30,"Phillips County",30071,.,.,.,0.9014084507
Female,Montana,30,"Pondera County",30073,105,29,134,0.7835820896
Female,Montana,30,"Powder River County",30075,.,.,.,0.8888888889
Female,Montana,30,"Powell County",30077,106,27,133,0.7969924812
Female,Montana,30,"Prairie County",30079,.,.,.,0.8235294118
Female,Montana,30,"Ravalli County",30081,711,137,848,0.8384433962
Female,Montana,30,"Richland County",30083,262,43,305,0.8590163934
Female,Montana,30,"Roosevelt County",30085,113,42,155,0.7290322581
Female,Montana,30,"Rosebud County",30087,99,27,126,0.7857142857
Female,Montana,30,"Sanders County",30089,272,56,328,0.8292682927
Female,Montana,30,"Sheridan County",30091,80,21,101,0.7920792079
Female,Montana,30,"Silver Bow County",30093,506,108,614,0.8241042345
Female,Montana,30,"Stillwater County",30095,121,24,145,0.8344827586
Female,Montana,30,"Sweet Grass County",30097,69,14,83,0.8313253012
Female,Montana,30,"Teton County",30099,.,.,.,0.9108910891
Female,Montana,30,"Toole County",30101,76,25,101,0.7524752475
Female,Montana,30,"Treasure County",30103,.,.,.,0.875
Female,Montana,30,"Valley County",30105,130,31,161,0.8074534161
Female,Montana,30,"Wheatland County",30107,.,.,.,0.8571428571
Female,Montana,30,"Wibaux County",30109,.,.,.,0.7954545455
Female,Montana,30,"Yellowstone County",30111,2104,403,2507,0.8392500997
Female,Montana,30,,30999,.,.,.,0.9
Female,Nebraska,31,"Adams County",31001,868,144,1012,0.8577075099
Female,Nebraska,31,"Antelope County",31003,281,48,329,0.8541033435
Female,Nebraska,31,"Arthur County",31005,.,.,.,0.75
Female,Nebraska,31,"Banner County",31007,.,.,.,0.9
Female,Nebraska,31,"Blaine County",31009,.,.,.,0.8461538462
Female,Nebraska,31,"Boone County",31011,203,33,236,0.8601694915
Female,Nebraska,31,"Box Butte County",31013,244,52,296,0.8243243243
Female,Nebraska,31,"Boyd County",31015,72,11,83,0.8674698795
Female,Nebraska,31,"Brown County",31017,112,21,133,0.8421052632
Female,Nebraska,31,"Buffalo County",31019,946,185,1131,0.8364279399
Female,Nebraska,31,"Burt County",31021,195,39,234,0.8333333333
Female,Nebraska,31,"Butler County",31023,208,36,244,0.8524590164
Female,Nebraska,31,"Cass County",31025,427,72,499,0.8557114228
Female,Nebraska,31,"Cedar County",31027,230,30,260,0.8846153846
Female,Nebraska,31,"Chase County",31029,.,.,.,0.9223300971
Female,Nebraska,31,"Cherry County",31031,158,20,178,0.8876404494
Female,Nebraska,31,"Cheyenne County",31033,193,59,252,0.7658730159
Female,Nebraska,31,"Clay County",31035,194,31,225,0.8622222222
Female,Nebraska,31,"Colfax County",31037,190,39,229,0.8296943231
Female,Nebraska,31,"Cuming County",31039,243,29,272,0.8933823529
Female,Nebraska,31,"Custer County",31041,344,70,414,0.8309178744
Female,Nebraska,31,"Dakota County",31043,285,52,337,0.8456973294
Female,Nebraska,31,"Dawes County",31045,155,20,175,0.8857142857
Female,Nebraska,31,"Dawson County",31047,460,82,542,0.8487084871
Female,Nebraska,31,"Deuel County",31049,.,.,.,0.8870967742
Female,Nebraska,31,"Dixon County",31051,125,14,139,0.8992805755
Female,Nebraska,31,"Dodge County",31053,860,172,1032,0.8333333333
Female,Nebraska,31,"Douglas County",31055,7265,1379,8644,0.8404673762
Female,Nebraska,31,"Dundy County",31057,61,11,72,0.8472222222
Female,Nebraska,31,"Fillmore County",31059,178,39,217,0.8202764977
Female,Nebraska,31,"Franklin County",31061,113,22,135,0.837037037
Female,Nebraska,31,"Frontier County",31063,.,.,.,0.9178082192
Female,Nebraska,31,"Furnas County",31065,176,29,205,0.8585365854
Female,Nebraska,31,"Gage County",31067,642,114,756,0.8492063492
Female,Nebraska,31,"Garden County",31069,58,18,76,0.7631578947
Female,Nebraska,31,"Garfield County",31071,.,.,.,0.8611111111
Female,Nebraska,31,"Gosper County",31073,55,12,67,0.8208955224
Female,Nebraska,31,"Grant County",31075,.,.,.,0.8235294118
Female,Nebraska,31,"Greeley County",31077,78,14,92,0.847826087
Female,Nebraska,31,"Hall County",31079,1157,228,1385,0.8353790614
Female,Nebraska,31,"Hamilton County",31081,274,49,323,0.8482972136
Female,Nebraska,31,"Harlan County",31083,99,19,118,0.8389830508
Female,Nebraska,31,"Hayes County",31085,.,.,.,0.8214285714
Female,Nebraska,31,"Hitchcock County",31087,83,20,103,0.8058252427
Female,Nebraska,31,"Holt County",31089,375,73,448,0.8370535714
Female,Nebraska,31,"Hooker County",31091,.,.,.,0.75
Female,Nebraska,31,"Howard County",31093,162,24,186,0.8709677419
Female,Nebraska,31,"Jefferson County",31095,225,47,272,0.8272058824
Female,Nebraska,31,"Johnson County",31097,121,14,135,0.8962962963
Female,Nebraska,31,"Kearney County",31099,164,23,187,0.8770053476
Female,Nebraska,31,"Keith County",31101,238,34,272,0.875
Female,Nebraska,31,"Keya Paha County",31103,.,.,.,0.7714285714
Female,Nebraska,31,"Kimball County",31105,102,22,124,0.8225806452
Female,Nebraska,31,"Knox County",31107,282,36,318,0.8867924528
Female,Nebraska,31,"Lancaster County",31109,5230,937,6167,0.8480622669
Female,Nebraska,31,"Lincoln County",31111,820,247,1067,0.7685098407
Female,Nebraska,31,"Logan County",31113,.,.,.,0.619047619
Female,Nebraska,31,"Loup County",31115,.,.,.,0.8421052632
Female,Nebraska,31,"McPherson County",31117,.,0,.,1
Female,Nebraska,31,"Madison County",31119,803,134,937,0.8569903949
Female,Nebraska,31,"Merrick County",31121,210,37,247,0.8502024291
Female,Nebraska,31,"Morrill County",31123,67,17,84,0.7976190476
Female,Nebraska,31,"Nance County",31125,112,19,131,0.8549618321
Female,Nebraska,31,"Nemaha County",31127,199,25,224,0.8883928571
Female,Nebraska,31,"Nuckolls County",31129,157,23,180,0.8722222222
Female,Nebraska,31,"Otoe County",31131,382,64,446,0.8565022422
Female,Nebraska,31,"Pawnee County",31133,81,21,102,0.7941176471
Female,Nebraska,31,"Perkins County",31135,92,12,104,0.8846153846
Female,Nebraska,31,"Phelps County",31137,298,53,351,0.849002849
Female,Nebraska,31,"Pierce County",31139,203,38,241,0.8423236515
Female,Nebraska,31,"Platte County",31141,986,132,1118,0.8819320215
Female,Nebraska,31,"Polk County",31143,179,27,206,0.8689320388
Female,Nebraska,31,"Red Willow County",31145,315,43,358,0.8798882682
Female,Nebraska,31,"Richardson County",31147,311,66,377,0.824933687
Female,Nebraska,31,"Rock County",31149,.,.,.,0.8870967742
Female,Nebraska,31,"Saline County",31151,285,58,343,0.8309037901
Female,Nebraska,31,"Sarpy County",31153,1984,354,2338,0.8485885372
Female,Nebraska,31,"Saunders County",31155,433,79,512,0.845703125
Female,Nebraska,31,"Scotts Bluff County",31157,777,188,965,0.8051813472
Female,Nebraska,31,"Seward County",31159,402,62,464,0.8663793103
Female,Nebraska,31,"Sheridan County",31161,141,28,169,0.8343195266
Female,Nebraska,31,"Sherman County",31163,89,21,110,0.8090909091
Female,Nebraska,31,"Sioux County",31165,.,.,.,0.8421052632
Female,Nebraska,31,"Stanton County",31167,119,21,140,0.85
Female,Nebraska,31,"Thayer County",31169,188,32,220,0.8545454545
Female,Nebraska,31,"Thomas County",31171,.,.,.,0.7
Female,Nebraska,31,"Thurston County",31173,77,28,105,0.7333333333
Female,Nebraska,31,"Valley County",31175,124,24,148,0.8378378378
Female,Nebraska,31,"Washington County",31177,425,66,491,0.8655804481
Female,Nebraska,31,"Wayne County",31179,169,22,191,0.8848167539
Female,Nebraska,31,"Webster County",31181,130,33,163,0.7975460123
Female,Nebraska,31,"Wheeler County",31183,.,.,.,0.7352941176
Female,Nebraska,31,"York County",31185,410,64,474,0.864978903
Female,Nebraska,31,,31999,.,.,.,0.75
Female,Nevada,32,"Churchill County",32001,352,102,454,0.7753303965
Female,Nevada,32,"Clark County",32003,16106,5015,21121,0.762558591
Female,Nevada,32,"Douglas County",32005,882,213,1095,0.8054794521
Female,Nevada,32,"Elko County",32007,279,115,394,0.7081218274
Female,Nevada,32,"Esmeralda County",32009,.,.,.,0.6923076923
Female,Nevada,32,"Eureka County",32011,.,.,.,0.7857142857
Female,Nevada,32,"Humboldt County",32013,181,43,224,0.8080357143
Female,Nevada,32,"Lander County",32015,43,15,58,0.7413793103
Female,Nevada,32,"Lincoln County",32017,82,12,94,0.8723404255
Female,Nevada,32,"Lyon County",32019,767,196,963,0.7964693666
Female,Nevada,32,"Mineral County",32021,82,27,109,0.752293578
Female,Nevada,32,"Nye County",32023,547,157,704,0.7769886364
Female,Nevada,32,"Pershing County",32027,63,19,82,0.7682926829
Female,Nevada,32,"Storey County",32029,51,12,63,0.8095238095
Female,Nevada,32,"Washoe County",32031,3841,1021,4862,0.7900041135
Female,Nevada,32,"White Pine County",32033,113,33,146,0.7739726027
Female,Nevada,32,"Carson City",32510,876,224,1100,0.7963636364
Female,Nevada,32,,32999,.,.,.,0.7894736842
Female,"New Hampshire",33,"Belknap County",33001,1428,286,1714,0.8331388565
Female,"New Hampshire",33,"Carroll County",33003,1231,204,1435,0.8578397213
Female,"New Hampshire",33,"Cheshire County",33005,1451,217,1668,0.8699040767
Female,"New Hampshire",33,"Coos County",33007,888,169,1057,0.8401135289
Female,"New Hampshire",33,"Grafton County",33009,1637,294,1931,0.8477472812
Female,"New Hampshire",33,"Hillsborough County",33011,6527,1155,7682,0.849648529
Female,"New Hampshire",33,"Merrimack County",33013,3009,511,3520,0.8548295455
Female,"New Hampshire",33,"Rockingham County",33015,5388,927,6315,0.8532066508
Female,"New Hampshire",33,"Strafford County",33017,1875,404,2279,0.8227292672
Female,"New Hampshire",33,"Sullivan County",33019,1019,185,1204,0.846345515
Female,"New Hampshire",33,,33999,.,.,.,0.8461538462
Female,"New Jersey",34,"Atlantic County",34001,5797,1323,7120,0.8141853933
Female,"New Jersey",34,"Bergen County",34003,14660,3119,17779,0.8245683109
Female,"New Jersey",34,"Burlington County",34005,7686,1583,9269,0.8292156651
Female,"New Jersey",34,"Camden County",34007,8154,1829,9983,0.8167885405
Female,"New Jersey",34,"Cape May County",34009,2906,564,3470,0.8374639769
Female,"New Jersey",34,"Cumberland County",34011,2794,656,3450,0.8098550725
Female,"New Jersey",34,"Essex County",34013,8775,2731,11506,0.7626455762
Female,"New Jersey",34,"Gloucester County",34015,5136,982,6118,0.8394900294
Female,"New Jersey",34,"Hudson County",34017,6490,1900,8390,0.7735399285
Female,"New Jersey",34,"Hunterdon County",34019,2208,394,2602,0.8485780169
Female,"New Jersey",34,"Mercer County",34021,6021,1378,7399,0.813758616
Female,"New Jersey",34,"Middlesex County",34023,12195,2745,14940,0.8162650602
Female,"New Jersey",34,"Monmouth County",34025,10978,2408,13386,0.8201105633
Female,"New Jersey",34,"Morris County",34027,8057,1587,9644,0.8354417254
Female,"New Jersey",34,"Ocean County",34029,15544,2980,18524,0.8391276182
Female,"New Jersey",34,"Passaic County",34031,7323,1852,9175,0.798147139
Female,"New Jersey",34,"Salem County",34033,1444,321,1765,0.8181303116
Female,"New Jersey",34,"Somerset County",34035,5223,1045,6268,0.8332801532
Female,"New Jersey",34,"Sussex County",34037,2688,526,3214,0.8363410081
Female,"New Jersey",34,"Union County",34039,7320,1866,9186,0.7968647943
Female,"New Jersey",34,"Warren County",34041,2419,473,2892,0.8364453665
Female,"New Jersey",34,,34999,63,22,85,0.7411764706
Female,"New Mexico",35,"Bernalillo County",35001,3908,1052,4960,0.7879032258
Female,"New Mexico",35,"Catron County",35003,60,18,78,0.7692307692
Female,"New Mexico",35,"Chaves County",35005,995,321,1316,0.7560790274
Female,"New Mexico",35,"Cibola County",35006,206,59,265,0.7773584906
Female,"New Mexico",35,"Colfax County",35007,155,52,207,0.7487922705
Female,"New Mexico",35,"Curry County",35009,662,171,833,0.7947178872
Female,"New Mexico",35,"DeBaca County",35011,.,.,.,0.8666666667
Female,"New Mexico",35,"Dona Ana County",35013,1909,543,2452,0.778548124
Female,"New Mexico",35,"Eddy County",35015,866,247,1113,0.7780772686
Female,"New Mexico",35,"Grant County",35017,382,105,487,0.7843942505
Female,"New Mexico",35,"Guadalupe County",35019,79,17,96,0.8229166667
Female,"New Mexico",35,"Harding County",35021,.,.,.,0.6875
Female,"New Mexico",35,"Hidalgo County",35023,66,15,81,0.8148148148
Female,"New Mexico",35,"Lea County",35025,863,296,1159,0.7446074202
Female,"New Mexico",35,"Lincoln County",35027,306,73,379,0.8073878628
Female,"New Mexico",35,"Los Alamos County",35028,58,17,75,0.7733333333
Female,"New Mexico",35,"Luna County",35029,371,110,481,0.7713097713
Female,"New Mexico",35,"McKinley County",35031,265,119,384,0.6901041667
Female,"New Mexico",35,"Mora County",35033,56,23,79,0.7088607595
Female,"New Mexico",35,"Otero County",35035,587,180,767,0.7653194263
Female,"New Mexico",35,"Quay County",35037,197,53,250,0.788
Female,"New Mexico",35,"Rio Arriba County",35039,282,81,363,0.7768595041
Female,"New Mexico",35,"Roosevelt County",35041,299,102,401,0.7456359102
Female,"New Mexico",35,"Sandoval County",35043,916,258,1174,0.7802385009
Female,"New Mexico",35,"San Juan County",35045,1210,419,1629,0.7427869859
Female,"New Mexico",35,"San Miguel County",35047,319,96,415,0.7686746988
Female,"New Mexico",35,"Santa Fe County",35049,1148,388,1536,0.7473958333
Female,"New Mexico",35,"Sierra County",35051,221,64,285,0.7754385965
Female,"New Mexico",35,"Socorro County",35053,149,61,210,0.7095238095
Female,"New Mexico",35,"Taos County",35055,314,112,426,0.7370892019
Female,"New Mexico",35,"Torrance County",35057,109,48,157,0.6942675159
Female,"New Mexico",35,"Union County",35059,79,28,107,0.738317757
Female,"New Mexico",35,"Valencia County",35061,452,143,595,0.7596638655
Female,"New Mexico",35,,35999,.,.,.,0.652173913
Female,"New York",36,"Albany County",36001,3617,682,4299,0.8413584555
Female,"New York",36,"Allegany County",36003,769,149,918,0.8376906318
Female,"New York",36,"Bronx County",36005,10020,2931,12951,0.7736854297
Female,"New York",36,"Broome County",36007,3605,613,4218,0.8546704599
Female,"New York",36,"Cattaraugus County",36009,1120,218,1338,0.8370702541
Female,"New York",36,"Cayuga County",36011,1128,218,1346,0.838038633
Female,"New York",36,"Chautauqua County",36013,2221,421,2642,0.840651022
Female,"New York",36,"Chemung County",36015,1538,255,1793,0.8577802566
Female,"New York",36,"Chenango County",36017,847,163,1010,0.8386138614
Female,"New York",36,"Clinton County",36019,1465,328,1793,0.8170663692
Female,"New York",36,"Columbia County",36021,1080,194,1274,0.8477237049
Female,"New York",36,"Cortland County",36023,580,128,708,0.8192090395
Female,"New York",36,"Delaware County",36025,1050,188,1238,0.8481421648
Female,"New York",36,"Dutchess County",36027,5068,1053,6121,0.8279692861
Female,"New York",36,"Erie County",36029,8432,1861,10293,0.8191975129
Female,"New York",36,"Essex County",36031,680,136,816,0.8333333333
Female,"New York",36,"Franklin County",36033,986,164,1150,0.8573913043
Female,"New York",36,"Fulton County",36035,888,161,1049,0.8465204957
Female,"New York",36,"Genesee County",36037,706,125,831,0.8495788207
Female,"New York",36,"Greene County",36039,892,194,1086,0.8213627993
Female,"New York",36,"Hamilton County",36041,112,19,131,0.8549618321
Female,"New York",36,"Herkimer County",36043,998,168,1166,0.8559176672
Female,"New York",36,"Jefferson County",36045,1562,280,1842,0.8479913138
Female,"New York",36,"Kings County",36047,29361,8401,37762,0.7775276733
Female,"New York",36,"Lewis County",36049,478,70,548,0.8722627737
Female,"New York",36,"Livingston County",36051,628,122,750,0.8373333333
Female,"New York",36,"Madison County",36053,881,146,1027,0.8578383642
Female,"New York",36,"Monroe County",36055,5749,1430,7179,0.800807912
Female,"New York",36,"Montgomery County",36057,864,168,1032,0.8372093023
Female,"New York",36,"Nassau County",36059,22490,4906,27396,0.8209227624
Female,"New York",36,"New York County",36061,15387,4313,19700,0.7810659898
Female,"New York",36,"Niagara County",36063,2517,493,3010,0.8362126246
Female,"New York",36,"Oneida County",36065,3425,670,4095,0.8363858364
Female,"New York",36,"Onondaga County",36067,6278,1251,7529,0.8338424758
Female,"New York",36,"Ontario County",36069,1105,200,1305,0.846743295
Female,"New York",36,"Orange County",36071,5827,1424,7251,0.8036132947
Female,"New York",36,"Orleans County",36073,570,130,700,0.8142857143
Female,"New York",36,"Oswego County",36075,1719,314,2033,0.8455484506
Female,"New York",36,"Otsego County",36077,1167,211,1378,0.8468795356
Female,"New York",36,"Putnam County",36079,1599,315,1914,0.8354231975
Female,"New York",36,"Queens County",36081,22687,6082,28769,0.7885918871
Female,"New York",36,"Rensselaer County",36083,1878,360,2238,0.8391420912
Female,"New York",36,"Richmond County",36085,5707,1258,6965,0.8193826274
Female,"New York",36,"Rockland County",36087,4900,1031,5931,0.826167594
Female,"New York",36,"St. Lawrence County",36089,2041,366,2407,0.8479434981
Female,"New York",36,"Saratoga County",36091,2879,457,3336,0.8630095923
Female,"New York",36,"Schenectady County",36093,1817,401,2218,0.8192064923
Female,"New York",36,"Schoharie County",36095,577,92,669,0.8624813154
Female,"New York",36,"Schuyler County",36097,380,58,438,0.8675799087
Female,"New York",36,"Seneca County",36099,521,86,607,0.8583196046
Female,"New York",36,"Steuben County",36101,1843,352,2195,0.8396355353
Female,"New York",36,"Suffolk County",36103,29079,6254,35333,0.8229983302
Female,"New York",36,"Sullivan County",36105,1473,361,1834,0.8031624864
Female,"New York",36,"Tioga County",36107,892,166,1058,0.843100189
Female,"New York",36,"Tompkins County",36109,992,214,1206,0.8225538972
Female,"New York",36,"Ulster County",36111,3159,714,3873,0.8156467854
Female,"New York",36,"Warren County",36113,971,205,1176,0.8256802721
Female,"New York",36,"Washington County",36115,851,157,1008,0.8442460317
Female,"New York",36,"Wayne County",36117,913,216,1129,0.808680248
Female,"New York",36,"Westchester County",36119,14244,3178,17422,0.817586959
Female,"New York",36,"Wyoming County",36121,449,97,546,0.8223443223
Female,"New York",36,"Yates County",36123,285,51,336,0.8482142857
Female,"New York",36,,36999,97,24,121,0.8016528926
Female,"North Carolina",37,"Alamance County",37001,2132,475,2607,0.8177982355
Female,"North Carolina",37,"Alexander County",37003,697,197,894,0.7796420582
Female,"North Carolina",37,"Alleghany County",37005,255,58,313,0.8146964856
Female,"North Carolina",37,"Anson County",37007,570,159,729,0.7818930041
Female,"North Carolina",37,"Ashe County",37009,726,187,913,0.7951807229
Female,"North Carolina",37,"Avery County",37011,368,77,445,0.8269662921
Female,"North Carolina",37,"Beaufort County",37013,1271,309,1580,0.8044303797
Female,"North Carolina",37,"Bertie County",37015,625,193,818,0.7640586797
Female,"North Carolina",37,"Bladen County",37017,780,237,1017,0.7669616519
Female,"North Carolina",37,"Brunswick County",37019,3618,733,4351,0.8315329809
Female,"North Carolina",37,"Buncombe County",37021,4090,939,5029,0.8132829588
Female,"North Carolina",37,"Burke County",37023,1611,371,1982,0.812815338
Female,"North Carolina",37,"Cabarrus County",37025,2479,603,3082,0.8043478261
Female,"North Carolina",37,"Caldwell County",37027,1499,369,1868,0.8024625268
Female,"North Carolina",37,"Camden County",37029,120,36,156,0.7692307692
Female,"North Carolina",37,"Carteret County",37031,1361,289,1650,0.8248484848
Female,"North Carolina",37,"Caswell County",37033,422,94,516,0.8178294574
Female,"North Carolina",37,"Catawba County",37035,2551,564,3115,0.81894061
Female,"North Carolina",37,"Chatham County",37037,1318,267,1585,0.8315457413
Female,"North Carolina",37,"Cherokee County",37039,762,222,984,0.7743902439
Female,"North Carolina",37,"Chowan County",37041,362,97,459,0.788671024
Female,"North Carolina",37,"Clay County",37043,278,68,346,0.8034682081
Female,"North Carolina",37,"Cleveland County",37045,2280,541,2821,0.808224034
Female,"North Carolina",37,"Columbus County",37047,1362,477,1839,0.7406199021
Female,"North Carolina",37,"Craven County",37049,1821,488,2309,0.7886530966
Female,"North Carolina",37,"Cumberland County",37051,3253,1093,4346,0.7485043718
Female,"North Carolina",37,"Currituck County",37053,352,81,433,0.8129330254
Female,"North Carolina",37,"Dare County",37055,687,135,822,0.8357664234
Female,"North Carolina",37,"Davidson County",37057,2289,595,2884,0.7936893204
Female,"North Carolina",37,"Davie County",37059,608,146,754,0.8063660477
Female,"North Carolina",37,"Duplin County",37061,1188,305,1493,0.7957133289
Female,"North Carolina",37,"Durham County",37063,3354,885,4239,0.7912243454
Female,"North Carolina",37,"Edgecombe County",37065,1339,412,1751,0.7647058824
Female,"North Carolina",37,"Forsyth County",37067,3998,983,4981,0.8026500703
Female,"North Carolina",37,"Franklin County",37069,1020,304,1324,0.7703927492
Female,"North Carolina",37,"Gaston County",37071,3458,858,4316,0.8012048193
Female,"North Carolina",37,"Gates County",37073,203,52,255,0.7960784314
Female,"North Carolina",37,"Graham County",37075,207,60,267,0.7752808989
Female,"North Carolina",37,"Granville County",37077,1115,252,1367,0.8156547184
Female,"North Carolina",37,"Greene County",37079,369,116,485,0.7608247423
Female,"North Carolina",37,"Guilford County",37081,5728,1410,7138,0.8024656767
Female,"North Carolina",37,"Halifax County",37083,1445,429,1874,0.7710779082
Female,"North Carolina",37,"Harnett County",37085,1849,573,2422,0.7634186623
Female,"North Carolina",37,"Haywood County",37087,1417,330,1747,0.811104751
Female,"North Carolina",37,"Henderson County",37089,2334,527,2861,0.8157986718
Female,"North Carolina",37,"Hertford County",37091,533,170,703,0.7581792319
Female,"North Carolina",37,"Hoke County",37093,470,179,649,0.7241910632
Female,"North Carolina",37,"Hyde County",37095,104,29,133,0.7819548872
Female,"North Carolina",37,"Iredell County",37097,2572,671,3243,0.7930928153
Female,"North Carolina",37,"Jackson County",37099,631,178,809,0.7799752781
Female,"North Carolina",37,"Johnston County",37101,3228,934,4162,0.7755886593
Female,"North Carolina",37,"Jones County",37103,252,66,318,0.7924528302
Female,"North Carolina",37,"Lee County",37105,1171,284,1455,0.8048109966
Female,"North Carolina",37,"Lenoir County",37107,1470,512,1982,0.7416750757
Female,"North Carolina",37,"Lincoln County",37109,1582,365,1947,0.8125321007
Female,"North Carolina",37,"McDowell County",37111,989,260,1249,0.7918334668
Female,"North Carolina",37,"Macon County",37113,1014,237,1251,0.8105515588
Female,"North Carolina",37,"Madison County",37115,447,98,545,0.8201834862
Female,"North Carolina",37,"Martin County",37117,694,218,912,0.7609649123
Female,"North Carolina",37,"Mecklenburg County",37119,9507,2448,11955,0.7952321205
Female,"North Carolina",37,"Mitchell County",37121,357,78,435,0.8206896552
Female,"North Carolina",37,"Montgomery County",37123,577,119,696,0.8290229885
Female,"North Carolina",37,"Moore County",37125,1899,477,2376,0.7992424242
Female,"North Carolina",37,"Nash County",37127,2166,585,2751,0.7873500545
Female,"North Carolina",37,"New Hanover County",37129,3670,886,4556,0.8055311677
Female,"North Carolina",37,"Northampton County",37131,571,164,735,0.7768707483
Female,"North Carolina",37,"Onslow County",37133,1745,447,2192,0.7960766423
Female,"North Carolina",37,"Orange County",37135,1364,301,1665,0.8192192192
Female,"North Carolina",37,"Pamlico County",37137,347,78,425,0.8164705882
Female,"North Carolina",37,"Pasquotank County",37139,754,223,977,0.7717502559
Female,"North Carolina",37,"Pender County",37141,1064,289,1353,0.7864005913
Female,"North Carolina",37,"Perquimans County",37143,312,95,407,0.7665847666
Female,"North Carolina",37,"Person County",37145,815,216,1031,0.7904946654
Female,"North Carolina",37,"Pitt County",37147,2662,812,3474,0.766263673
Female,"North Carolina",37,"Polk County",37149,462,112,574,0.8048780488
Female,"North Carolina",37,"Randolph County",37151,2013,474,2487,0.8094089264
Female,"North Carolina",37,"Richmond County",37153,999,289,1288,0.775621118
Female,"North Carolina",37,"Robeson County",37155,2542,857,3399,0.7478670197
Female,"North Carolina",37,"Rockingham County",37157,1506,377,1883,0.799787573
Female,"North Carolina",37,"Rowan County",37159,2090,552,2642,0.7910673732
Female,"North Carolina",37,"Rutherford County",37161,1559,391,1950,0.7994871795
Female,"North Carolina",37,"Sampson County",37163,1364,363,1727,0.7898089172
Female,"North Carolina",37,"Scotland County",37165,906,251,1157,0.783059637
Female,"North Carolina",37,"Stanly County",37167,1327,306,1633,0.8126148194
Female,"North Carolina",37,"Stokes County",37169,666,124,790,0.8430379747
Female,"North Carolina",37,"Surry County",37171,1361,288,1649,0.8253486962
Female,"North Carolina",37,"Swain County",37173,289,106,395,0.7316455696
Female,"North Carolina",37,"Transylvania County",37175,761,146,907,0.8390297685
Female,"North Carolina",37,"Tyrrell County",37177,96,14,110,0.8727272727
Female,"North Carolina",37,"Union County",37179,2672,637,3309,0.8074947114
Female,"North Carolina",37,"Vance County",37181,881,263,1144,0.7701048951
Female,"North Carolina",37,"Wake County",37183,10421,2565,12986,0.8024795934
Female,"North Carolina",37,"Warren County",37185,418,132,550,0.76
Female,"North Carolina",37,"Washington County",37187,351,96,447,0.7852348993
Female,"North Carolina",37,"Watauga County",37189,687,156,843,0.8149466192
Female,"North Carolina",37,"Wayne County",37191,2076,686,2762,0.7516292542
Female,"North Carolina",37,"Wilkes County",37193,1514,354,1868,0.8104925054
Female,"North Carolina",37,"Wilson County",37195,1704,515,2219,0.7679134745
Female,"North Carolina",37,"Yadkin County",37197,579,118,697,0.8307030129
Female,"North Carolina",37,"Yancey County",37199,392,92,484,0.8099173554
Female,"North Carolina",37,,37999,115,23,138,0.8333333333
Female,"North Dakota",38,"Adams County",38001,.,.,.,0.880952381
Female,"North Dakota",38,"Barnes County",38003,286,31,317,0.9022082019
Female,"North Dakota",38,"Benson County",38005,95,31,126,0.753968254
Female,"North Dakota",38,"Billings County",38007,.,.,.,0.9523809524
Female,"North Dakota",38,"Bottineau County",38009,161,25,186,0.8655913978
Female,"North Dakota",38,"Bowman County",38011,80,14,94,0.8510638298
Female,"North Dakota",38,"Burke County",38013,45,11,56,0.8035714286
Female,"North Dakota",38,"Burleigh County",38015,1748,233,1981,0.882382635
Female,"North Dakota",38,"Cass County",38017,2138,286,2424,0.8820132013
Female,"North Dakota",38,"Cavalier County",38019,140,15,155,0.9032258065
Female,"North Dakota",38,"Dickey County",38021,136,13,149,0.9127516779
Female,"North Dakota",38,"Divide County",38023,.,.,.,0.9122807018
Female,"North Dakota",38,"Dunn County",38025,82,11,93,0.8817204301
Female,"North Dakota",38,"Eddy County",38027,73,17,90,0.8111111111
Female,"North Dakota",38,"Emmons County",38029,100,16,116,0.8620689655
Female,"North Dakota",38,"Foster County",38031,105,15,120,0.875
Female,"North Dakota",38,"Golden Valley County",38033,.,.,.,0.9
Female,"North Dakota",38,"Grand Forks County",38035,1050,143,1193,0.8801341157
Female,"North Dakota",38,"Grant County",38037,.,.,.,0.8850574713
Female,"North Dakota",38,"Griggs County",38039,85,14,99,0.8585858586
Female,"North Dakota",38,"Hettinger County",38041,.,.,.,0.8684210526
Female,"North Dakota",38,"Kidder County",38043,72,11,83,0.8674698795
Female,"North Dakota",38,"LaMoure County",38045,118,13,131,0.9007633588
Female,"North Dakota",38,"Logan County",38047,.,.,.,0.8793103448
Female,"North Dakota",38,"McHenry County",38049,130,24,154,0.8441558442
Female,"North Dakota",38,"McIntosh County",38051,143,18,161,0.8881987578
Female,"North Dakota",38,"McKenzie County",38053,122,16,138,0.884057971
Female,"North Dakota",38,"McLean County",38055,243,53,296,0.8209459459
Female,"North Dakota",38,"Mercer County",38057,176,34,210,0.8380952381
Female,"North Dakota",38,"Morton County",38059,663,89,752,0.8816489362
Female,"North Dakota",38,"Mountrail County",38061,127,32,159,0.7987421384
Female,"North Dakota",38,"Nelson County",38063,102,19,121,0.8429752066
Female,"North Dakota",38,"Oliver County",38065,.,.,.,0.880952381
Female,"North Dakota",38,"Pembina County",38067,233,25,258,0.9031007752
Female,"North Dakota",38,"Pierce County",38069,152,17,169,0.899408284
Female,"North Dakota",38,"Ramsey County",38071,344,34,378,0.9100529101
Female,"North Dakota",38,"Ransom County",38073,148,21,169,0.875739645
Female,"North Dakota",38,"Renville County",38075,.,.,.,0.875
Female,"North Dakota",38,"Richland County",38077,318,38,356,0.893258427
Female,"North Dakota",38,"Rolette County",38079,151,32,183,0.825136612
Female,"North Dakota",38,"Sargent County",38081,104,16,120,0.8666666667
Female,"North Dakota",38,"Sheridan County",38083,.,.,.,0.8979591837
Female,"North Dakota",38,"Sioux County",38085,.,.,.,0.7272727273
Female,"North Dakota",38,"Slope County",38087,.,.,.,0.8421052632
Female,"North Dakota",38,"Stark County",38089,628,85,713,0.8807854137
Female,"North Dakota",38,"Steele County",38091,.,.,.,0.9423076923
Female,"North Dakota",38,"Stutsman County",38093,457,66,523,0.8738049713
Female,"North Dakota",38,"Towner County",38095,.,.,.,0.8795180723
Female,"North Dakota",38,"Traill County",38097,201,21,222,0.9054054054
Female,"North Dakota",38,"Walsh County",38099,310,43,353,0.8781869688
Female,"North Dakota",38,"Ward County",38101,1063,188,1251,0.8497202238
Female,"North Dakota",38,"Wells County",38103,156,27,183,0.8524590164
Female,"North Dakota",38,"Williams County",38105,364,78,442,0.8235294118
Female,"North Dakota",38,,38999,.,.,.,0.6
Female,Ohio,39,"Adams County",39001,503,182,685,0.7343065693
Female,Ohio,39,"Allen County",39003,2483,511,2994,0.8293253173
Female,Ohio,39,"Ashland County",39005,944,170,1114,0.8473967684
Female,Ohio,39,"Ashtabula County",39007,2173,442,2615,0.8309751434
Female,Ohio,39,"Athens County",39009,867,204,1071,0.8095238095
Female,Ohio,39,"Auglaize County",39011,1190,204,1394,0.8536585366
Female,Ohio,39,"Belmont County",39013,1109,227,1336,0.8300898204
Female,Ohio,39,"Brown County",39015,658,183,841,0.7824019025
Female,Ohio,39,"Butler County",39017,4602,1159,5761,0.7988196494
Female,Ohio,39,"Carroll County",39019,432,86,518,0.833976834
Female,Ohio,39,"Champaign County",39021,636,125,761,0.8357424442
Female,Ohio,39,"Clark County",39023,1908,500,2408,0.792358804
Female,Ohio,39,"Clermont County",39025,2447,549,2996,0.8167556742
Female,Ohio,39,"Clinton County",39027,633,158,791,0.8002528445
Female,Ohio,39,"Columbiana County",39029,1850,415,2265,0.8167770419
Female,Ohio,39,"Coshocton County",39031,928,155,1083,0.8568790397
Female,Ohio,39,"Crawford County",39033,1152,240,1392,0.8275862069
Female,Ohio,39,"Cuyahoga County",39035,19260,4366,23626,0.8152035893
Female,Ohio,39,"Darke County",39037,1027,200,1227,0.837000815
Female,Ohio,39,"Defiance County",39039,975,191,1166,0.8361921098
Female,Ohio,39,"Delaware County",39041,2145,387,2532,0.8471563981
Female,Ohio,39,"Erie County",39043,1718,389,2107,0.8153773137
Female,Ohio,39,"Fairfield County",39045,1923,445,2368,0.8120777027
Female,Ohio,39,"Fayette County",39047,473,119,592,0.7989864865
Female,Ohio,39,"Franklin County",39049,11747,2976,14723,0.7978672825
Female,Ohio,39,"Fulton County",39051,921,178,1099,0.8380345769
Female,Ohio,39,"Gallia County",39053,709,199,908,0.7808370044
Female,Ohio,39,"Geauga County",39055,1499,252,1751,0.8560822387
Female,Ohio,39,"Greene County",39057,1779,416,2195,0.8104783599
Female,Ohio,39,"Guernsey County",39059,925,200,1125,0.8222222222
Female,Ohio,39,"Hamilton County",39061,9037,2342,11379,0.7941822656
Female,Ohio,39,"Hancock County",39063,1326,291,1617,0.8200371058
Female,Ohio,39,"Hardin County",39065,681,156,837,0.8136200717
Female,Ohio,39,"Harrison County",39067,307,89,396,0.7752525253
Female,Ohio,39,"Henry County",39069,701,140,841,0.8335315101
Female,Ohio,39,"Highland County",39071,812,197,1009,0.8047571853
Female,Ohio,39,"Hocking County",39073,601,114,715,0.8405594406
Female,Ohio,39,"Holmes County",39075,341,59,400,0.8525
Female,Ohio,39,"Huron County",39077,1306,268,1574,0.8297331639
Female,Ohio,39,"Jackson County",39079,727,188,915,0.7945355191
Female,Ohio,39,"Jefferson County",39081,1535,392,1927,0.796574987
Female,Ohio,39,"Knox County",39083,1059,234,1293,0.819025522
Female,Ohio,39,"Lake County",39085,4246,822,5068,0.8378058406
Female,Ohio,39,"Lawrence County",39087,1471,416,1887,0.7795442501
Female,Ohio,39,"Licking County",39089,2483,458,2941,0.8442706562
Female,Ohio,39,"Logan County",39091,1012,189,1201,0.8426311407
Female,Ohio,39,"Lorain County",39093,6026,1287,7313,0.8240120334
Female,Ohio,39,"Lucas County",39095,7088,1863,8951,0.7918668305
Female,Ohio,39,"Madison County",39097,564,152,716,0.7877094972
Female,Ohio,39,"Mahoning County",39099,3984,845,4829,0.8250155312
Female,Ohio,39,"Marion County",39101,1275,306,1581,0.8064516129
Female,Ohio,39,"Medina County",39103,2767,464,3231,0.8563912102
Female,Ohio,39,"Meigs County",39105,540,127,667,0.8095952024
Female,Ohio,39,"Mercer County",39107,991,171,1162,0.8528399312
Female,Ohio,39,"Miami County",39109,1713,357,2070,0.8275362319
Female,Ohio,39,"Monroe County",39111,297,58,355,0.8366197183
Female,Ohio,39,"Montgomery County",39113,6589,1796,8385,0.7858079905
Female,Ohio,39,"Morgan County",39115,292,69,361,0.8088642659
Female,Ohio,39,"Morrow County",39117,624,119,743,0.8398384926
Female,Ohio,39,"Muskingum County",39119,2125,461,2586,0.8217324053
Female,Ohio,39,"Noble County",39121,288,46,334,0.8622754491
Female,Ohio,39,"Ottawa County",39123,1010,207,1217,0.8299096138
Female,Ohio,39,"Paulding County",39125,466,78,544,0.8566176471
Female,Ohio,39,"Perry County",39127,695,149,844,0.8234597156
Female,Ohio,39,"Pickaway County",39129,788,180,968,0.8140495868
Female,Ohio,39,"Pike County",39131,573,152,725,0.7903448276
Female,Ohio,39,"Portage County",39133,2086,407,2493,0.8367428801
Female,Ohio,39,"Preble County",39135,755,145,900,0.8388888889
Female,Ohio,39,"Putnam County",39137,866,158,1024,0.845703125
Female,Ohio,39,"Richland County",39139,2891,606,3497,0.8267086074
Female,Ohio,39,"Ross County",39141,1324,330,1654,0.8004836759
Female,Ohio,39,"Sandusky County",39143,1392,262,1654,0.8415961306
Female,Ohio,39,"Scioto County",39145,1951,613,2564,0.7609204368
Female,Ohio,39,"Seneca County",39147,1314,265,1579,0.8321722609
Female,Ohio,39,"Shelby County",39149,923,196,1119,0.8248436104
Female,Ohio,39,"Stark County",39151,5338,1117,6455,0.8269558482
Female,Ohio,39,"Summit County",39153,7131,1417,8548,0.8342302293
Female,Ohio,39,"Trumbull County",39155,3961,854,4815,0.8226375909
Female,Ohio,39,"Tuscarawas County",39157,1563,291,1854,0.8430420712
Female,Ohio,39,"Union County",39159,759,136,895,0.8480446927
Female,Ohio,39,"Van Wert County",39161,709,123,832,0.8521634615
Female,Ohio,39,"Vinton County",39163,256,64,320,0.8
Female,Ohio,39,"Warren County",39165,2475,615,3090,0.8009708738
Female,Ohio,39,"Washington County",39167,1540,304,1844,0.8351409978
Female,Ohio,39,"Wayne County",39169,1894,343,2237,0.8466696468
Female,Ohio,39,"Williams County",39171,858,167,1025,0.8370731707
Female,Ohio,39,"Wood County",39173,2029,419,2448,0.8288398693
Female,Ohio,39,"Wyandot County",39175,548,104,652,0.8404907975
Female,Ohio,39,,39999,114,29,143,0.7972027972
Female,Oklahoma,40,"Adair County",40001,275,85,360,0.7638888889
Female,Oklahoma,40,"Alfalfa County",40003,111,40,151,0.7350993377
Female,Oklahoma,40,"Atoka County",40005,276,96,372,0.7419354839
Female,Oklahoma,40,"Beaver County",40007,83,32,115,0.7217391304
Female,Oklahoma,40,"Beckham County",40009,376,86,462,0.8138528139
Female,Oklahoma,40,"Blaine County",40011,197,52,249,0.7911646586
Female,Oklahoma,40,"Bryan County",40013,848,298,1146,0.739965096
Female,Oklahoma,40,"Caddo County",40015,447,143,590,0.7576271186
Female,Oklahoma,40,"Canadian County",40017,1521,360,1881,0.8086124402
Female,Oklahoma,40,"Carter County",40019,1077,330,1407,0.7654584222
Female,Oklahoma,40,"Cherokee County",40021,676,239,915,0.7387978142
Female,Oklahoma,40,"Choctaw County",40023,334,156,490,0.6816326531
Female,Oklahoma,40,"Cimarron County",40025,53,12,65,0.8153846154
Female,Oklahoma,40,"Cleveland County",40027,3256,813,4069,0.8001966085
Female,Oklahoma,40,"Coal County",40029,102,35,137,0.7445255474
Female,Oklahoma,40,"Comanche County",40031,1148,371,1519,0.7557603687
Female,Oklahoma,40,"Cotton County",40033,100,35,135,0.7407407407
Female,Oklahoma,40,"Craig County",40035,265,90,355,0.7464788732
Female,Oklahoma,40,"Creek County",40037,1129,324,1453,0.7770130764
Female,Oklahoma,40,"Custer County",40039,414,113,527,0.7855787476
Female,Oklahoma,40,"Delaware County",40041,880,278,1158,0.7599309154
Female,Oklahoma,40,"Dewey County",40043,115,29,144,0.7986111111
Female,Oklahoma,40,"Ellis County",40045,93,26,119,0.781512605
Female,Oklahoma,40,"Garfield County",40047,1205,353,1558,0.7734274711
Female,Oklahoma,40,"Garvin County",40049,570,162,732,0.7786885246
Female,Oklahoma,40,"Grady County",40051,881,213,1094,0.8053016453
Female,Oklahoma,40,"Grant County",40053,110,33,143,0.7692307692
Female,Oklahoma,40,"Greer County",40055,111,30,141,0.7872340426
Female,Oklahoma,40,"Harmon County",40057,83,26,109,0.7614678899
Female,Oklahoma,40,"Harper County",40059,92,26,118,0.7796610169
Female,Oklahoma,40,"Haskell County",40061,273,73,346,0.789017341
Female,Oklahoma,40,"Hughes County",40063,222,82,304,0.7302631579
Female,Oklahoma,40,"Jackson County",40065,313,98,411,0.7615571776
Female,Oklahoma,40,"Jefferson County",40067,148,37,185,0.8
Female,Oklahoma,40,"Johnston County",40069,201,74,275,0.7309090909
Female,Oklahoma,40,"Kay County",40071,982,275,1257,0.7812251392
Female,Oklahoma,40,"Kingfisher County",40073,295,76,371,0.795148248
Female,Oklahoma,40,"Kiowa County",40075,196,75,271,0.7232472325
Female,Oklahoma,40,"Latimer County",40077,249,80,329,0.7568389058
Female,Oklahoma,40,"Le Flore County",40079,1065,323,1388,0.7672910663
Female,Oklahoma,40,"Lincoln County",40081,538,141,679,0.7923416789
Female,Oklahoma,40,"Logan County",40083,582,147,729,0.7983539095
Female,Oklahoma,40,"Love County",40085,218,67,285,0.7649122807
Female,Oklahoma,40,"McClain County",40087,602,200,802,0.7506234414
Female,Oklahoma,40,"McCurtain County",40089,710,306,1016,0.6988188976
Female,Oklahoma,40,"McIntosh County",40091,439,160,599,0.7328881469
Female,Oklahoma,40,"Major County",40093,176,54,230,0.7652173913
Female,Oklahoma,40,"Marshall County",40095,318,106,424,0.75
Female,Oklahoma,40,"Mayes County",40097,723,223,946,0.7642706131
Female,Oklahoma,40,"Murray County",40099,310,83,393,0.7888040712
Female,Oklahoma,40,"Muskogee County",40101,1296,432,1728,0.75
Female,Oklahoma,40,"Noble County",40103,268,68,336,0.7976190476
Female,Oklahoma,40,"Nowata County",40105,184,50,234,0.7863247863
Female,Oklahoma,40,"Okfuskee County",40107,234,66,300,0.78
Female,Oklahoma,40,"Oklahoma County",40109,8704,2593,11297,0.7704700363
Female,Oklahoma,40,"Okmulgee County",40111,741,255,996,0.7439759036
Female,Oklahoma,40,"Osage County",40113,792,224,1016,0.7795275591
Female,Oklahoma,40,"Ottawa County",40115,672,210,882,0.7619047619
Female,Oklahoma,40,"Pawnee County",40117,315,92,407,0.773955774
Female,Oklahoma,40,"Payne County",40119,1302,354,1656,0.7862318841
Female,Oklahoma,40,"Pittsburg County",40121,846,296,1142,0.7408056042
Female,Oklahoma,40,"Pontotoc County",40123,772,228,1000,0.772
Female,Oklahoma,40,"Pottawatomie County",40125,1096,313,1409,0.7778566359
Female,Oklahoma,40,"Pushmataha County",40127,247,110,357,0.6918767507
Female,Oklahoma,40,"Roger Mills County",40129,61,18,79,0.7721518987
Female,Oklahoma,40,"Rogers County",40131,1391,414,1805,0.7706371191
Female,Oklahoma,40,"Seminole County",40133,427,160,587,0.727427598
Female,Oklahoma,40,"Sequoyah County",40135,810,291,1101,0.7356948229
Female,Oklahoma,40,"Stephens County",40137,999,276,1275,0.7835294118
Female,Oklahoma,40,"Texas County",40139,248,73,321,0.7725856698
Female,Oklahoma,40,"Tillman County",40141,173,51,224,0.7723214286
Female,Oklahoma,40,"Tulsa County",40143,8093,2366,10459,0.7737833445
Female,Oklahoma,40,"Wagoner County",40145,1080,326,1406,0.7681365576
Female,Oklahoma,40,"Washington County",40147,1277,281,1558,0.8196405648
Female,Oklahoma,40,"Washita County",40149,199,61,260,0.7653846154
Female,Oklahoma,40,"Woods County",40151,198,47,245,0.8081632653
Female,Oklahoma,40,"Woodward County",40153,398,118,516,0.7713178295
Female,Oklahoma,40,,40999,44,15,59,0.7457627119
Female,Oregon,41,"Baker County",41001,294,64,358,0.8212290503
Female,Oregon,41,"Benton County",41003,710,144,854,0.831381733
Female,Oregon,41,"Clackamas County",41005,2591,523,3114,0.8320488118
Female,Oregon,41,"Clatsop County",41007,710,170,880,0.8068181818
Female,Oregon,41,"Columbia County",41009,534,106,640,0.834375
Female,Oregon,41,"Coos County",41011,1667,419,2086,0.7991371045
Female,Oregon,41,"Crook County",41013,387,89,476,0.8130252101
Female,Oregon,41,"Curry County",41015,594,154,748,0.7941176471
Female,Oregon,41,"Deschutes County",41017,2051,472,2523,0.8129211256
Female,Oregon,41,"Douglas County",41019,2061,546,2607,0.7905638665
Female,Oregon,41,"Gilliam County",41021,.,.,.,0.8260869565
Female,Oregon,41,"Grant County",41023,110,24,134,0.8208955224
Female,Oregon,41,"Harney County",41025,130,23,153,0.8496732026
Female,Oregon,41,"Hood River County",41027,223,29,252,0.8849206349
Female,Oregon,41,"Jackson County",41029,3215,745,3960,0.8118686869
Female,Oregon,41,"Jefferson County",41031,258,67,325,0.7938461538
Female,Oregon,41,"Josephine County",41033,1533,368,1901,0.8064176749
Female,Oregon,41,"Klamath County",41035,1045,235,1280,0.81640625
Female,Oregon,41,"Lake County",41037,153,47,200,0.765
Female,Oregon,41,"Lane County",41039,3942,993,4935,0.7987841945
Female,Oregon,41,"Lincoln County",41041,1197,260,1457,0.8215511325
Female,Oregon,41,"Linn County",41043,1413,321,1734,0.8148788927
Female,Oregon,41,"Malheur County",41045,510,125,635,0.8031496063
Female,Oregon,41,"Marion County",41047,2476,609,3085,0.8025931929
Female,Oregon,41,"Morrow County",41049,156,51,207,0.7536231884
Female,Oregon,41,"Multnomah County",41051,4018,1014,5032,0.7984896661
Female,Oregon,41,"Polk County",41053,655,135,790,0.8291139241
Female,Oregon,41,"Sherman County",41055,.,.,.,0.9142857143
Female,Oregon,41,"Tillamook County",41057,469,126,595,0.7882352941
Female,Oregon,41,"Umatilla County",41059,1211,287,1498,0.808411215
Female,Oregon,41,"Union County",41061,527,103,630,0.8365079365
Female,Oregon,41,"Wallowa County",41063,165,35,200,0.825
Female,Oregon,41,"Wasco County",41065,429,92,521,0.8234165067
Female,Oregon,41,"Washington County",41067,3134,674,3808,0.8230042017
Female,Oregon,41,"Wheeler County",41069,.,.,.,0.8888888889
Female,Oregon,41,"Yamhill County",41071,947,248,1195,0.7924686192
Female,Oregon,41,,41999,.,.,.,0.6538461538
Female,Pennsylvania,42,"Adams County",42001,1825,345,2170,0.8410138249
Female,Pennsylvania,42,"Allegheny County",42003,9622,2062,11684,0.8235193427
Female,Pennsylvania,42,"Armstrong County",42005,647,134,781,0.828425096
Female,Pennsylvania,42,"Beaver County",42007,1533,338,1871,0.8193479423
Female,Pennsylvania,42,"Bedford County",42009,756,138,894,0.8456375839
Female,Pennsylvania,42,"Berks County",42011,7269,1216,8485,0.8566882734
Female,Pennsylvania,42,"Blair County",42013,1864,382,2246,0.8299198575
Female,Pennsylvania,42,"Bradford County",42015,1300,260,1560,0.8333333333
Female,Pennsylvania,42,"Bucks County",42017,10048,1766,11814,0.8505163365
Female,Pennsylvania,42,"Butler County",42019,1864,347,2211,0.8430574401
Female,Pennsylvania,42,"Cambria County",42021,1519,291,1810,0.8392265193
Female,Pennsylvania,42,"Cameron County",42023,140,32,172,0.8139534884
Female,Pennsylvania,42,"Carbon County",42025,1449,282,1731,0.8370883882
Female,Pennsylvania,42,"Centre County",42027,1499,263,1762,0.850737798
Female,Pennsylvania,42,"Chester County",42029,7353,1429,8782,0.8372808016
Female,Pennsylvania,42,"Clarion County",42031,768,133,901,0.8523862375
Female,Pennsylvania,42,"Clearfield County",42033,1569,287,1856,0.8453663793
Female,Pennsylvania,42,"Clinton County",42035,766,108,874,0.8764302059
Female,Pennsylvania,42,"Columbia County",42037,1107,177,1284,0.8621495327
Female,Pennsylvania,42,"Crawford County",42039,1823,366,2189,0.8328003655
Female,Pennsylvania,42,"Cumberland County",42041,3265,547,3812,0.8565057712
Female,Pennsylvania,42,"Dauphin County",42043,2758,616,3374,0.8174273859
Female,Pennsylvania,42,"Delaware County",42045,7929,1658,9587,0.8270574737
Female,Pennsylvania,42,"Elk County",42047,885,137,1022,0.8659491194
Female,Pennsylvania,42,"Erie County",42049,3737,731,4468,0.8363921218
Female,Pennsylvania,42,"Fayette County",42051,1857,402,2259,0.8220451527
Female,Pennsylvania,42,"Forest County",42053,132,17,149,0.8859060403
Female,Pennsylvania,42,"Franklin County",42055,2957,492,3449,0.8573499565
Female,Pennsylvania,42,"Fulton County",42057,311,65,376,0.8271276596
Female,Pennsylvania,42,"Greene County",42059,483,78,561,0.8609625668
Female,Pennsylvania,42,"Huntingdon County",42061,897,167,1064,0.8430451128
Female,Pennsylvania,42,"Indiana County",42063,731,155,886,0.8250564334
Female,Pennsylvania,42,"Jefferson County",42065,877,141,1018,0.8614931238
Female,Pennsylvania,42,"Juniata County",42067,401,67,468,0.8568376068
Female,Pennsylvania,42,"Lackawanna County",42069,4332,803,5135,0.8436222006
Female,Pennsylvania,42,"Lancaster County",42071,8380,1422,9802,0.8549275658
Female,Pennsylvania,42,"Lawrence County",42073,1044,212,1256,0.8312101911
Female,Pennsylvania,42,"Lebanon County",42075,2315,438,2753,0.8409008355
Female,Pennsylvania,42,"Lehigh County",42077,6062,1052,7114,0.8521225752
Female,Pennsylvania,42,"Luzerne County",42079,7081,1419,8500,0.8330588235
Female,Pennsylvania,42,"Lycoming County",42081,2347,455,2802,0.8376159886
Female,Pennsylvania,42,"Mc Kean County",42083,1033,188,1221,0.846027846
Female,Pennsylvania,42,"Mercer County",42085,1923,360,2283,0.8423127464
Female,Pennsylvania,42,"Mifflin County",42087,1002,194,1196,0.8377926421
Female,Pennsylvania,42,"Monroe County",42089,2704,562,3266,0.8279240661
Female,Pennsylvania,42,"Montgomery County",42091,12271,2314,14585,0.8413438464
Female,Pennsylvania,42,"Montour County",42093,289,38,327,0.8837920489
Female,Pennsylvania,42,"Northampton County",42095,6286,1129,7415,0.8477410654
Female,Pennsylvania,42,"Northumberland County",42097,2095,357,2452,0.8544045677
Female,Pennsylvania,42,"Perry County",42099,591,125,716,0.8254189944
Female,Pennsylvania,42,"Philadelphia County",42101,16001,4423,20424,0.7834410497
Female,Pennsylvania,42,"Pike County",42103,1345,269,1614,0.8333333333
Female,Pennsylvania,42,"Potter County",42105,404,78,482,0.8381742739
Female,Pennsylvania,42,"Schuylkill County",42107,3325,646,3971,0.8373205742
Female,Pennsylvania,42,"Snyder County",42109,699,125,824,0.8483009709
Female,Pennsylvania,42,"Somerset County",42111,1000,209,1209,0.8271298594
Female,Pennsylvania,42,"Sullivan County",42113,139,35,174,0.7988505747
Female,Pennsylvania,42,"Susquehanna County",42115,993,175,1168,0.8501712329
Female,Pennsylvania,42,"Tioga County",42117,903,160,1063,0.8494825964
Female,Pennsylvania,42,"Union County",42119,729,134,863,0.8447276941
Female,Pennsylvania,42,"Venango County",42121,1027,205,1232,0.8336038961
Female,Pennsylvania,42,"Warren County",42123,988,186,1174,0.8415672913
Female,Pennsylvania,42,"Washington County",42125,1951,363,2314,0.8431287813
Female,Pennsylvania,42,"Wayne County",42127,1335,246,1581,0.844402277
Female,Pennsylvania,42,"Westmoreland County",42129,3617,695,4312,0.8388218924
Female,Pennsylvania,42,"Wyoming County",42131,525,99,624,0.8413461538
Female,Pennsylvania,42,"York County",42133,6915,1254,8169,0.8464928388
Female,Pennsylvania,42,,42999,82,17,99,0.8282828283
Female,"Rhode Island",44,"Bristol County",44001,633,98,731,0.8659370725
Female,"Rhode Island",44,"Kent County",44003,2454,458,2912,0.8427197802
Female,"Rhode Island",44,"Newport County",44005,1307,219,1526,0.8564875491
Female,"Rhode Island",44,"Providence County",44007,7845,1579,9424,0.8324490662
Female,"Rhode Island",44,"Washington County",44009,2054,358,2412,0.8515754561
Female,"Rhode Island",44,,44999,.,0,.,1
Female,"South Carolina",45,"Abbeville County",45001,513,128,641,0.8003120125
Female,"South Carolina",45,"Aiken County",45003,2932,789,3721,0.7879602257
Female,"South Carolina",45,"Allendale County",45005,168,72,240,0.7
Female,"South Carolina",45,"Anderson County",45007,3239,842,4081,0.7936780201
Female,"South Carolina",45,"Bamberg County",45009,311,87,398,0.7814070352
Female,"South Carolina",45,"Barnwell County",45011,409,124,533,0.7673545966
Female,"South Carolina",45,"Beaufort County",45013,3317,775,4092,0.8106060606
Female,"South Carolina",45,"Berkeley County",45015,2044,560,2604,0.7849462366
Female,"South Carolina",45,"Calhoun County",45017,245,90,335,0.7313432836
Female,"South Carolina",45,"Charleston County",45019,4199,1157,5356,0.7839805825
Female,"South Carolina",45,"Cherokee County",45021,1011,273,1284,0.7873831776
Female,"South Carolina",45,"Chester County",45023,643,201,844,0.7618483412
Female,"South Carolina",45,"Chesterfield County",45025,932,272,1204,0.7740863787
Female,"South Carolina",45,"Clarendon County",45027,723,216,939,0.7699680511
Female,"South Carolina",45,"Colleton County",45029,688,221,909,0.7568756876
Female,"South Carolina",45,"Darlington County",45031,1498,444,1942,0.7713697219
Female,"South Carolina",45,"Dillon County",45033,676,238,914,0.7396061269
Female,"South Carolina",45,"Dorchester County",45035,1711,542,2253,0.7594318686
Female,"South Carolina",45,"Edgefield County",45037,438,109,547,0.8007312614
Female,"South Carolina",45,"Fairfield County",45039,409,121,530,0.7716981132
Female,"South Carolina",45,"Florence County",45041,3081,1037,4118,0.7481787275
Female,"South Carolina",45,"Georgetown County",45043,1625,437,2062,0.7880698351
Female,"South Carolina",45,"Greenville County",45045,6978,1759,8737,0.7986723132
Female,"South Carolina",45,"Greenwood County",45047,1386,362,1748,0.7929061785
Female,"South Carolina",45,"Hampton County",45049,342,149,491,0.6965376782
Female,"South Carolina",45,"Horry County",45051,7726,1861,9587,0.8058829665
Female,"South Carolina",45,"Jasper County",45053,456,126,582,0.7835051546
Female,"South Carolina",45,"Kershaw County",45055,1218,346,1564,0.7787723785
Female,"South Carolina",45,"Lancaster County",45057,2005,530,2535,0.7909270217
Female,"South Carolina",45,"Laurens County",45059,1406,395,1801,0.7806774014
Female,"South Carolina",45,"Lee County",45061,439,139,578,0.7595155709
Female,"South Carolina",45,"Lexington County",45063,4312,1037,5349,0.8061319873
Female,"South Carolina",45,"McCormick County",45065,242,75,317,0.7634069401
Female,"South Carolina",45,"Marion County",45067,809,308,1117,0.7242614145
Female,"South Carolina",45,"Marlboro County",45069,638,225,863,0.7392815759
Female,"South Carolina",45,"Newberry County",45071,761,206,967,0.7869700103
Female,"South Carolina",45,"Oconee County",45073,1585,421,2006,0.7901296112
Female,"South Carolina",45,"Orangeburg County",45075,1554,451,2005,0.7750623441
Female,"South Carolina",45,"Pickens County",45077,1809,458,2267,0.7979708866
Female,"South Carolina",45,"Richland County",45079,4583,1361,5944,0.7710296097
Female,"South Carolina",45,"Saluda County",45081,423,107,530,0.7981132075
Female,"South Carolina",45,"Spartanburg County",45083,4862,1285,6147,0.7909549374
Female,"South Carolina",45,"Sumter County",45085,1727,617,2344,0.736774744
Female,"South Carolina",45,"Union County",45087,635,155,790,0.8037974684
Female,"South Carolina",45,"Williamsburg County",45089,768,251,1019,0.7536800785
Female,"South Carolina",45,"York County",45091,3707,897,4604,0.8051694179
Female,"South Carolina",45,,45999,.,.,.,0.8571428571
Female,"South Dakota",46,"Aurora County",46003,.,.,.,0.8846153846
Female,"South Dakota",46,"Beadle County",46005,442,85,527,0.8387096774
Female,"South Dakota",46,"Bennett County",46007,.,.,.,0.9024390244
Female,"South Dakota",46,"Bon Homme County",46009,160,21,181,0.8839779006
Female,"South Dakota",46,"Brookings County",46011,477,70,547,0.8720292505
Female,"South Dakota",46,"Brown County",46013,992,151,1143,0.8678915136
Female,"South Dakota",46,"Brule County",46015,91,12,103,0.8834951456
Female,"South Dakota",46,"Buffalo County",46017,.,.,.,0.25
Female,"South Dakota",46,"Butte County",46019,191,27,218,0.876146789
Female,"South Dakota",46,"Campbell County",46021,.,.,.,0.8833333333
Female,"South Dakota",46,"Charles Mix County",46023,192,39,231,0.8311688312
Female,"South Dakota",46,"Clark County",46025,.,.,.,0.8947368421
Female,"South Dakota",46,"Clay County",46027,231,27,258,0.8953488372
Female,"South Dakota",46,"Codington County",46029,537,80,617,0.8703403566
Female,"South Dakota",46,"Corson County",46031,37,18,55,0.6727272727
Female,"South Dakota",46,"Custer County",46033,168,34,202,0.8316831683
Female,"South Dakota",46,"Davison County",46035,548,78,626,0.875399361
Female,"South Dakota",46,"Day County",46037,166,30,196,0.8469387755
Female,"South Dakota",46,"Deuel County",46039,98,14,112,0.875
Female,"South Dakota",46,"Dewey County",46041,46,18,64,0.71875
Female,"South Dakota",46,"Douglas County",46043,96,16,112,0.8571428571
Female,"South Dakota",46,"Edmunds County",46045,128,20,148,0.8648648649
Female,"South Dakota",46,"Fall River County",46047,136,32,168,0.8095238095
Female,"South Dakota",46,"Faulk County",46049,87,12,99,0.8787878788
Female,"South Dakota",46,"Grant County",46051,199,23,222,0.8963963964
Female,"South Dakota",46,"Gregory County",46053,127,14,141,0.9007092199
Female,"South Dakota",46,"Haakon County",46055,71,13,84,0.8452380952
Female,"South Dakota",46,"Hamlin County",46057,.,.,.,0.9487179487
Female,"South Dakota",46,"Hand County",46059,118,16,134,0.8805970149
Female,"South Dakota",46,"Hanson County",46061,113,24,137,0.8248175182
Female,"South Dakota",46,"Harding County",46063,.,.,.,0.9090909091
Female,"South Dakota",46,"Hughes County",46065,316,56,372,0.8494623656
Female,"South Dakota",46,"Hutchinson County",46067,267,37,304,0.8782894737
Female,"South Dakota",46,"Hyde County",46069,.,.,.,0.8863636364
Female,"South Dakota",46,"Jackson County",46071,38,15,53,0.7169811321
Female,"South Dakota",46,"Jerauld County",46073,.,.,.,0.8783783784
Female,"South Dakota",46,"Jones County",46075,.,.,.,0.8571428571
Female,"South Dakota",46,"Kingsbury County",46077,152,25,177,0.8587570621
Female,"South Dakota",46,"Lake County",46079,209,38,247,0.8461538462
Female,"South Dakota",46,"Lawrence County",46081,467,83,550,0.8490909091
Female,"South Dakota",46,"Lincoln County",46083,835,93,928,0.8997844828
Female,"South Dakota",46,"Lyman County",46085,50,12,62,0.8064516129
Female,"South Dakota",46,"McCook County",46087,130,14,144,0.9027777778
Female,"South Dakota",46,"McPherson County",46089,129,15,144,0.8958333333
Female,"South Dakota",46,"Marshall County",46091,110,21,131,0.8396946565
Female,"South Dakota",46,"Meade County",46093,332,53,385,0.8623376623
Female,"South Dakota",46,"Mellette County",46095,.,.,.,0.7826086957
Female,"South Dakota",46,"Miner County",46097,57,14,71,0.8028169014
Female,"South Dakota",46,"Minnehaha County",46099,3091,502,3593,0.8602838853
Female,"South Dakota",46,"Moody County",46101,136,16,152,0.8947368421
Female,"South Dakota",46,,46102,23,54,77,0.2987012987
Female,"South Dakota",46,"Pennington County",46103,1698,373,2071,0.8198937711
Female,"South Dakota",46,"Perkins County",46105,79,21,100,0.79
Female,"South Dakota",46,"Potter County",46107,64,13,77,0.8311688312
Female,"South Dakota",46,"Roberts County",46109,209,31,240,0.8708333333
Female,"South Dakota",46,"Sanborn County",46111,.,.,.,0.8636363636
Female,"South Dakota",46,"Spink County",46115,236,29,265,0.8905660377
Female,"South Dakota",46,"Stanley County",46117,.,.,.,0.8666666667
Female,"South Dakota",46,"Sully County",46119,.,.,.,0.8888888889
Female,"South Dakota",46,"Todd County",46121,25,34,59,0.4237288136
Female,"South Dakota",46,"Tripp County",46123,172,28,200,0.86
Female,"South Dakota",46,"Turner County",46125,213,42,255,0.8352941176
Female,"South Dakota",46,"Union County",46127,363,41,404,0.8985148515
Female,"South Dakota",46,"Walworth County",46129,169,30,199,0.8492462312
Female,"South Dakota",46,"Yankton County",46135,498,68,566,0.8798586572
Female,"South Dakota",46,"Ziebach County",46137,.,.,.,0.625
Female,"South Dakota",46,,46999,.,.,.,0.7857142857
Female,Tennessee,47,"Anderson County",47001,1180,276,1456,0.8104395604
Female,Tennessee,47,"Bedford County",47003,700,172,872,0.8027522936
Female,Tennessee,47,"Benton County",47005,425,110,535,0.7943925234
Female,Tennessee,47,"Bledsoe County",47007,269,60,329,0.8176291793
Female,Tennessee,47,"Blount County",47009,1764,445,2209,0.7985513807
Female,Tennessee,47,"Bradley County",47011,1696,372,2068,0.8201160542
Female,Tennessee,47,"Campbell County",47013,644,206,850,0.7576470588
Female,Tennessee,47,"Cannon County",47015,214,78,292,0.7328767123
Female,Tennessee,47,"Carroll County",47017,795,206,1001,0.7942057942
Female,Tennessee,47,"Carter County",47019,875,243,1118,0.782647585
Female,Tennessee,47,"Cheatham County",47021,413,100,513,0.8050682261
Female,Tennessee,47,"Chester County",47023,331,80,411,0.8053527981
Female,Tennessee,47,"Claiborne County",47025,614,183,797,0.7703889586
Female,Tennessee,47,"Clay County",47027,236,61,297,0.7946127946
Female,Tennessee,47,"Cocke County",47029,717,204,921,0.7785016287
Female,Tennessee,47,"Coffee County",47031,1094,298,1392,0.7859195402
Female,Tennessee,47,"Crockett County",47033,323,120,443,0.7291196388
Female,Tennessee,47,"Cumberland County",47035,2141,483,2624,0.815929878
Female,Tennessee,47,"Davidson County",47037,5590,1460,7050,0.7929078014
Female,Tennessee,47,"Decatur County",47039,290,81,371,0.781671159
Female,Tennessee,47,"DeKalb County",47041,340,75,415,0.8192771084
Female,Tennessee,47,"Dickson County",47043,703,192,895,0.7854748603
Female,Tennessee,47,"Dyer County",47045,922,257,1179,0.7820186599
Female,Tennessee,47,"Fayette County",47047,799,221,1020,0.7833333333
Female,Tennessee,47,"Fentress County",47049,596,125,721,0.826629681
Female,Tennessee,47,"Franklin County",47051,860,206,1066,0.8067542214
Female,Tennessee,47,"Gibson County",47053,1229,353,1582,0.7768647282
Female,Tennessee,47,"Giles County",47055,679,168,847,0.8016528926
Female,Tennessee,47,"Grainger County",47057,346,107,453,0.7637969095
Female,Tennessee,47,"Greene County",47059,1287,317,1604,0.8023690773
Female,Tennessee,47,"Grundy County",47061,344,76,420,0.819047619
Female,Tennessee,47,"Hamblen County",47063,1175,289,1464,0.8025956284
Female,Tennessee,47,"Hamilton County",47065,5228,1312,6540,0.7993883792
Female,Tennessee,47,"Hancock County",47067,140,42,182,0.7692307692
Female,Tennessee,47,"Hardeman County",47069,548,179,727,0.7537826685
Female,Tennessee,47,"Hardin County",47071,682,177,859,0.7939464494
Female,Tennessee,47,"Hawkins County",47073,857,209,1066,0.8039399625
Female,Tennessee,47,"Haywood County",47075,388,132,520,0.7461538462
Female,Tennessee,47,"Henderson County",47077,633,174,807,0.7843866171
Female,Tennessee,47,"Henry County",47079,864,191,1055,0.818957346
Female,Tennessee,47,"Hickman County",47081,311,78,389,0.7994858612
Female,Tennessee,47,"Houston County",47083,163,49,212,0.7688679245
Female,Tennessee,47,"Humphreys County",47085,390,93,483,0.8074534161
Female,Tennessee,47,"Jackson County",47087,293,74,367,0.7983651226
Female,Tennessee,47,"Jefferson County",47089,921,226,1147,0.8029642546
Female,Tennessee,47,"Johnson County",47091,341,86,427,0.7985948478
Female,Tennessee,47,"Knox County",47093,5257,1328,6585,0.7983295368
Female,Tennessee,47,"Lake County",47095,170,53,223,0.7623318386
Female,Tennessee,47,"Lauderdale County",47097,487,172,659,0.7389984825
Female,Tennessee,47,"Lawrence County",47099,984,219,1203,0.8179551122
Female,Tennessee,47,"Lewis County",47101,227,62,289,0.785467128
Female,Tennessee,47,"Lincoln County",47103,683,145,828,0.8248792271
Female,Tennessee,47,"Loudon County",47105,960,222,1182,0.8121827411
Female,Tennessee,47,"McMinn County",47107,1021,273,1294,0.7890262751
Female,Tennessee,47,"McNairy County",47109,651,208,859,0.7578579744
Female,Tennessee,47,"Macon County",47111,464,153,617,0.7520259319
Female,Tennessee,47,"Madison County",47113,1932,583,2515,0.7681908549
Female,Tennessee,47,"Marion County",47115,516,147,663,0.778280543
Female,Tennessee,47,"Marshall County",47117,538,131,669,0.8041853513
Female,Tennessee,47,"Maury County",47119,1481,364,1845,0.8027100271
Female,Tennessee,47,"Meigs County",47121,236,66,302,0.7814569536
Female,Tennessee,47,"Monroe County",47123,815,219,1034,0.7882011605
Female,Tennessee,47,"Montgomery County",47125,1615,415,2030,0.7955665025
Female,Tennessee,47,"Moore County",47127,128,40,168,0.7619047619
Female,Tennessee,47,"Morgan County",47129,314,79,393,0.7989821883
Female,Tennessee,47,"Obion County",47131,916,228,1144,0.8006993007
Female,Tennessee,47,"Overton County",47133,577,138,715,0.806993007
Female,Tennessee,47,"Perry County",47135,145,45,190,0.7631578947
Female,Tennessee,47,"Pickett County",47137,177,50,227,0.7797356828
Female,Tennessee,47,"Polk County",47139,410,113,523,0.7839388145
Female,Tennessee,47,"Putnam County",47141,1593,410,2003,0.7953070394
Female,Tennessee,47,"Rhea County",47143,630,183,813,0.7749077491
Female,Tennessee,47,"Roane County",47145,997,256,1253,0.7956903432
Female,Tennessee,47,"Robertson County",47147,958,230,1188,0.8063973064
Female,Tennessee,47,"Rutherford County",47149,2735,686,3421,0.7994738381
Female,Tennessee,47,"Scott County",47151,437,130,567,0.7707231041
Female,Tennessee,47,"Sequatchie County",47153,293,82,375,0.7813333333
Female,Tennessee,47,"Sevier County",47155,1470,313,1783,0.8244531688
Female,Tennessee,47,"Shelby County",47157,11594,3814,15408,0.7524662513
Female,Tennessee,47,"Smith County",47159,347,97,444,0.7815315315
Female,Tennessee,47,"Stewart County",47161,266,85,351,0.7578347578
Female,Tennessee,47,"Sullivan County",47163,2362,479,2841,0.8313973953
Female,Tennessee,47,"Sumner County",47165,2466,634,3100,0.795483871
Female,Tennessee,47,"Tipton County",47167,962,304,1266,0.7598736177
Female,Tennessee,47,"Trousdale County",47169,191,42,233,0.8197424893
Female,Tennessee,47,"Unicoi County",47171,317,75,392,0.8086734694
Female,Tennessee,47,"Union County",47173,228,68,296,0.7702702703
Female,Tennessee,47,"Van Buren County",47175,150,55,205,0.7317073171
Female,Tennessee,47,"Warren County",47177,927,213,1140,0.8131578947
Female,Tennessee,47,"Washington County",47179,1775,459,2234,0.7945389436
Female,Tennessee,47,"Wayne County",47181,375,88,463,0.8099352052
Female,Tennessee,47,"Weakley County",47183,907,189,1096,0.8275547445
Female,Tennessee,47,"White County",47185,685,184,869,0.7882623705
Female,Tennessee,47,"Williamson County",47187,2144,447,2591,0.8274797376
Female,Tennessee,47,"Wilson County",47189,1852,448,2300,0.8052173913
Female,Tennessee,47,,47999,48,16,64,0.75
Female,Texas,48,"Anderson County",48001,898,282,1180,0.7610169492
Female,Texas,48,"Andrews County",48003,195,65,260,0.75
Female,Texas,48,"Angelina County",48005,1713,514,2227,0.7691962281
Female,Texas,48,"Aransas County",48007,368,96,464,0.7931034483
Female,Texas,48,"Archer County",48009,165,39,204,0.8088235294
Female,Texas,48,"Armstrong County",48011,.,.,.,0.8301886792
Female,Texas,48,"Atascosa County",48013,447,160,607,0.7364085667
Female,Texas,48,"Austin County",48015,545,171,716,0.7611731844
Female,Texas,48,"Bailey County",48017,108,24,132,0.8181818182
Female,Texas,48,"Bandera County",48019,328,102,430,0.7627906977
Female,Texas,48,"Bastrop County",48021,832,267,1099,0.7570518653
Female,Texas,48,"Baylor County",48023,95,34,129,0.7364341085
Female,Texas,48,"Bee County",48025,252,112,364,0.6923076923
Female,Texas,48,"Bell County",48027,2227,700,2927,0.7608472839
Female,Texas,48,"Bexar County",48029,11736,3835,15571,0.7537088177
Female,Texas,48,"Blanco County",48031,216,47,263,0.8212927757
Female,Texas,48,"Borden County",48033,.,.,.,0.72
Female,Texas,48,"Bosque County",48035,349,90,439,0.7949886105
Female,Texas,48,"Bowie County",48037,1358,465,1823,0.7449259462
Female,Texas,48,"Brazoria County",48039,3864,1085,4949,0.7807637907
Female,Texas,48,"Brazos County",48041,1967,526,2493,0.7890092258
Female,Texas,48,"Brewster County",48043,118,41,159,0.7421383648
Female,Texas,48,"Briscoe County",48045,.,.,.,0.8510638298
Female,Texas,48,"Brooks County",48047,127,62,189,0.671957672
Female,Texas,48,"Brown County",48049,807,238,1045,0.7722488038
Female,Texas,48,"Burleson County",48051,328,82,410,0.8
Female,Texas,48,"Burnet County",48053,850,197,1047,0.811843362
Female,Texas,48,"Caldwell County",48055,497,158,655,0.758778626
Female,Texas,48,"Calhoun County",48057,334,100,434,0.7695852535
Female,Texas,48,"Callahan County",48059,254,68,322,0.7888198758
Female,Texas,48,"Cameron County",48061,4070,1275,5345,0.7614593078
Female,Texas,48,"Camp County",48063,197,55,252,0.7817460317
Female,Texas,48,"Carson County",48065,105,34,139,0.7553956835
Female,Texas,48,"Cass County",48067,667,211,878,0.7596810934
Female,Texas,48,"Castro County",48069,102,26,128,0.796875
Female,Texas,48,"Chambers County",48071,456,145,601,0.7587354409
Female,Texas,48,"Cherokee County",48073,914,310,1224,0.7467320261
Female,Texas,48,"Childress County",48075,121,37,158,0.7658227848
Female,Texas,48,"Clay County",48077,201,57,258,0.7790697674
Female,Texas,48,"Cochran County",48079,40,19,59,0.6779661017
Female,Texas,48,"Coke County",48081,78,26,104,0.75
Female,Texas,48,"Coleman County",48083,207,48,255,0.8117647059
Female,Texas,48,"Collin County",48085,8330,2189,10519,0.7919003708
Female,Texas,48,"Collingsworth County",48087,68,23,91,0.7472527473
Female,Texas,48,"Colorado County",48089,563,138,701,0.8031383738
Female,Texas,48,"Comal County",48091,1941,453,2394,0.8107769424
Female,Texas,48,"Comanche County",48093,294,96,390,0.7538461538
Female,Texas,48,"Concho County",48095,58,19,77,0.7532467532
Female,Texas,48,"Cooke County",48097,772,211,983,0.7853509664
Female,Texas,48,"Coryell County",48099,488,160,648,0.7530864198
Female,Texas,48,"Cottle County",48101,.,.,.,0.775
Female,Texas,48,"Crane County",48103,51,23,74,0.6891891892
Female,Texas,48,"Crockett County",48105,70,14,84,0.8333333333
Female,Texas,48,"Crosby County",48107,89,41,130,0.6846153846
Female,Texas,48,"Culberson County",48109,38,13,51,0.7450980392
Female,Texas,48,"Dallam County",48111,77,20,97,0.793814433
Female,Texas,48,"Dallas County",48113,20180,6800,26980,0.7479614529
Female,Texas,48,"Dawson County",48115,218,69,287,0.7595818815
Female,Texas,48,"Deaf Smith County",48117,236,73,309,0.7637540453
Female,Texas,48,"Delta County",48119,144,32,176,0.8181818182
Female,Texas,48,"Denton County",48121,6995,1850,8845,0.7908422838
Female,Texas,48,"DeWitt County",48123,435,127,562,0.7740213523
Female,Texas,48,"Dickens County",48125,52,12,64,0.8125
Female,Texas,48,"Dimmit County",48127,147,60,207,0.7101449275
Female,Texas,48,"Donley County",48129,86,26,112,0.7678571429
Female,Texas,48,"Duval County",48131,178,56,234,0.7606837607
Female,Texas,48,"Eastland County",48133,390,107,497,0.7847082495
Female,Texas,48,"Ector County",48135,1549,513,2062,0.7512124151
Female,Texas,48,"Edwards County",48137,.,.,.,0.8181818182
Female,Texas,48,"Ellis County",48139,2030,542,2572,0.7892690513
Female,Texas,48,"El Paso County",48141,5610,1888,7498,0.7481995199
Female,Texas,48,"Erath County",48143,549,135,684,0.8026315789
Female,Texas,48,"Falls County",48145,191,76,267,0.7153558052
Female,Texas,48,"Fannin County",48147,689,203,892,0.7724215247
Female,Texas,48,"Fayette County",48149,641,186,827,0.7750906892
Female,Texas,48,"Fisher County",48151,102,25,127,0.8031496063
Female,Texas,48,"Floyd County",48153,116,39,155,0.7483870968
Female,Texas,48,"Foard County",48155,37,12,49,0.7551020408
Female,Texas,48,"Fort Bend County",48157,6059,1752,7811,0.7757009346
Female,Texas,48,"Franklin County",48159,199,66,265,0.7509433962
Female,Texas,48,"Freestone County",48161,392,120,512,0.765625
Female,Texas,48,"Frio County",48163,199,91,290,0.6862068966
Female,Texas,48,"Gaines County",48165,174,57,231,0.7532467532
Female,Texas,48,"Galveston County",48167,4201,1366,5567,0.7546254715
Female,Texas,48,"Garza County",48169,68,28,96,0.7083333333
Female,Texas,48,"Gillespie County",48171,608,150,758,0.8021108179
Female,Texas,48,"Glasscock County",48173,.,.,.,0.7
Female,Texas,48,"Goliad County",48175,142,41,183,0.7759562842
Female,Texas,48,"Gonzales County",48177,394,117,511,0.771037182
Female,Texas,48,"Gray County",48179,459,150,609,0.7536945813
Female,Texas,48,"Grayson County",48181,2517,805,3322,0.7576760987
Female,Texas,48,"Gregg County",48183,2221,659,2880,0.7711805556
Female,Texas,48,"Grimes County",48185,425,136,561,0.7575757576
Female,Texas,48,"Guadalupe County",48187,1572,395,1967,0.7991865785
Female,Texas,48,"Hale County",48189,489,154,643,0.7604976672
Female,Texas,48,"Hall County",48191,92,25,117,0.7863247863
Female,Texas,48,"Hamilton County",48193,169,58,227,0.7444933921
Female,Texas,48,"Hansford County",48195,88,30,118,0.7457627119
Female,Texas,48,"Hardeman County",48197,89,23,112,0.7946428571
Female,Texas,48,"Hardin County",48199,903,265,1168,0.7731164384
Female,Texas,48,"Harris County",48201,32202,10330,42532,0.7571240478
Female,Texas,48,"Harrison County",48203,1127,357,1484,0.7594339623
Female,Texas,48,"Hartley County",48205,69,15,84,0.8214285714
Female,Texas,48,"Haskell County",48207,150,45,195,0.7692307692
Female,Texas,48,"Hays County",48209,1652,413,2065,0.8
Female,Texas,48,"Hemphill County",48211,71,15,86,0.8255813953
Female,Texas,48,"Henderson County",48213,1639,496,2135,0.7676814988
Female,Texas,48,"Hidalgo County",48215,8156,2467,10623,0.7677680505
Female,Texas,48,"Hill County",48217,660,204,864,0.7638888889
Female,Texas,48,"Hockley County",48219,347,101,448,0.7745535714
Female,Texas,48,"Hood County",48221,1303,342,1645,0.7920972644
Female,Texas,48,"Hopkins County",48223,801,239,1040,0.7701923077
Female,Texas,48,"Houston County",48225,477,137,614,0.7768729642
Female,Texas,48,"Howard County",48227,427,124,551,0.7749546279
Female,Texas,48,"Hudspeth County",48229,40,23,63,0.6349206349
Female,Texas,48,"Hunt County",48231,1422,468,1890,0.7523809524
Female,Texas,48,"Hutchinson County",48233,405,135,540,0.75
Female,Texas,48,"Irion County",48235,21,11,32,0.65625
Female,Texas,48,"Jack County",48237,154,46,200,0.77
Female,Texas,48,"Jackson County",48239,269,79,348,0.7729885057
Female,Texas,48,"Jasper County",48241,753,258,1011,0.7448071217
Female,Texas,48,"Jeff Davis County",48243,27,14,41,0.6585365854
Female,Texas,48,"Jefferson County",48245,3451,1109,4560,0.7567982456
Female,Texas,48,"Jim Hogg County",48247,78,32,110,0.7090909091
Female,Texas,48,"Jim Wells County",48249,525,167,692,0.7586705202
Female,Texas,48,"Johnson County",48251,1938,581,2519,0.7693529178
Female,Texas,48,"Jones County",48253,308,106,414,0.7439613527
Female,Texas,48,"Karnes County",48255,260,76,336,0.7738095238
Female,Texas,48,"Kaufman County",48257,1460,447,1907,0.7656004195
Female,Texas,48,"Kendall County",48259,589,160,749,0.7863818425
Female,Texas,48,"Kenedy County",48261,.,.,.,0.6666666667
Female,Texas,48,"Kent County",48263,.,.,.,0.7419354839
Female,Texas,48,"Kerr County",48265,1161,275,1436,0.8084958217
Female,Texas,48,"Kimble County",48267,88,34,122,0.7213114754
Female,Texas,48,"King County",48269,.,.,.,0.6666666667
Female,Texas,48,"Kinney County",48271,59,12,71,0.8309859155
Female,Texas,48,"Kleberg County",48273,212,71,283,0.7491166078
Female,Texas,48,"Knox County",48275,98,33,131,0.7480916031
Female,Texas,48,"Lamar County",48277,1231,373,1604,0.7674563591
Female,Texas,48,"Lamb County",48279,242,61,303,0.798679868
Female,Texas,48,"Lampasas County",48281,283,73,356,0.7949438202
Female,Texas,48,"La Salle County",48283,88,42,130,0.6769230769
Female,Texas,48,"Lavaca County",48285,556,168,724,0.7679558011
Female,Texas,48,"Lee County",48287,252,82,334,0.754491018
Female,Texas,48,"Leon County",48289,412,134,546,0.7545787546
Female,Texas,48,"Liberty County",48291,1012,368,1380,0.7333333333
Female,Texas,48,"Limestone County",48293,394,155,549,0.7176684882
Female,Texas,48,"Lipscomb County",48295,58,12,70,0.8285714286
Female,Texas,48,"Live Oak County",48297,159,57,216,0.7361111111
Female,Texas,48,"Llano County",48299,552,141,693,0.7965367965
Female,Texas,48,"Loving County",48301,.,0,.,1
Female,Texas,48,"Lubbock County",48303,3584,993,4577,0.7830456631
Female,Texas,48,"Lynn County",48305,91,31,122,0.7459016393
Female,Texas,48,"McCulloch County",48307,190,65,255,0.7450980392
Female,Texas,48,"McLennan County",48309,2967,974,3941,0.7528546054
Female,Texas,48,"McMullen County",48311,.,.,.,0.7727272727
Female,Texas,48,"Madison County",48313,192,66,258,0.7441860465
Female,Texas,48,"Marion County",48315,249,77,326,0.763803681
Female,Texas,48,"Martin County",48317,65,20,85,0.7647058824
Female,Texas,48,"Mason County",48319,126,25,151,0.8344370861
Female,Texas,48,"Matagorda County",48321,585,210,795,0.7358490566
Female,Texas,48,"Maverick County",48323,763,253,1016,0.750984252
Female,Texas,48,"Medina County",48325,497,168,665,0.7473684211
Female,Texas,48,"Menard County",48327,53,20,73,0.7260273973
Female,Texas,48,"Midland County",48329,1544,413,1957,0.788962698
Female,Texas,48,"Milam County",48331,367,112,479,0.7661795407
Female,Texas,48,"Mills County",48333,104,24,128,0.8125
Female,Texas,48,"Mitchell County",48335,153,39,192,0.796875
Female,Texas,48,"Montague County",48337,470,116,586,0.8020477816
Female,Texas,48,"Montgomery County",48339,6015,1740,7755,0.7756286267
Female,Texas,48,"Moore County",48341,249,60,309,0.8058252427
Female,Texas,48,"Morris County",48343,292,95,387,0.7545219638
Female,Texas,48,"Motley County",48345,.,.,.,0.8717948718
Female,Texas,48,"Nacogdoches County",48347,995,337,1332,0.746996997
Female,Texas,48,"Navarro County",48349,843,296,1139,0.7401229148
Female,Texas,48,"Newton County",48351,258,98,356,0.7247191011
Female,Texas,48,"Nolan County",48353,289,89,378,0.7645502646
Female,Texas,48,"Nueces County",48355,2269,752,3021,0.7510758027
Female,Texas,48,"Ochiltree County",48357,128,31,159,0.8050314465
Female,Texas,48,"Oldham County",48359,.,.,.,0.8666666667
Female,Texas,48,"Orange County",48361,1293,395,1688,0.7659952607
Female,Texas,48,"Palo Pinto County",48363,516,158,674,0.765578635
Female,Texas,48,"Panola County",48365,483,148,631,0.765451664
Female,Texas,48,"Parker County",48367,1912,546,2458,0.7778681855
Female,Texas,48,"Parmer County",48369,161,46,207,0.7777777778
Female,Texas,48,"Pecos County",48371,163,66,229,0.711790393
Female,Texas,48,"Polk County",48373,1303,399,1702,0.7655699177
Female,Texas,48,"Potter County",48375,1600,520,2120,0.7547169811
Female,Texas,48,"Presidio County",48377,86,37,123,0.6991869919
Female,Texas,48,"Rains County",48379,245,68,313,0.7827476038
Female,Texas,48,"Randall County",48381,2254,551,2805,0.8035650624
Female,Texas,48,"Reagan County",48383,.,.,.,0.86
Female,Texas,48,"Real County",48385,84,24,108,0.7777777778
Female,Texas,48,"Red River County",48387,352,116,468,0.7521367521
Female,Texas,48,"Reeves County",48389,180,67,247,0.7287449393
Female,Texas,48,"Refugio County",48391,130,44,174,0.7471264368
Female,Texas,48,"Roberts County",48393,.,.,.,0.84
Female,Texas,48,"Robertson County",48395,299,85,384,0.7786458333
Female,Texas,48,"Rockwall County",48397,1056,328,1384,0.7630057803
Female,Texas,48,"Runnels County",48399,281,81,362,0.7762430939
Female,Texas,48,"Rusk County",48401,862,267,1129,0.7635075288
Female,Texas,48,"Sabine County",48403,310,91,401,0.7730673317
Female,Texas,48,"San Augustine County",48405,216,66,282,0.7659574468
Female,Texas,48,"San Jacinto County",48407,461,154,615,0.7495934959
Female,Texas,48,"San Patricio County",48409,621,180,801,0.7752808989
Female,Texas,48,"San Saba County",48411,124,32,156,0.7948717949
Female,Texas,48,"Schleicher County",48413,63,22,85,0.7411764706
Female,Texas,48,"Scurry County",48415,319,73,392,0.8137755102
Female,Texas,48,"Shackelford County",48417,74,21,95,0.7789473684
Female,Texas,48,"Shelby County",48419,421,144,565,0.7451327434
Female,Texas,48,"Sherman County",48421,.,.,.,0.8333333333
Female,Texas,48,"Smith County",48423,3961,1215,5176,0.7652627512
Female,Texas,48,"Somervell County",48425,124,46,170,0.7294117647
Female,Texas,48,"Starr County",48427,1078,312,1390,0.7755395683
Female,Texas,48,"Stephens County",48429,182,50,232,0.7844827586
Female,Texas,48,"Sterling County",48431,.,.,.,0.76
Female,Texas,48,"Stonewall County",48433,.,.,.,0.8524590164
Female,Texas,48,"Sutton County",48435,65,19,84,0.7738095238
Female,Texas,48,"Swisher County",48437,137,46,183,0.7486338798
Female,Texas,48,"Tarrant County",48439,15828,5051,20879,0.7580822836
Female,Texas,48,"Taylor County",48441,2079,594,2673,0.7777777778
Female,Texas,48,"Terrell County",48443,.,.,.,0.84
Female,Texas,48,"Terry County",48445,130,59,189,0.6878306878
Female,Texas,48,"Throckmorton County",48447,42,12,54,0.7777777778
Female,Texas,48,"Titus County",48449,486,139,625,0.7776
Female,Texas,48,"Tom Green County",48451,1869,546,2415,0.7739130435
Female,Texas,48,"Travis County",48453,7388,2127,9515,0.7764582239
Female,Texas,48,"Trinity County",48455,374,133,507,0.7376725838
Female,Texas,48,"Tyler County",48457,451,151,602,0.7491694352
Female,Texas,48,"Upshur County",48459,750,204,954,0.786163522
Female,Texas,48,"Upton County",48461,.,.,.,0.8448275862
Female,Texas,48,"Uvalde County",48463,433,138,571,0.7583187391
Female,Texas,48,"Val Verde County",48465,557,196,753,0.7397078353
Female,Texas,48,"Van Zandt County",48467,1074,307,1381,0.7776973208
Female,Texas,48,"Victoria County",48469,1595,454,2049,0.7784285017
Female,Texas,48,"Walker County",48471,792,276,1068,0.7415730337
Female,Texas,48,"Waller County",48473,569,182,751,0.7576564581
Female,Texas,48,"Ward County",48475,183,64,247,0.7408906883
Female,Texas,48,"Washington County",48477,813,202,1015,0.8009852217
Female,Texas,48,"Webb County",48479,1929,738,2667,0.7232845894
Female,Texas,48,"Wharton County",48481,816,253,1069,0.7633302152
Female,Texas,48,"Wheeler County",48483,130,21,151,0.8609271523
Female,Texas,48,"Wichita County",48485,2110,598,2708,0.7791728213
Female,Texas,48,"Wilbarger County",48487,221,90,311,0.7106109325
Female,Texas,48,"Willacy County",48489,249,94,343,0.7259475219
Female,Texas,48,"Williamson County",48491,5212,1273,6485,0.8037008481
Female,Texas,48,"Wilson County",48493,505,158,663,0.7616892911
Female,Texas,48,"Winkler County",48495,91,36,127,0.7165354331
Female,Texas,48,"Wise County",48497,983,275,1258,0.7813990461
Female,Texas,48,"Wood County",48499,1246,339,1585,0.7861198738
Female,Texas,48,"Yoakum County",48501,95,33,128,0.7421875
Female,Texas,48,"Young County",48503,429,145,574,0.7473867596
Female,Texas,48,"Zapata County",48505,174,43,217,0.801843318
Female,Texas,48,"Zavala County",48507,135,59,194,0.6958762887
Female,Texas,48,,48999,215,84,299,0.7190635452
Female,Utah,49,"Beaver County",49001,89,16,105,0.8476190476
Female,Utah,49,"Box Elder County",49003,295,99,394,0.7487309645
Female,Utah,49,"Cache County",49005,483,131,614,0.7866449511
Female,Utah,49,"Carbon County",49007,297,88,385,0.7714285714
Female,Utah,49,"Daggett County",49009,.,.,.,0.6153846154
Female,Utah,49,"Davis County",49011,1118,333,1451,0.7705031013
Female,Utah,49,"Duchesne County",49013,144,57,201,0.7164179104
Female,Utah,49,"Emery County",49015,115,37,152,0.7565789474
Female,Utah,49,"Garfield County",49017,60,12,72,0.8333333333
Female,Utah,49,"Grand County",49019,117,29,146,0.801369863
Female,Utah,49,"Iron County",49021,500,118,618,0.8090614887
Female,Utah,49,"Juab County",49023,124,22,146,0.8493150685
Female,Utah,49,"Kane County",49025,130,31,161,0.8074534161
Female,Utah,49,"Millard County",49027,140,39,179,0.782122905
Female,Utah,49,"Morgan County",49029,52,13,65,0.8
Female,Utah,49,"Piute County",49031,.,.,.,0.8085106383
Female,Utah,49,"Rich County",49033,.,.,.,0.7727272727
Female,Utah,49,"Salt Lake County",49035,4843,1330,6173,0.7845456018
Female,Utah,49,"San Juan County",49037,86,35,121,0.7107438017
Female,Utah,49,"Sanpete County",49039,254,83,337,0.7537091988
Female,Utah,49,"Sevier County",49041,290,62,352,0.8238636364
Female,Utah,49,"Summit County",49043,152,45,197,0.7715736041
Female,Utah,49,"Tooele County",49045,272,94,366,0.7431693989
Female,Utah,49,"Uintah County",49047,226,66,292,0.7739726027
Female,Utah,49,"Utah County",49049,2145,668,2813,0.7625311056
Female,Utah,49,"Wasatch County",49051,147,38,185,0.7945945946
Female,Utah,49,"Washington County",49053,2125,542,2667,0.7967754031
Female,Utah,49,"Wayne County",49055,.,.,.,0.925
Female,Utah,49,"Weber County",49057,996,300,1296,0.7685185185
Female,Utah,49,,49999,.,.,.,0.7
Female,Vermont,50,"Addison County",50001,637,102,739,0.8619756428
Female,Vermont,50,"Bennington County",50003,849,144,993,0.8549848943
Female,Vermont,50,"Caledonia County",50005,578,120,698,0.8280802292
Female,Vermont,50,"Chittenden County",50007,2135,404,2539,0.8408822371
Female,Vermont,50,"Essex County",50009,165,24,189,0.873015873
Female,Vermont,50,"Franklin County",50011,860,136,996,0.8634538153
Female,Vermont,50,"Grand Isle County",50013,125,25,150,0.8333333333
Female,Vermont,50,"Lamoille County",50015,338,54,392,0.862244898
Female,Vermont,50,"Orange County",50017,647,90,737,0.8778833107
Female,Vermont,50,"Orleans County",50019,804,140,944,0.8516949153
Female,Vermont,50,"Rutland County",50021,1443,244,1687,0.8553645525
Female,Vermont,50,"Washington County",50023,1085,185,1270,0.8543307087
Female,Vermont,50,"Windham County",50025,1029,189,1218,0.8448275862
Female,Vermont,50,"Windsor County",50027,1337,250,1587,0.8424700693
Female,Vermont,50,,50999,.,0,.,1
Female,Virginia,51,"Accomack County",51001,847,211,1058,0.8005671078
Female,Virginia,51,"Albemarle County",51003,1452,297,1749,0.8301886792
Female,Virginia,51,"Alleghany County",51005,451,112,563,0.8010657194
Female,Virginia,51,"Amelia County",51007,245,43,288,0.8506944444
Female,Virginia,51,"Amherst County",51009,757,157,914,0.8282275711
Female,Virginia,51,"Appomattox County",51011,375,82,457,0.8205689278
Female,Virginia,51,"Arlington County",51013,999,245,1244,0.8030546624
Female,Virginia,51,"Augusta County",51015,1667,336,2003,0.8322516226
Female,Virginia,51,"Bath County",51017,125,31,156,0.8012820513
Female,Virginia,51,"Bedford County",51019,1614,370,1984,0.8135080645
Female,Virginia,51,"Bland County",51021,175,39,214,0.8177570093
Female,Virginia,51,"Botetourt County",51023,661,151,812,0.8140394089
Female,Virginia,51,"Brunswick County",51025,425,101,526,0.8079847909
Female,Virginia,51,"Buchanan County",51027,629,191,820,0.7670731707
Female,Virginia,51,"Buckingham County",51029,331,81,412,0.8033980583
Female,Virginia,51,"Campbell County",51031,1259,290,1549,0.8127824403
Female,Virginia,51,"Caroline County",51033,494,119,613,0.8058727569
Female,Virginia,51,"Carroll County",51035,864,187,1051,0.822074215
Female,Virginia,51,"Charles City County",51036,179,27,206,0.8689320388
Female,Virginia,51,"Charlotte County",51037,339,79,418,0.8110047847
Female,Virginia,51,"Chesterfield County",51041,4247,867,5114,0.8304653891
Female,Virginia,51,"Clarke County",51043,273,66,339,0.8053097345
Female,Virginia,51,"Craig County",51045,120,17,137,0.8759124088
Female,Virginia,51,"Culpeper County",51047,729,139,868,0.8398617512
Female,Virginia,51,"Cumberland County",51049,202,40,242,0.8347107438
Female,Virginia,51,"Dickenson County",51051,444,117,561,0.7914438503
Female,Virginia,51,"Dinwiddie County",51053,542,126,668,0.8113772455
Female,Virginia,51,"Essex County",51057,279,66,345,0.8086956522
Female,Virginia,51,"Fairfax County",51059,6309,1358,7667,0.8228772662
Female,Virginia,51,"Fauquier County",51061,836,211,1047,0.7984718243
Female,Virginia,51,"Floyd County",51063,375,77,452,0.8296460177
Female,Virginia,51,"Fluvanna County",51065,471,107,578,0.8148788927
Female,Virginia,51,"Franklin County",51067,1090,281,1371,0.7950401167
Female,Virginia,51,"Frederick County",51069,1487,255,1742,0.8536165327
Female,Virginia,51,"Giles County",51071,480,115,595,0.8067226891
Female,Virginia,51,"Gloucester County",51073,649,142,791,0.8204804046
Female,Virginia,51,"Goochland County",51075,413,91,504,0.8194444444
Female,Virginia,51,"Grayson County",51077,473,111,584,0.8099315068
Female,Virginia,51,"Greene County",51079,308,64,372,0.8279569892
Female,Virginia,51,"Greensville County",51081,210,62,272,0.7720588235
Female,Virginia,51,"Halifax County",51083,1173,282,1455,0.806185567
Female,Virginia,51,"Hanover County",51085,1699,334,2033,0.8357107723
Female,Virginia,51,"Henrico County",51087,4406,998,5404,0.8153219837
Female,Virginia,51,"Henry County",51089,1550,277,1827,0.8483853311
Female,Virginia,51,"Highland County",51091,61,12,73,0.8356164384
Female,Virginia,51,"Isle of Wight County",51093,573,119,692,0.8280346821
Female,Virginia,51,"James City County",51095,1317,247,1564,0.8420716113
Female,Virginia,51,"King and Queen County",51097,155,34,189,0.8201058201
Female,Virginia,51,"King George County",51099,251,59,310,0.8096774194
Female,Virginia,51,"King William County",51101,334,75,409,0.8166259169
Female,Virginia,51,"Lancaster County",51103,360,87,447,0.8053691275
Female,Virginia,51,"Lee County",51105,541,129,670,0.8074626866
Female,Virginia,51,"Loudoun County",51107,2295,472,2767,0.8294181424
Female,Virginia,51,"Louisa County",51109,647,111,758,0.8535620053
Female,Virginia,51,"Lunenburg County",51111,306,98,404,0.7574257426
Female,Virginia,51,"Madison County",51113,245,57,302,0.8112582781
Female,Virginia,51,"Mathews County",51115,218,48,266,0.8195488722
Female,Virginia,51,"Mecklenburg County",51117,966,250,1216,0.7944078947
Female,Virginia,51,"Middlesex County",51119,291,67,358,0.812849162
Female,Virginia,51,"Montgomery County",51121,1246,278,1524,0.8175853018
Female,Virginia,51,"Nelson County",51125,357,62,419,0.8520286396
Female,Virginia,51,"New Kent County",51127,331,68,399,0.8295739348
Female,Virginia,51,"Northampton County",51131,370,95,465,0.7956989247
Female,Virginia,51,"Northumberland County",51133,332,82,414,0.8019323671
Female,Virginia,51,"Nottoway County",51135,315,103,418,0.7535885167
Female,Virginia,51,"Orange County",51137,697,147,844,0.8258293839
Female,Virginia,51,"Page County",51139,594,121,715,0.8307692308
Female,Virginia,51,"Patrick County",51141,534,120,654,0.8165137615
Female,Virginia,51,"Pittsylvania County",51143,1611,362,1973,0.8165230613
Female,Virginia,51,"Powhatan County",51145,423,101,524,0.8072519084
Female,Virginia,51,"Prince Edward County",51147,419,114,533,0.7861163227
Female,Virginia,51,"Prince George County",51149,422,121,543,0.7771639042
Female,Virginia,51,"Prince William County",51153,2591,632,3223,0.8039094012
Female,Virginia,51,"Pulaski County",51155,971,223,1194,0.8132328308
Female,Virginia,51,"Rappahannock County",51157,139,30,169,0.8224852071
Female,Virginia,51,"Richmond County",51159,199,38,237,0.8396624473
Female,Virginia,51,"Roanoke County",51161,1982,467,2449,0.8093099224
Female,Virginia,51,"Rockbridge County",51163,534,113,647,0.8253477589
Female,Virginia,51,"Rockingham County",51165,1768,317,2085,0.8479616307
Female,Virginia,51,"Russell County",51167,754,170,924,0.816017316
Female,Virginia,51,"Scott County",51169,446,97,543,0.8213627993
Female,Virginia,51,"Shenandoah County",51171,1011,193,1204,0.8397009967
Female,Virginia,51,"Smyth County",51173,898,203,1101,0.8156221617
Female,Virginia,51,"Southampton County",51175,418,98,516,0.8100775194
Female,Virginia,51,"Spotsylvania County",51177,1583,378,1961,0.8072412035
Female,Virginia,51,"Stafford County",51179,1140,307,1447,0.7878369039
Female,Virginia,51,"Surry County",51181,120,37,157,0.7643312102
Female,Virginia,51,"Sussex County",51183,236,78,314,0.7515923567
Female,Virginia,51,"Tazewell County",51185,1159,303,1462,0.792749658
Female,Virginia,51,"Warren County",51187,675,155,830,0.813253012
Female,Virginia,51,"Washington County",51191,1270,320,1590,0.7987421384
Female,Virginia,51,"Westmoreland County",51193,411,98,509,0.8074656189
Female,Virginia,51,"Wise County",51195,905,202,1107,0.8175248419
Female,Virginia,51,"Wythe County",51197,784,209,993,0.7895266868
Female,Virginia,51,"York County",51199,709,151,860,0.8244186047
Female,Virginia,51,"Alexandria city",51510,874,192,1066,0.8198874296
Female,Virginia,51,"Bedford city",51515,.,0,.,1
Female,Virginia,51,"Bristol city",51520,372,97,469,0.7931769723
Female,Virginia,51,"Buena Vista city",51530,204,36,240,0.85
Female,Virginia,51,"Charlottesville city",51540,465,120,585,0.7948717949
Female,Virginia,51,"Chesapeake city",51550,2367,684,3051,0.7758112094
Female,Virginia,51,"Colonial Heights city",51570,385,72,457,0.8424507659
Female,Virginia,51,"Covington city",51580,158,46,204,0.7745098039
Female,Virginia,51,"Danville city",51590,1126,415,1541,0.7306943543
Female,Virginia,51,"Emporia city",51595,159,51,210,0.7571428571
Female,Virginia,51,"Fairfax city",51600,165,37,202,0.8168316832
Female,Virginia,51,"Falls Church city",51610,99,21,120,0.825
Female,Virginia,51,"Franklin city",51620,231,81,312,0.7403846154
Female,Virginia,51,"Fredericksburg city",51630,365,107,472,0.7733050847
Female,Virginia,51,"Galax city",51640,200,67,267,0.7490636704
Female,Virginia,51,"Hampton city",51650,1498,457,1955,0.7662404092
Female,Virginia,51,"Harrisonburg city",51660,515,104,619,0.8319870759
Female,Virginia,51,"Hopewell city",51670,347,114,461,0.7527114967
Female,Virginia,51,"Lexington city",51678,110,24,134,0.8208955224
Female,Virginia,51,"Lynchburg city",51680,1410,358,1768,0.7975113122
Female,Virginia,51,"Manassas city",51683,298,60,358,0.8324022346
Female,Virginia,51,"Manassas Park city",51685,94,18,112,0.8392857143
Female,Virginia,51,"Martinsville city",51690,426,112,538,0.7918215613
Female,Virginia,51,"Newport News city",51700,1890,567,2457,0.7692307692
Female,Virginia,51,"Norfolk city",51710,2006,624,2630,0.7627376426
Female,Virginia,51,"Norton city",51720,140,25,165,0.8484848485
Female,Virginia,51,"Petersburg city",51730,588,267,855,0.6877192982
Female,Virginia,51,"Poquoson city",51735,151,33,184,0.8206521739
Female,Virginia,51,"Portsmouth city",51740,1149,364,1513,0.7594183741
Female,Virginia,51,"Radford city",51750,193,61,254,0.7598425197
Female,Virginia,51,"Richmond city",51760,2410,765,3175,0.7590551181
Female,Virginia,51,"Roanoke city",51770,1678,476,2154,0.7790157846
Female,Virginia,51,"Salem city",51775,520,146,666,0.7807807808
Female,Virginia,51,"Staunton city",51790,617,133,750,0.8226666667
Female,Virginia,51,"Suffolk city",51800,1205,348,1553,0.7759175789
Female,Virginia,51,"Virginia Beach city",51810,4272,1018,5290,0.8075614367
Female,Virginia,51,"Waynesboro city",51820,477,106,583,0.8181818182
Female,Virginia,51,"Williamsburg city",51830,187,38,225,0.8311111111
Female,Virginia,51,"Winchester city",51840,513,111,624,0.8221153846
Female,Virginia,51,,51867,.,.,.,0.5
Female,Virginia,51,,51999,47,23,70,0.6714285714
Female,Washington,53,"Adams County",53001,135,57,192,0.703125
Female,Washington,53,"Asotin County",53003,432,101,533,0.8105065666
Female,Washington,53,"Benton County",53005,2864,639,3503,0.8175849272
Female,Washington,53,"Chelan County",53007,967,176,1143,0.8460192476
Female,Washington,53,"Clallam County",53009,1761,395,2156,0.8167903525
Female,Washington,53,"Clark County",53011,3407,757,4164,0.8182036503
Female,Washington,53,"Columbia County",53013,90,19,109,0.8256880734
Female,Washington,53,"Cowlitz County",53015,1308,293,1601,0.8169893816
Female,Washington,53,"Douglas County",53017,487,97,584,0.8339041096
Female,Washington,53,"Ferry County",53019,101,30,131,0.7709923664
Female,Washington,53,"Franklin County",53021,818,180,998,0.8196392786
Female,Washington,53,"Garfield County",53023,50,13,63,0.7936507937
Female,Washington,53,"Grant County",53025,1115,270,1385,0.8050541516
Female,Washington,53,"Grays Harbor County",53027,1500,395,1895,0.7915567282
Female,Washington,53,"Island County",53029,1033,214,1247,0.8283881315
Female,Washington,53,"Jefferson County",53031,737,169,906,0.8134657837
Female,Washington,53,"King County",53033,15407,3348,18755,0.8214876033
Female,Washington,53,"Kitsap County",53035,2413,499,2912,0.8286401099
Female,Washington,53,"Kittitas County",53037,481,125,606,0.7937293729
Female,Washington,53,"Klickitat County",53039,411,78,489,0.8404907975
Female,Washington,53,"Lewis County",53041,1125,293,1418,0.793370945
Female,Washington,53,"Lincoln County",53043,187,56,243,0.7695473251
Female,Washington,53,"Mason County",53045,940,203,1143,0.8223972003
Female,Washington,53,"Okanogan County",53047,506,136,642,0.7881619938
Female,Washington,53,"Pacific County",53049,693,164,857,0.8086347725
Female,Washington,53,"Pend Oreille County",53051,236,48,284,0.8309859155
Female,Washington,53,"Pierce County",53053,7638,1937,9575,0.7977023499
Female,Washington,53,"San Juan County",53055,286,73,359,0.7966573816
Female,Washington,53,"Skagit County",53057,1902,409,2311,0.8230203375
Female,Washington,53,"Skamania County",53059,165,33,198,0.8333333333
Female,Washington,53,"Snohomish County",53061,6046,1311,7357,0.8218023651
Female,Washington,53,"Spokane County",53063,4555,1200,5755,0.7914856646
Female,Washington,53,"Stevens County",53065,685,183,868,0.7891705069
Female,Washington,53,"Thurston County",53067,2184,558,2742,0.7964989059
Female,Washington,53,"Wahkiakum County",53069,96,23,119,0.8067226891
Female,Washington,53,"Walla Walla County",53071,907,216,1123,0.8076580588
Female,Washington,53,"Whatcom County",53073,2508,598,3106,0.807469414
Female,Washington,53,"Whitman County",53075,346,79,425,0.8141176471
Female,Washington,53,"Yakima County",53077,2921,741,3662,0.7976515565
Female,Washington,53,,53999,46,17,63,0.7301587302
Female,"West Virginia",54,"Barbour County",54001,404,65,469,0.8614072495
Female,"West Virginia",54,"Berkeley County",54003,1584,415,1999,0.7923961981
Female,"West Virginia",54,"Boone County",54005,436,126,562,0.7758007117
Female,"West Virginia",54,"Braxton County",54007,309,63,372,0.8306451613
Female,"West Virginia",54,"Brooke County",54009,519,116,635,0.8173228346
Female,"West Virginia",54,"Cabell County",54011,1597,479,2076,0.7692678227
Female,"West Virginia",54,"Calhoun County",54013,183,36,219,0.8356164384
Female,"West Virginia",54,"Clay County",54015,180,37,217,0.8294930876
Female,"West Virginia",54,"Doddridge County",54017,132,27,159,0.8301886792
Female,"West Virginia",54,"Fayette County",54019,925,226,1151,0.8036490009
Female,"West Virginia",54,"Gilmer County",54021,125,23,148,0.8445945946
Female,"West Virginia",54,"Grant County",54023,300,54,354,0.8474576271
Female,"West Virginia",54,"Greenbrier County",54025,829,202,1031,0.8040737148
Female,"West Virginia",54,"Hampshire County",54027,489,96,585,0.8358974359
Female,"West Virginia",54,"Hancock County",54029,793,206,999,0.7937937938
Female,"West Virginia",54,"Hardy County",54031,336,56,392,0.8571428571
Female,"West Virginia",54,"Harrison County",54033,1301,267,1568,0.8297193878
Female,"West Virginia",54,"Jackson County",54035,600,141,741,0.8097165992
Female,"West Virginia",54,"Jefferson County",54037,780,143,923,0.8450704225
Female,"West Virginia",54,"Kanawha County",54039,3822,1017,4839,0.78983261
Female,"West Virginia",54,"Lewis County",54041,336,69,405,0.8296296296
Female,"West Virginia",54,"Lincoln County",54043,435,136,571,0.761821366
Female,"West Virginia",54,"Logan County",54045,780,230,1010,0.7722772277
Female,"West Virginia",54,"McDowell County",54047,458,151,609,0.7520525452
Female,"West Virginia",54,"Marion County",54049,1104,220,1324,0.833836858
Female,"West Virginia",54,"Marshall County",54051,644,104,748,0.8609625668
Female,"West Virginia",54,"Mason County",54053,631,160,791,0.7977243995
Female,"West Virginia",54,"Mercer County",54055,1440,412,1852,0.777537797
Female,"West Virginia",54,"Mineral County",54057,824,141,965,0.8538860104
Female,"West Virginia",54,"Mingo County",54059,590,171,761,0.7752956636
Female,"West Virginia",54,"Monongalia County",54061,1041,195,1236,0.8422330097
Female,"West Virginia",54,"Monroe County",54063,322,74,396,0.8131313131
Female,"West Virginia",54,"Morgan County",54065,363,87,450,0.8066666667
Female,"West Virginia",54,"Nicholas County",54067,645,117,762,0.8464566929
Female,"West Virginia",54,"Ohio County",54069,687,151,838,0.8198090692
Female,"West Virginia",54,"Pendleton County",54071,186,38,224,0.8303571429
Female,"West Virginia",54,"Pleasants County",54073,160,43,203,0.7881773399
Female,"West Virginia",54,"Pocahontas County",54075,183,51,234,0.7820512821
Female,"West Virginia",54,"Preston County",54077,725,132,857,0.8459743291
Female,"West Virginia",54,"Putnam County",54079,1076,256,1332,0.8078078078
Female,"West Virginia",54,"Raleigh County",54081,1548,426,1974,0.7841945289
Female,"West Virginia",54,"Randolph County",54083,701,144,845,0.8295857988
Female,"West Virginia",54,"Ritchie County",54085,255,49,304,0.8388157895
Female,"West Virginia",54,"Roane County",54087,338,74,412,0.8203883495
Female,"West Virginia",54,"Summers County",54089,300,101,401,0.7481296758
Female,"West Virginia",54,"Taylor County",54091,355,74,429,0.8275058275
Female,"West Virginia",54,"Tucker County",54093,159,44,203,0.7832512315
Female,"West Virginia",54,"Tyler County",54095,207,27,234,0.8846153846
Female,"West Virginia",54,"Upshur County",54097,511,86,597,0.8559463987
Female,"West Virginia",54,"Wayne County",54099,871,255,1126,0.7735346359
Female,"West Virginia",54,"Webster County",54101,222,60,282,0.7872340426
Female,"West Virginia",54,"Wetzel County",54103,382,68,450,0.8488888889
Female,"West Virginia",54,"Wirt County",54105,136,45,181,0.7513812155
Female,"West Virginia",54,"Wood County",54107,2065,450,2515,0.8210735586
Female,"West Virginia",54,"Wyoming County",54109,410,130,540,0.7592592593
Female,"West Virginia",54,,54999,.,.,.,0.9
Female,Wisconsin,55,"Adams County",55001,526,70,596,0.8825503356
Female,Wisconsin,55,"Ashland County",55003,308,56,364,0.8461538462
Female,Wisconsin,55,"Barron County",55005,826,132,958,0.8622129436
Female,Wisconsin,55,"Bayfield County",55007,283,44,327,0.8654434251
Female,Wisconsin,55,"Brown County",55009,2612,375,2987,0.8744559759
Female,Wisconsin,55,"Buffalo County",55011,315,48,363,0.867768595
Female,Wisconsin,55,"Burnett County",55013,317,73,390,0.8128205128
Female,Wisconsin,55,"Calumet County",55015,412,54,466,0.8841201717
Female,Wisconsin,55,"Chippewa County",55017,1045,146,1191,0.8774139379
Female,Wisconsin,55,"Clark County",55019,348,57,405,0.8592592593
Female,Wisconsin,55,"Columbia County",55021,857,128,985,0.8700507614
Female,Wisconsin,55,"Crawford County",55023,332,37,369,0.8997289973
Female,Wisconsin,55,"Dane County",55025,5289,792,6081,0.8697582634
Female,Wisconsin,55,"Dodge County",55027,1424,191,1615,0.8817337461
Female,Wisconsin,55,"Door County",55029,798,95,893,0.8936170213
Female,Wisconsin,55,"Douglas County",55031,608,115,723,0.8409405256
Female,Wisconsin,55,"Dunn County",55033,714,103,817,0.8739290086
Female,Wisconsin,55,"Eau Claire County",55035,1559,239,1798,0.8670745273
Female,Wisconsin,55,"Florence County",55037,82,28,110,0.7454545455
Female,Wisconsin,55,"Fond du Lac County",55039,1334,221,1555,0.8578778135
Female,Wisconsin,55,"Forest County",55041,167,37,204,0.818627451
Female,Wisconsin,55,"Grant County",55043,778,97,875,0.8891428571
Female,Wisconsin,55,"Green County",55045,712,98,810,0.8790123457
Female,Wisconsin,55,"Green Lake County",55047,265,52,317,0.8359621451
Female,Wisconsin,55,"Iowa County",55049,342,50,392,0.8724489796
Female,Wisconsin,55,"Iron County",55051,111,19,130,0.8538461538
Female,Wisconsin,55,"Jackson County",55053,324,42,366,0.8852459016
Female,Wisconsin,55,"Jefferson County",55055,1351,176,1527,0.8847413229
Female,Wisconsin,55,"Juneau County",55057,588,78,666,0.8828828829
Female,Wisconsin,55,"Kenosha County",55059,2202,385,2587,0.8511789718
Female,Wisconsin,55,"Kewaunee County",55061,286,34,320,0.89375
Female,Wisconsin,55,"La Crosse County",55063,1596,210,1806,0.8837209302
Female,Wisconsin,55,"Lafayette County",55065,276,41,317,0.8706624606
Female,Wisconsin,55,"Langlade County",55067,409,66,475,0.8610526316
Female,Wisconsin,55,"Lincoln County",55069,511,78,589,0.8675721562
Female,Wisconsin,55,"Manitowoc County",55071,1477,219,1696,0.8708726415
Female,Wisconsin,55,"Marathon County",55073,1708,265,1973,0.8656867714
Female,Wisconsin,55,"Marinette County",55075,861,175,1036,0.8310810811
Female,Wisconsin,55,"Marquette County",55077,300,51,351,0.8547008547
Female,Wisconsin,55,"Menominee County",55078,42,15,57,0.7368421053
Female,Wisconsin,55,"Milwaukee County",55079,10659,2254,12913,0.8254472237
Female,Wisconsin,55,"Monroe County",55081,578,76,654,0.8837920489
Female,Wisconsin,55,"Oconto County",55083,514,105,619,0.830371567
Female,Wisconsin,55,"Oneida County",55085,858,123,981,0.874617737
Female,Wisconsin,55,"Outagamie County",55087,1607,226,1833,0.8767048554
Female,Wisconsin,55,"Ozaukee County",55089,1285,182,1467,0.875937287
Female,Wisconsin,55,"Pepin County",55091,187,23,210,0.8904761905
Female,Wisconsin,55,"Pierce County",55093,397,64,461,0.8611713666
Female,Wisconsin,55,"Polk County",55095,738,118,856,0.8621495327
Female,Wisconsin,55,"Portage County",55097,963,134,1097,0.8778486782
Female,Wisconsin,55,"Price County",55099,261,51,312,0.8365384615
Female,Wisconsin,55,"Racine County",55101,2803,527,3330,0.8417417417
Female,Wisconsin,55,"Richland County",55103,384,57,441,0.8707482993
Female,Wisconsin,55,"Rock County",55105,2900,475,3375,0.8592592593
Female,Wisconsin,55,"Rusk County",55107,239,47,286,0.8356643357
Female,Wisconsin,55,"St. Croix County",55109,968,157,1125,0.8604444444
Female,Wisconsin,55,"Sauk County",55111,954,151,1105,0.8633484163
Female,Wisconsin,55,"Sawyer County",55113,379,48,427,0.887587822
Female,Wisconsin,55,"Shawano County",55115,493,91,584,0.8441780822
Female,Wisconsin,55,"Sheboygan County",55117,1685,240,1925,0.8753246753
Female,Wisconsin,55,"Taylor County",55119,264,56,320,0.825
Female,Wisconsin,55,"Trempealeau County",55121,501,49,550,0.9109090909
Female,Wisconsin,55,"Vernon County",55123,417,48,465,0.8967741935
Female,Wisconsin,55,"Vilas County",55125,650,121,771,0.8430609598
Female,Wisconsin,55,"Walworth County",55127,1648,308,1956,0.8425357873
Female,Wisconsin,55,"Washburn County",55129,317,56,373,0.8498659517
Female,Wisconsin,55,"Washington County",55131,2053,274,2327,0.8822518264
Female,Wisconsin,55,"Waukesha County",55133,6181,907,7088,0.872037246
Female,Wisconsin,55,"Waupaca County",55135,705,92,797,0.8845671267
Female,Wisconsin,55,"Waushara County",55137,339,52,391,0.8670076726
Female,Wisconsin,55,"Winnebago County",55139,1725,289,2014,0.8565044687
Female,Wisconsin,55,"Wood County",55141,1094,148,1242,0.8808373591
Female,Wisconsin,55,,55999,.,.,.,0.8529411765
Female,Wyoming,56,"Albany County",56001,311,74,385,0.8077922078
Female,Wyoming,56,"Big Horn County",56003,221,43,264,0.8371212121
Female,Wyoming,56,"Campbell County",56005,526,116,642,0.8193146417
Female,Wyoming,56,"Carbon County",56007,217,53,270,0.8037037037
Female,Wyoming,56,"Converse County",56009,220,56,276,0.7971014493
Female,Wyoming,56,"Crook County",56011,142,19,161,0.8819875776
Female,Wyoming,56,"Fremont County",56013,561,130,691,0.8118668596
Female,Wyoming,56,"Goshen County",56015,282,62,344,0.8197674419
Female,Wyoming,56,"Hot Springs County",56017,128,34,162,0.7901234568
Female,Wyoming,56,"Johnson County",56019,146,46,192,0.7604166667
Female,Wyoming,56,"Laramie County",56021,1359,291,1650,0.8236363636
Female,Wyoming,56,"Lincoln County",56023,205,50,255,0.8039215686
Female,Wyoming,56,"Natrona County",56025,1156,292,1448,0.7983425414
Female,Wyoming,56,"Niobrara County",56027,.,.,.,0.8867924528
Female,Wyoming,56,"Park County",56029,578,101,679,0.8512518409
Female,Wyoming,56,"Platte County",56031,203,69,272,0.7463235294
Female,Wyoming,56,"Sheridan County",56033,480,94,574,0.8362369338
Female,Wyoming,56,"Sublette County",56035,72,17,89,0.808988764
Female,Wyoming,56,"Sweetwater County",56037,434,122,556,0.7805755396
Female,Wyoming,56,"Teton County",56039,95,35,130,0.7307692308
Female,Wyoming,56,"Uinta County",56041,230,54,284,0.8098591549
Female,Wyoming,56,"Washakie County",56043,166,41,207,0.8019323671
Female,Wyoming,56,"Weston County",56045,105,25,130,0.8076923077
Female,Wyoming,56,,56999,.,0,.,1
