AGE_GROUP,STATE_NAME,STATE_FIPS,BENE_YES,BENE_NO,TOTAL_BENE,BENE_YES_PCT
_18-39,Alabama,1,716,433,1149,0.6231505657
_18-39,Alaska,2,35,12,47,0.7446808511
_18-39,Arizona,4,266,186,452,0.5884955752
_18-39,Arkansas,5,452,335,787,0.5743329098
_18-39,California,6,2054,875,2929,0.7012632298
_18-39,Colorado,8,205,96,301,0.6810631229
_18-39,Connecticut,9,290,102,392,0.7397959184
_18-39,Delaware,10,98,44,142,0.6901408451
_18-39,"District of Columbia",11,75,41,116,0.6465517241
_18-39,Florida,12,1441,783,2224,0.6479316547
_18-39,Georgia,13,1074,761,1835,0.5852861035
_18-39,Hawaii,15,62,27,89,0.6966292135
_18-39,Idaho,16,108,67,175,0.6171428571
_18-39,Illinois,17,997,506,1503,0.6633399867
_18-39,Indiana,18,671,301,972,0.6903292181
_18-39,Iowa,19,281,97,378,0.7433862434
_18-39,Kansas,20,237,102,339,0.6991150442
_18-39,Kentucky,21,482,232,714,0.675070028
_18-39,Louisiana,22,785,506,1291,0.6080557707
_18-39,Maine,23,117,39,156,0.75
_18-39,Maryland,24,604,258,862,0.7006960557
_18-39,Massachusetts,25,628,250,878,0.715261959
_18-39,Michigan,26,1086,524,1610,0.6745341615
_18-39,Minnesota,27,453,157,610,0.7426229508
_18-39,Mississippi,28,591,432,1023,0.57771261
_18-39,Missouri,29,772,382,1154,0.6689774697
_18-39,Montana,30,65,31,96,0.6770833333
_18-39,Nebraska,31,146,71,217,0.6728110599
_18-39,Nevada,32,164,94,258,0.6356589147
_18-39,"New Hampshire",33,91,40,131,0.6946564885
_18-39,"New Jersey",34,595,269,864,0.6886574074
_18-39,"New Mexico",35,133,85,218,0.6100917431
_18-39,"New York",36,1467,686,2153,0.6813748258
_18-39,"North Carolina",37,1187,654,1841,0.6447582835
_18-39,"North Dakota",38,57,19,76,0.75
_18-39,Ohio,39,1124,553,1677,0.6702444842
_18-39,Oklahoma,40,363,187,550,0.66
_18-39,Oregon,41,209,106,315,0.6634920635
_18-39,Pennsylvania,42,1028,504,1532,0.6710182768
_18-39,"Rhode Island",44,96,24,120,0.8
_18-39,"South Carolina",45,576,346,922,0.6247288503
_18-39,"South Dakota",46,49,24,73,0.6712328767
_18-39,Tennessee,47,631,365,996,0.6335341365
_18-39,Texas,48,1886,1144,3030,0.6224422442
_18-39,Utah,49,119,52,171,0.6959064327
_18-39,Vermont,50,66,19,85,0.7764705882
_18-39,Virginia,51,704,376,1080,0.6518518519
_18-39,Washington,53,388,167,555,0.6990990991
_18-39,"West Virginia",54,197,94,291,0.676975945
_18-39,Wisconsin,55,539,197,736,0.7323369565
_18-39,Wyoming,56,.,.,.,0.8928571429
_40-64,Alabama,1,16398,5803,22201,0.7386153777
_40-64,Alaska,2,590,193,783,0.7535121328
_40-64,Arizona,4,5571,2154,7725,0.7211650485
_40-64,Arkansas,5,10017,3820,13837,0.7239285972
_40-64,California,6,41075,12731,53806,0.7633906999
_40-64,Colorado,8,4221,1260,5481,0.7701149425
_40-64,Connecticut,9,6049,1549,7598,0.7961305607
_40-64,Delaware,10,2218,709,2927,0.7577724633
_40-64,"District of Columbia",11,1779,705,2484,0.7161835749
_40-64,Florida,12,30470,10029,40499,0.7523642559
_40-64,Georgia,13,22517,8684,31201,0.7216755873
_40-64,Hawaii,15,1149,355,1504,0.763962766
_40-64,Idaho,16,1880,565,2445,0.7689161554
_40-64,Illinois,17,22377,7028,29405,0.7609930284
_40-64,Indiana,18,14495,4266,18761,0.7726134001
_40-64,Iowa,19,4937,1279,6216,0.7942406692
_40-64,Kansas,20,4817,1323,6140,0.7845276873
_40-64,Kentucky,21,13657,4792,18449,0.7402569245
_40-64,Louisiana,22,15068,5999,21067,0.7152418474
_40-64,Maine,23,3175,565,3740,0.8489304813
_40-64,Maryland,24,11360,3815,15175,0.7485996705
_40-64,Massachusetts,25,13876,3458,17334,0.8005076728
_40-64,Michigan,26,24534,7812,32346,0.7584863662
_40-64,Minnesota,27,7044,1826,8870,0.7941375423
_40-64,Mississippi,28,13531,5728,19259,0.7025806117
_40-64,Missouri,29,15357,4695,20052,0.7658587672
_40-64,Montana,30,1251,380,1631,0.7670141018
_40-64,Nebraska,31,2454,672,3126,0.7850287908
_40-64,Nevada,32,3227,1290,4517,0.7144122205
_40-64,"New Hampshire",33,2093,494,2587,0.8090452261
_40-64,"New Jersey",34,14489,4345,18834,0.7693002018
_40-64,"New Mexico",35,2864,1074,3938,0.7272727273
_40-64,"New York",36,31512,9716,41228,0.764334918
_40-64,"North Carolina",37,25923,8644,34567,0.749934909
_40-64,"North Dakota",38,800,213,1013,0.789733465
_40-64,Ohio,39,23154,7196,30350,0.7628995058
_40-64,Oklahoma,40,7738,2935,10673,0.7250070271
_40-64,Oregon,41,4492,1285,5777,0.7775662108
_40-64,Pennsylvania,42,24214,6811,31025,0.780467365
_40-64,"Rhode Island",44,2054,466,2520,0.8150793651
_40-64,"South Carolina",45,14424,5063,19487,0.7401857649
_40-64,"South Dakota",46,1013,327,1340,0.7559701493
_40-64,Tennessee,47,15349,5245,20594,0.7453141692
_40-64,Texas,48,34356,13376,47732,0.7197687086
_40-64,Utah,49,1478,519,1997,0.7401101652
_40-64,Vermont,50,1146,282,1428,0.8025210084
_40-64,Virginia,51,14191,4450,18641,0.7612789013
_40-64,Washington,53,7621,2295,9916,0.7685558693
_40-64,"West Virginia",54,5705,1734,7439,0.7669041538
_40-64,Wisconsin,55,9340,2325,11665,0.8006858123
_40-64,Wyoming,56,605,205,810,0.7469135802
_65-69,Alabama,1,17900,4065,21965,0.8149328477
_65-69,Alaska,2,1923,386,2309,0.8328280641
_65-69,Arizona,4,16833,3159,19992,0.8419867947
_65-69,Arkansas,5,13504,3114,16618,0.8126128295
_65-69,California,6,81029,17247,98276,0.8245044568
_65-69,Colorado,8,9667,1798,11465,0.8431748801
_65-69,Connecticut,9,9237,1534,10771,0.8575805403
_65-69,Delaware,10,5114,836,5950,0.8594957983
_65-69,"District of Columbia",11,1973,563,2536,0.7779968454
_65-69,Florida,12,58626,11659,70285,0.8341182329
_65-69,Georgia,13,30770,7307,38077,0.8080993776
_65-69,Hawaii,15,3063,510,3573,0.8572628044
_65-69,Idaho,16,4391,731,5122,0.8572823116
_65-69,Illinois,17,44572,7889,52461,0.8496216237
_65-69,Indiana,18,27035,4603,31638,0.8545103989
_65-69,Iowa,19,13407,1778,15185,0.8829107672
_65-69,Kansas,20,11454,1836,13290,0.8618510158
_65-69,Kentucky,21,18982,3845,22827,0.8315591186
_65-69,Louisiana,22,20430,4946,25376,0.805091425
_65-69,Maine,23,3842,521,4363,0.8805867522
_65-69,Maryland,24,21598,4328,25926,0.8330633341
_65-69,Massachusetts,25,23273,3579,26852,0.8667138388
_65-69,Michigan,26,34721,6651,41372,0.8392390989
_65-69,Minnesota,27,11898,1708,13606,0.8744671468
_65-69,Mississippi,28,17842,4516,22358,0.7980141336
_65-69,Missouri,29,22808,4067,26875,0.8486697674
_65-69,Montana,30,3830,675,4505,0.8501664817
_65-69,Nebraska,31,7420,1075,8495,0.8734549735
_65-69,Nevada,32,6741,1512,8253,0.8167938931
_65-69,"New Hampshire",33,4770,632,5402,0.883006294
_65-69,"New Jersey",34,29593,5420,35013,0.8452003542
_65-69,"New Mexico",35,4932,1126,6058,0.8141300759
_65-69,"New York",36,49414,9852,59266,0.8337664091
_65-69,"North Carolina",37,38493,7737,46230,0.8326411421
_65-69,"North Dakota",38,2818,381,3199,0.8809002813
_65-69,Ohio,39,40517,7282,47799,0.8476537166
_65-69,Oklahoma,40,13808,3005,16813,0.8212692559
_65-69,Oregon,41,9244,1761,11005,0.8399818264
_65-69,Pennsylvania,42,44649,6812,51461,0.8676279124
_65-69,"Rhode Island",44,3172,474,3646,0.8699945145
_65-69,"South Carolina",45,25083,5297,30380,0.8256418697
_65-69,"South Dakota",46,3496,543,4039,0.8655607824
_65-69,Tennessee,47,25657,5130,30787,0.8333712281
_65-69,Texas,48,64192,14794,78986,0.812700985
_65-69,Utah,49,4093,793,4886,0.8376995497
_65-69,Vermont,50,2556,348,2904,0.8801652893
_65-69,Virginia,51,28001,5041,33042,0.8474365958
_65-69,Washington,53,15136,2878,18014,0.8402353725
_65-69,"West Virginia",54,7993,1524,9517,0.8398655038
_65-69,Wisconsin,55,17690,2349,20039,0.8827785818
_65-69,Wyoming,56,2135,389,2524,0.8458795563
_70-74,Alabama,1,29383,5543,34926,0.8412930195
_70-74,Alaska,2,2440,468,2908,0.8390646492
_70-74,Arizona,4,27524,4815,32339,0.8511085686
_70-74,Arkansas,5,17686,3638,21324,0.8293941099
_70-74,California,6,119952,22435,142387,0.8424364584
_70-74,Colorado,8,13773,2231,16004,0.8605973507
_70-74,Connecticut,9,17100,2238,19338,0.8842693143
_70-74,Delaware,10,7732,1155,8887,0.8700348824
_70-74,"District of Columbia",11,2517,558,3075,0.8185365854
_70-74,Florida,12,95950,16774,112724,0.8511940669
_70-74,Georgia,13,44971,9315,54286,0.8284087978
_70-74,Hawaii,15,4726,727,5453,0.8666788924
_70-74,Idaho,16,5812,933,6745,0.861675315
_70-74,Illinois,17,67387,10413,77800,0.8661568123
_70-74,Indiana,18,38515,5709,44224,0.8709071997
_70-74,Iowa,19,18285,2172,20457,0.8938260742
_70-74,Kansas,20,15453,2168,17621,0.876964985
_70-74,Kentucky,21,24372,4481,28853,0.8446955256
_70-74,Louisiana,22,25869,5655,31524,0.8206128664
_70-74,Maine,23,6121,660,6781,0.9026692228
_70-74,Maryland,24,31016,5462,36478,0.8502659137
_70-74,Massachusetts,25,36133,4593,40726,0.8872219221
_70-74,Michigan,26,48350,7832,56182,0.8605959204
_70-74,Minnesota,27,15503,2018,17521,0.8848239256
_70-74,Mississippi,28,21956,4881,26837,0.8181242315
_70-74,Missouri,29,31639,4753,36392,0.8693943724
_70-74,Montana,30,4873,729,5602,0.8698679043
_70-74,Nebraska,31,10376,1330,11706,0.8863830514
_70-74,Nevada,32,11022,2076,13098,0.8415025195
_70-74,"New Hampshire",33,7725,968,8693,0.888646037
_70-74,"New Jersey",34,52210,8360,60570,0.8619778768
_70-74,"New Mexico",35,6642,1327,7969,0.833479734
_70-74,"New York",36,80885,14604,95489,0.847060918
_70-74,"North Carolina",37,56158,9758,65916,0.8519631046
_70-74,"North Dakota",38,3403,379,3782,0.8997884717
_70-74,Ohio,39,56678,9026,65704,0.8626263241
_70-74,Oklahoma,40,18907,3638,22545,0.8386338434
_70-74,Oregon,41,13158,2043,15201,0.8656009473
_70-74,Pennsylvania,42,62469,8753,71222,0.8771025807
_70-74,"Rhode Island",44,4783,611,5394,0.8867259918
_70-74,"South Carolina",45,35527,6594,42121,0.8434510102
_70-74,"South Dakota",46,4487,608,5095,0.8806673209
_70-74,Tennessee,47,36413,6282,42695,0.8528633329
_70-74,Texas,48,99346,20433,119779,0.8294108316
_70-74,Utah,49,6056,1086,7142,0.847941753
_70-74,Vermont,50,3867,459,4326,0.8938973648
_70-74,Virginia,51,40438,6590,47028,0.8598707153
_70-74,Washington,53,22502,3623,26125,0.8613205742
_70-74,"West Virginia",54,10276,1661,11937,0.8608528106
_70-74,Wisconsin,55,23529,2833,26362,0.8925347091
_70-74,Wyoming,56,2567,406,2973,0.8634376051
_75-79,Alabama,1,23129,4142,27271,0.8481170474
_75-79,Alaska,2,2018,340,2358,0.8558100085
_75-79,Arizona,4,23242,3931,27173,0.8553343392
_75-79,Arkansas,5,15221,2929,18150,0.8386225895
_75-79,California,6,108037,19678,127715,0.845922562
_75-79,Colorado,8,11133,1797,12930,0.8610208817
_75-79,Connecticut,9,16631,2190,18821,0.8836406142
_75-79,Delaware,10,6544,978,7522,0.8699813879
_75-79,"District of Columbia",11,1949,423,2372,0.8216694772
_75-79,Florida,12,92649,16156,108805,0.8515141767
_75-79,Georgia,13,38712,7598,46310,0.8359317642
_75-79,Hawaii,15,4472,705,5177,0.8638207456
_75-79,Idaho,16,5138,821,5959,0.8622252056
_75-79,Illinois,17,60636,9346,69982,0.8664513732
_75-79,Indiana,18,32472,4783,37255,0.8716145484
_75-79,Iowa,19,15453,1728,17181,0.8994237821
_75-79,Kansas,20,12937,1886,14823,0.8727652972
_75-79,Kentucky,21,21233,3785,25018,0.8487089296
_75-79,Louisiana,22,20365,4130,24495,0.8313941621
_75-79,Maine,23,6099,667,6766,0.901418859
_75-79,Maryland,24,26553,4308,30861,0.8604063381
_75-79,Massachusetts,25,32601,4097,36698,0.8883590386
_75-79,Michigan,26,43718,6796,50514,0.8654630399
_75-79,Minnesota,27,14792,1740,16532,0.8947495766
_75-79,Mississippi,28,16950,3694,20644,0.8210618097
_75-79,Missouri,29,28051,4273,32324,0.8678072021
_75-79,Montana,30,4074,615,4689,0.8688419706
_75-79,Nebraska,31,8460,1185,9645,0.8771384137
_75-79,Nevada,32,9610,1823,11433,0.8405492872
_75-79,"New Hampshire",33,7103,832,7935,0.8951480781
_75-79,"New Jersey",34,47119,7599,54718,0.8611243101
_75-79,"New Mexico",35,5566,1109,6675,0.8338576779
_75-79,"New York",36,73205,12798,86003,0.8511912375
_75-79,"North Carolina",37,50469,8514,58983,0.8556533238
_75-79,"North Dakota",38,3206,371,3577,0.8962818004
_75-79,Ohio,39,46096,7246,53342,0.8641595741
_75-79,Oklahoma,40,15907,3071,18978,0.8381810517
_75-79,Oregon,41,10986,1685,12671,0.8670191776
_75-79,Pennsylvania,42,47956,6835,54791,0.875253235
_75-79,"Rhode Island",44,4276,524,4800,0.8908333333
_75-79,"South Carolina",45,28986,5236,34222,0.8469990065
_75-79,"South Dakota",46,3955,520,4475,0.8837988827
_75-79,Tennessee,47,30500,5112,35612,0.8564528811
_75-79,Texas,48,89724,18208,107932,0.8313011896
_75-79,Utah,49,5095,907,6002,0.8488837054
_75-79,Vermont,50,3401,401,3802,0.8945291952
_75-79,Virginia,51,34100,5351,39451,0.8643633875
_75-79,Washington,53,20697,3143,23840,0.8681627517
_75-79,"West Virginia",54,7885,1231,9116,0.8649627029
_75-79,Wisconsin,55,20003,2297,22300,0.8969955157
_75-79,Wyoming,56,2054,340,2394,0.857978279
_80-84,Alabama,1,16115,3060,19175,0.8404172099
_80-84,Alaska,2,1241,230,1471,0.8436437797
_80-84,Arizona,4,14897,2755,17652,0.8439270338
_80-84,Arkansas,5,10544,2141,12685,0.831217974
_80-84,California,6,81325,15171,96496,0.8427810479
_80-84,Colorado,8,7451,1278,8729,0.8535914767
_80-84,Connecticut,9,13052,1773,14825,0.8804047218
_80-84,Delaware,10,4518,644,5162,0.8752421542
_80-84,"District of Columbia",11,1339,293,1632,0.8204656863
_80-84,Florida,12,65575,12192,77767,0.8432239896
_80-84,Georgia,13,25466,4947,30413,0.8373392957
_80-84,Hawaii,15,2940,489,3429,0.8573928259
_80-84,Idaho,16,3679,565,4244,0.8668708765
_80-84,Illinois,17,44696,7231,51927,0.8607468176
_80-84,Indiana,18,23744,3551,27295,0.8699029126
_80-84,Iowa,19,12437,1482,13919,0.8935268338
_80-84,Kansas,20,9342,1399,10741,0.8697514198
_80-84,Kentucky,21,15284,2778,18062,0.8461964345
_80-84,Louisiana,22,13981,2942,16923,0.8261537552
_80-84,Maine,23,4695,545,5240,0.8959923664
_80-84,Maryland,24,19005,3250,22255,0.853965401
_80-84,Massachusetts,25,23752,3121,26873,0.8838611245
_80-84,Michigan,26,32677,5077,37754,0.8655241829
_80-84,Minnesota,27,12451,1471,13922,0.8943398937
_80-84,Mississippi,28,11467,2503,13970,0.8208303508
_80-84,Missouri,29,19946,3039,22985,0.867783337
_80-84,Montana,30,2905,425,3330,0.8723723724
_80-84,Nebraska,31,6331,935,7266,0.8713184696
_80-84,Nevada,32,5907,1164,7071,0.8353839627
_80-84,"New Hampshire",33,4904,586,5490,0.8932604736
_80-84,"New Jersey",34,34963,6082,41045,0.8518211719
_80-84,"New Mexico",35,3833,828,4661,0.8223557177
_80-84,"New York",36,56763,10480,67243,0.8441473462
_80-84,"North Carolina",37,33758,5813,39571,0.8530994921
_80-84,"North Dakota",38,2571,313,2884,0.8914701803
_80-84,Ohio,39,33626,5318,38944,0.8634449466
_80-84,Oklahoma,40,11054,2166,13220,0.8361573374
_80-84,Oregon,41,7502,1161,8663,0.8659817615
_80-84,Pennsylvania,42,34153,4970,39123,0.8729647522
_80-84,"Rhode Island",44,2675,336,3011,0.8884091664
_80-84,"South Carolina",45,18127,3275,21402,0.846976918
_80-84,"South Dakota",46,3070,389,3459,0.8875397514
_80-84,Tennessee,47,20048,3503,23551,0.8512589699
_80-84,Texas,48,61387,13094,74481,0.824196775
_80-84,Utah,49,3677,669,4346,0.8460653474
_80-84,Vermont,50,2329,290,2619,0.889270714
_80-84,Virginia,51,23884,3886,27770,0.8600648181
_80-84,Washington,53,15681,2469,18150,0.8639669421
_80-84,"West Virginia",54,5766,928,6694,0.8613683896
_80-84,Wisconsin,55,14196,1720,15916,0.8919326464
_80-84,Wyoming,56,1552,279,1831,0.847624249
_85+,Alabama,1,14629,2716,17345,0.8434130873
_85+,Alaska,2,1100,195,1295,0.8494208494
_85+,Arizona,4,12109,2249,14358,0.8433625853
_85+,Arkansas,5,9717,1991,11708,0.8299453365
_85+,California,6,86193,17310,103503,0.8327584708
_85+,Colorado,8,7201,1243,8444,0.8527948839
_85+,Connecticut,9,16391,2462,18853,0.8694107039
_85+,Delaware,10,4069,658,4727,0.8607996615
_85+,"District of Columbia",11,1416,274,1690,0.8378698225
_85+,Florida,12,65163,13074,78237,0.8328923655
_85+,Georgia,13,22542,4561,27103,0.8317160462
_85+,Hawaii,15,3600,634,4234,0.8502598016
_85+,Idaho,16,3454,589,4043,0.8543161019
_85+,Illinois,17,46780,8038,54818,0.8533693312
_85+,Indiana,18,23864,3841,27705,0.8613607652
_85+,Iowa,19,14230,1702,15932,0.8931709767
_85+,Kansas,20,10702,1698,12400,0.8630645161
_85+,Kentucky,21,13579,2692,16271,0.8345522709
_85+,Louisiana,22,12834,2900,15734,0.815685776
_85+,Maine,23,5195,615,5810,0.8941480207
_85+,Maryland,24,19664,3209,22873,0.8597035806
_85+,Massachusetts,25,26782,3777,30559,0.8764030237
_85+,Michigan,26,34026,5604,39630,0.8585919758
_85+,Minnesota,27,14523,1900,16423,0.8843085916
_85+,Mississippi,28,10072,2348,12420,0.8109500805
_85+,Missouri,29,19497,3193,22690,0.8592772146
_85+,Montana,30,3054,448,3502,0.8720731011
_85+,Nebraska,31,7370,1096,8466,0.8705409875
_85+,Nevada,32,4481,945,5426,0.8258385551
_85+,"New Hampshire",33,5174,708,5882,0.879632778
_85+,"New Jersey",34,38784,6992,45776,0.8472562041
_85+,"New Mexico",35,3806,810,4616,0.8245233969
_85+,"New York",36,68697,13020,81717,0.8406696281
_85+,"North Carolina",37,32827,5702,38529,0.8520075787
_85+,"North Dakota",38,3450,408,3858,0.8942457232
_85+,Ohio,39,33635,5508,39143,0.8592851851
_85+,Oklahoma,40,9960,2095,12055,0.8262131895
_85+,Oregon,41,6835,1084,7919,0.8631140295
_85+,Pennsylvania,42,39524,6042,45566,0.8674011324
_85+,"Rhode Island",44,3042,409,3451,0.8814836279
_85+,"South Carolina",45,16096,3098,19194,0.8385953944
_85+,"South Dakota",46,3613,496,4109,0.8792893648
_85+,Tennessee,47,18969,3464,22433,0.8455846298
_85+,Texas,48,57990,13320,71310,0.8132099285
_85+,Utah,49,3232,560,3792,0.8523206751
_85+,Vermont,50,2655,314,2969,0.894240485
_85+,Virginia,51,23449,3904,27353,0.8572734252
_85+,Washington,53,15938,2552,18490,0.8619794484
_85+,"West Virginia",54,5323,969,6292,0.8459949142
_85+,Wisconsin,55,15148,1873,17021,0.8899594618
_85+,Wyoming,56,1517,281,1798,0.8437152392
