SEX_NAME,STATE_NAME,STATE_FIPS,COUNTY_NAME,COUNTY_FIPS,BENE_YES,BENE_NO,TOTAL_BENE,BENE_YES_PCT
Male,Alabama,1,"Autauga County",1001,453,91,544,0.8327205882
Male,Alabama,1,"Baldwin County",1003,2517,443,2960,0.8503378378
Male,Alabama,1,"Barbour County",1005,328,105,433,0.7575057737
Male,Alabama,1,"Bibb County",1007,238,70,308,0.7727272727
Male,Alabama,1,"Blount County",1009,707,141,848,0.8337264151
Male,Alabama,1,"Bullock County",1011,128,41,169,0.7573964497
Male,Alabama,1,"Butler County",1013,325,89,414,0.7850241546
Male,Alabama,1,"Calhoun County",1015,1427,323,1750,0.8154285714
Male,Alabama,1,"Chambers County",1017,519,128,647,0.8021638331
Male,Alabama,1,"Cherokee County",1019,497,137,634,0.7839116719
Male,Alabama,1,"Chilton County",1021,441,110,551,0.8003629764
Male,Alabama,1,"Choctaw County",1023,317,64,381,0.8320209974
Male,Alabama,1,"Clarke County",1025,397,118,515,0.7708737864
Male,Alabama,1,"Clay County",1027,248,59,307,0.8078175896
Male,Alabama,1,"Cleburne County",1029,239,53,292,0.8184931507
Male,Alabama,1,"Coffee County",1031,475,109,584,0.8133561644
Male,Alabama,1,"Colbert County",1033,877,238,1115,0.7865470852
Male,Alabama,1,"Conecuh County",1035,235,72,307,0.7654723127
Male,Alabama,1,"Coosa County",1037,205,68,273,0.7509157509
Male,Alabama,1,"Covington County",1039,623,177,800,0.77875
Male,Alabama,1,"Crenshaw County",1041,203,51,254,0.7992125984
Male,Alabama,1,"Cullman County",1043,1412,249,1661,0.850090307
Male,Alabama,1,"Dale County",1045,494,125,619,0.7980613893
Male,Alabama,1,"Dallas County",1047,573,231,804,0.7126865672
Male,Alabama,1,"DeKalb County",1049,1088,247,1335,0.8149812734
Male,Alabama,1,"Elmore County",1051,758,190,948,0.7995780591
Male,Alabama,1,"Escambia County",1053,585,151,736,0.7948369565
Male,Alabama,1,"Etowah County",1055,1650,386,2036,0.8104125737
Male,Alabama,1,"Fayette County",1057,303,74,377,0.8037135279
Male,Alabama,1,"Franklin County",1059,534,116,650,0.8215384615
Male,Alabama,1,"Geneva County",1061,395,110,505,0.7821782178
Male,Alabama,1,"Greene County",1063,95,41,136,0.6985294118
Male,Alabama,1,"Hale County",1065,255,77,332,0.7680722892
Male,Alabama,1,"Henry County",1067,290,63,353,0.821529745
Male,Alabama,1,"Houston County",1069,1334,319,1653,0.8070175439
Male,Alabama,1,"Jackson County",1071,1045,228,1273,0.8208955224
Male,Alabama,1,"Jefferson County",1073,5606,1261,6867,0.8163681375
Male,Alabama,1,"Lamar County",1075,295,73,368,0.8016304348
Male,Alabama,1,"Lauderdale County",1077,1564,291,1855,0.8431266846
Male,Alabama,1,"Lawrence County",1079,664,143,807,0.8228004957
Male,Alabama,1,"Lee County",1081,1292,343,1635,0.7902140673
Male,Alabama,1,"Limestone County",1083,1257,268,1525,0.8242622951
Male,Alabama,1,"Lowndes County",1085,132,41,173,0.7630057803
Male,Alabama,1,"Macon County",1087,181,49,230,0.7869565217
Male,Alabama,1,"Madison County",1089,3088,648,3736,0.8265524625
Male,Alabama,1,"Marengo County",1091,367,123,490,0.7489795918
Male,Alabama,1,"Marion County",1093,587,128,715,0.820979021
Male,Alabama,1,"Marshall County",1095,1523,309,1832,0.8313318777
Male,Alabama,1,"Mobile County",1097,3617,894,4511,0.8018177788
Male,Alabama,1,"Monroe County",1099,315,105,420,0.75
Male,Alabama,1,"Montgomery County",1101,1666,498,2164,0.76987061
Male,Alabama,1,"Morgan County",1103,2018,362,2380,0.8478991597
Male,Alabama,1,"Perry County",1105,178,64,242,0.7355371901
Male,Alabama,1,"Pickens County",1107,302,93,395,0.764556962
Male,Alabama,1,"Pike County",1109,335,85,420,0.7976190476
Male,Alabama,1,"Randolph County",1111,415,115,530,0.7830188679
Male,Alabama,1,"Russell County",1113,522,142,664,0.7861445783
Male,Alabama,1,"St. Clair County",1115,943,192,1135,0.8308370044
Male,Alabama,1,"Shelby County",1117,2044,371,2415,0.8463768116
Male,Alabama,1,"Sumter County",1119,177,60,237,0.746835443
Male,Alabama,1,"Talladega County",1121,1238,297,1535,0.806514658
Male,Alabama,1,"Tallapoosa County",1123,757,195,952,0.7951680672
Male,Alabama,1,"Tuscaloosa County",1125,2222,480,2702,0.822353812
Male,Alabama,1,"Walker County",1127,917,210,1127,0.8136645963
Male,Alabama,1,"Washington County",1129,305,77,382,0.7984293194
Male,Alabama,1,"Wilcox County",1131,210,59,269,0.780669145
Male,Alabama,1,"Winston County",1133,476,99,575,0.827826087
Male,Alabama,1,,1212,.,0,.,1
Male,Alabama,1,,1313,0,.,.,0
Male,Alabama,1,,1616,.,0,.,1
Male,Alabama,1,,1919,.,0,.,1
Male,Alabama,1,,1999,33,16,49,0.6734693878
Male,Alaska,2,"Aleutians East Borough",2013,.,.,.,0.7777777778
Male,Alaska,2,"Aleutians West Census Area",2016,.,.,.,0.75
Male,Alaska,2,"Anchorage Borough",2020,2314,416,2730,0.8476190476
Male,Alaska,2,"Bethel Census Area",2050,61,28,89,0.6853932584
Male,Alaska,2,"Bristol Bay Borough",2060,.,.,.,0.6
Male,Alaska,2,"Denali Borough (created after 1990)",2068,.,.,.,0.9545454545
Male,Alaska,2,"Dillingham Census Area",2070,.,.,.,0.6875
Male,Alaska,2,"Fairbanks North Star Borough",2090,714,130,844,0.845971564
Male,Alaska,2,"Haines Borough",2100,.,.,.,0.8823529412
Male,Alaska,2,,2105,.,.,.,0.8536585366
Male,Alaska,2,"Juneau Borough",2110,398,65,463,0.8596112311
Male,Alaska,2,"Kenai Peninsula Borough",2122,825,138,963,0.8566978193
Male,Alaska,2,"Ketchikan Gateway Borough",2130,206,32,238,0.8655462185
Male,Alaska,2,"Kodiak Island Borough",2150,83,21,104,0.7980769231
Male,Alaska,2,,2158,29,12,41,0.7073170732
Male,Alaska,2,"Lake and Peninsula Borough",2164,.,.,.,0.6
Male,Alaska,2,"Matanuska-Susitna Borough",2170,1027,185,1212,0.847359736
Male,Alaska,2,"Nome Census Area",2180,.,.,.,0.7878787879
Male,Alaska,2,"North Slope Borough",2185,.,.,.,0.8181818182
Male,Alaska,2,"Northwest Arctic Borough",2188,40,21,61,0.6557377049
Male,Alaska,2,,2195,.,.,.,0.8360655738
Male,Alaska,2,,2198,64,24,88,0.7272727273
Male,Alaska,2,"Prince of Wales-Outer Ketchikan Census Area",2201,.,0,.,1
Male,Alaska,2,"Sitka Borough",2220,99,24,123,0.8048780488
Male,Alaska,2,,2230,.,.,.,0.8333333333
Male,Alaska,2,"Southeast Fairbanks Census Area",2240,67,15,82,0.8170731707
Male,Alaska,2,"Valdez-Cordova Census Area",2261,90,17,107,0.8411214953
Male,Alaska,2,,2275,.,.,.,0.8548387097
Male,Alaska,2,"Wrangell-Petersburg Census Area",2280,.,0,.,1
Male,Alaska,2,"Yakutat Borough (created after 1990)",2282,.,.,.,0.8333333333
Male,Alaska,2,"Yukon-Koyukuk Census Area",2290,36,17,53,0.679245283
Male,Alaska,2,,2525,.,0,.,1
Male,Alaska,2,,2828,.,0,.,1
Male,Alaska,2,,2999,.,.,.,0.6923076923
Male,Arizona,4,"Apache County",4001,368,187,555,0.6630630631
Male,Arizona,4,"Cochise County",4003,1165,291,1456,0.8001373626
Male,Arizona,4,"Coconino County",4005,921,252,1173,0.7851662404
Male,Arizona,4,"Gila County",4007,1020,213,1233,0.8272506083
Male,Arizona,4,"Graham County",4009,285,63,348,0.8189655172
Male,Arizona,4,"Greenlee County",4011,77,11,88,0.875
Male,Arizona,4,"La Paz County",4012,278,67,345,0.8057971014
Male,Arizona,4,"Maricopa County",4013,32641,6200,38841,0.8403748616
Male,Arizona,4,"Mohave County",4015,4137,801,4938,0.8377885784
Male,Arizona,4,"Navajo County",4017,1099,331,1430,0.7685314685
Male,Arizona,4,"Pima County",4019,8211,1683,9894,0.8298969072
Male,Arizona,4,"Pinal County",4021,4106,810,4916,0.8352318959
Male,Arizona,4,"Santa Cruz County",4023,360,77,437,0.823798627
Male,Arizona,4,"Yavapai County",4025,3961,723,4684,0.8456447481
Male,Arizona,4,"Yuma County",4027,1965,525,2490,0.7891566265
Male,Arizona,4,,4040,.,0,.,1
Male,Arizona,4,,4141,.,0,.,1
Male,Arizona,4,,4545,.,0,.,1
Male,Arizona,4,,4848,.,0,.,1
Male,Arizona,4,,4999,67,12,79,0.8481012658
Male,Arkansas,5,"Arkansas County",5001,317,105,422,0.7511848341
Male,Arkansas,5,"Ashley County",5003,460,131,591,0.7783417936
Male,Arkansas,5,"Baxter County",5005,1062,219,1281,0.8290398126
Male,Arkansas,5,"Benton County",5007,2496,498,2994,0.8336673347
Male,Arkansas,5,"Boone County",5009,625,147,772,0.8095854922
Male,Arkansas,5,"Bradley County",5011,202,79,281,0.71886121
Male,Arkansas,5,"Calhoun County",5013,84,33,117,0.7179487179
Male,Arkansas,5,"Carroll County",5015,422,113,535,0.7887850467
Male,Arkansas,5,"Chicot County",5017,207,61,268,0.7723880597
Male,Arkansas,5,"Clark County",5019,289,60,349,0.8280802292
Male,Arkansas,5,"Clay County",5021,243,98,341,0.7126099707
Male,Arkansas,5,"Cleburne County",5023,593,119,712,0.8328651685
Male,Arkansas,5,"Cleveland County",5025,163,37,200,0.815
Male,Arkansas,5,"Columbia County",5027,343,116,459,0.7472766885
Male,Arkansas,5,"Conway County",5029,356,85,441,0.8072562358
Male,Arkansas,5,"Craighead County",5031,1158,287,1445,0.801384083
Male,Arkansas,5,"Crawford County",5033,790,193,983,0.8036622584
Male,Arkansas,5,"Crittenden County",5035,551,227,778,0.7082262211
Male,Arkansas,5,"Cross County",5037,259,89,348,0.7442528736
Male,Arkansas,5,"Dallas County",5039,138,36,174,0.7931034483
Male,Arkansas,5,"Desha County",5041,227,91,318,0.713836478
Male,Arkansas,5,"Drew County",5043,282,96,378,0.746031746
Male,Arkansas,5,"Faulkner County",5045,1234,253,1487,0.8298587761
Male,Arkansas,5,"Franklin County",5047,275,66,341,0.8064516129
Male,Arkansas,5,"Fulton County",5049,275,59,334,0.8233532934
Male,Arkansas,5,"Garland County",5051,1672,414,2086,0.8015340364
Male,Arkansas,5,"Grant County",5053,260,56,316,0.8227848101
Male,Arkansas,5,"Greene County",5055,620,137,757,0.8190224571
Male,Arkansas,5,"Hempstead County",5057,330,94,424,0.7783018868
Male,Arkansas,5,"Hot Spring County",5059,511,125,636,0.8034591195
Male,Arkansas,5,"Howard County",5061,230,70,300,0.7666666667
Male,Arkansas,5,"Independence County",5063,656,166,822,0.798053528
Male,Arkansas,5,"Izard County",5065,290,82,372,0.7795698925
Male,Arkansas,5,"Jackson County",5067,354,88,442,0.8009049774
Male,Arkansas,5,"Jefferson County",5069,803,291,1094,0.7340036563
Male,Arkansas,5,"Johnson County",5071,391,100,491,0.7963340122
Male,Arkansas,5,"Lafayette County",5073,121,40,161,0.751552795
Male,Arkansas,5,"Lawrence County",5075,304,79,383,0.7937336815
Male,Arkansas,5,"Lee County",5077,149,45,194,0.7680412371
Male,Arkansas,5,"Lincoln County",5079,183,70,253,0.7233201581
Male,Arkansas,5,"Little River County",5081,207,72,279,0.7419354839
Male,Arkansas,5,"Logan County",5083,423,73,496,0.8528225806
Male,Arkansas,5,"Lonoke County",5085,842,174,1016,0.8287401575
Male,Arkansas,5,"Madison County",5087,242,53,295,0.8203389831
Male,Arkansas,5,"Marion County",5089,319,82,401,0.7955112219
Male,Arkansas,5,"Miller County",5091,559,154,713,0.7840112202
Male,Arkansas,5,"Mississippi County",5093,556,155,711,0.7819971871
Male,Arkansas,5,"Monroe County",5095,175,42,217,0.8064516129
Male,Arkansas,5,"Montgomery County",5097,165,28,193,0.8549222798
Male,Arkansas,5,"Nevada County",5099,183,49,232,0.7887931034
Male,Arkansas,5,"Newton County",5101,134,29,163,0.8220858896
Male,Arkansas,5,"Ouachita County",5103,347,112,459,0.7559912854
Male,Arkansas,5,"Perry County",5105,184,47,231,0.7965367965
Male,Arkansas,5,"Phillips County",5107,285,86,371,0.7681940701
Male,Arkansas,5,"Pike County",5109,194,59,253,0.766798419
Male,Arkansas,5,"Poinsett County",5111,453,127,580,0.7810344828
Male,Arkansas,5,"Polk County",5113,350,89,439,0.7972665148
Male,Arkansas,5,"Pope County",5115,940,185,1125,0.8355555556
Male,Arkansas,5,"Prairie County",5117,198,61,259,0.7644787645
Male,Arkansas,5,"Pulaski County",5119,3995,1092,5087,0.7853351681
Male,Arkansas,5,"Randolph County",5121,301,106,407,0.7395577396
Male,Arkansas,5,"St. Francis County",5123,364,108,472,0.7711864407
Male,Arkansas,5,"Saline County",5125,1708,386,2094,0.8156638013
Male,Arkansas,5,"Scott County",5127,150,41,191,0.7853403141
Male,Arkansas,5,"Searcy County",5129,156,31,187,0.8342245989
Male,Arkansas,5,"Sebastian County",5131,1612,383,1995,0.8080200501
Male,Arkansas,5,"Sevier County",5133,198,67,265,0.7471698113
Male,Arkansas,5,"Sharp County",5135,412,103,515,0.8
Male,Arkansas,5,"Stone County",5137,323,94,417,0.7745803357
Male,Arkansas,5,"Union County",5139,636,208,844,0.7535545024
Male,Arkansas,5,"Van Buren County",5141,352,67,419,0.8400954654
Male,Arkansas,5,"Washington County",5143,1958,383,2341,0.8363947031
Male,Arkansas,5,"White County",5145,1469,286,1755,0.837037037
Male,Arkansas,5,"Woodruff County",5147,169,50,219,0.7716894977
Male,Arkansas,5,"Yell County",5149,309,89,398,0.7763819095
Male,Arkansas,5,,5555,.,0,.,1
Male,Arkansas,5,,5999,.,.,.,0.7619047619
Male,California,6,"Alameda County",6001,8785,1822,10607,0.8282266428
Male,California,6,"Alpine County",6003,.,.,.,0.9166666667
Male,California,6,"Amador County",6005,767,125,892,0.8598654709
Male,California,6,"Butte County",6007,2840,716,3556,0.7986501687
Male,California,6,"Calaveras County",6009,923,173,1096,0.8421532847
Male,California,6,"Colusa County",6011,274,61,335,0.8179104478
Male,California,6,"Contra Costa County",6013,6941,1393,8334,0.8328533717
Male,California,6,"Del Norte County",6015,492,87,579,0.8497409326
Male,California,6,"El Dorado County",6017,2188,383,2571,0.8510307273
Male,California,6,"Fresno County",6019,7958,1987,9945,0.8002011061
Male,California,6,"Glenn County",6021,403,98,501,0.8043912176
Male,California,6,"Humboldt County",6023,1633,330,1963,0.8318899643
Male,California,6,"Imperial County",6025,2145,642,2787,0.7696447793
Male,California,6,"Inyo County",6027,290,68,358,0.8100558659
Male,California,6,"Kern County",6029,5428,1496,6924,0.7839399191
Male,California,6,"Kings County",6031,1090,283,1373,0.7938820102
Male,California,6,"Lake County",6033,1084,340,1424,0.7612359551
Male,California,6,"Lassen County",6035,277,67,344,0.8052325581
Male,California,6,"Los Angeles County",6037,58990,13698,72688,0.8115507374
Male,California,6,"Madera County",6039,1388,317,1705,0.8140762463
Male,California,6,"Marin County",6041,2160,446,2606,0.828856485
Male,California,6,"Mariposa County",6043,283,79,362,0.7817679558
Male,California,6,"Mendocino County",6045,1172,281,1453,0.80660702
Male,California,6,"Merced County",6047,2345,623,2968,0.7900943396
Male,California,6,"Modoc County",6049,167,22,189,0.8835978836
Male,California,6,"Mono County",6051,88,22,110,0.8
Male,California,6,"Monterey County",6053,3673,816,4489,0.8182223212
Male,California,6,"Napa County",6055,1361,280,1641,0.8293723339
Male,California,6,"Nevada County",6057,1508,317,1825,0.8263013699
Male,California,6,"Orange County",6059,20995,3959,24954,0.8413480805
Male,California,6,"Placer County",6061,3407,583,3990,0.8538847118
Male,California,6,"Plumas County",6063,382,79,461,0.8286334056
Male,California,6,"Riverside County",6065,13210,2901,16111,0.8199366892
Male,California,6,"Sacramento County",6067,9237,2162,11399,0.8103342398
Male,California,6,"San Benito County",6069,502,122,624,0.8044871795
Male,California,6,"San Bernardino County",6071,9424,2375,11799,0.7987117552
Male,California,6,"San Diego County",6073,17321,3943,21264,0.814569225
Male,California,6,"San Francisco County",6075,5981,1197,7178,0.833240457
Male,California,6,"San Joaquin County",6077,5577,1298,6875,0.8112
Male,California,6,"San Luis Obispo County",6079,3939,667,4606,0.8551888841
Male,California,6,"San Mateo County",6081,4386,841,5227,0.8391046489
Male,California,6,"Santa Barbara County",6083,3840,800,4640,0.8275862069
Male,California,6,"Santa Clara County",6085,11887,2154,14041,0.8465921231
Male,California,6,"Santa Cruz County",6087,2662,583,3245,0.8203389831
Male,California,6,"Shasta County",6089,2724,565,3289,0.828215263
Male,California,6,"Sierra County",6091,.,.,.,0.8510638298
Male,California,6,"Siskiyou County",6093,799,161,960,0.8322916667
Male,California,6,"Solano County",6095,2593,564,3157,0.8213493823
Male,California,6,"Sonoma County",6097,3488,773,4261,0.8185871861
Male,California,6,"Stanislaus County",6099,4057,1059,5116,0.7930023456
Male,California,6,"Sutter County",6101,1202,285,1487,0.8083389375
Male,California,6,"Tehama County",6103,974,219,1193,0.8164291702
Male,California,6,"Trinity County",6105,214,30,244,0.8770491803
Male,California,6,"Tulare County",6107,4064,1038,5102,0.7965503724
Male,California,6,"Tuolumne County",6109,865,201,1066,0.8114446529
Male,California,6,"Ventura County",6111,7126,1500,8626,0.826107118
Male,California,6,"Yolo County",6113,1377,257,1634,0.8427172583
Male,California,6,"Yuba County",6115,744,204,948,0.7848101266
Male,California,6,,6999,135,41,176,0.7670454545
Male,Colorado,8,"Adams County",8001,1790,415,2205,0.8117913832
Male,Colorado,8,"Alamosa County",8003,117,30,147,0.7959183673
Male,Colorado,8,"Arapahoe County",8005,2891,607,3498,0.8264722699
Male,Colorado,8,"Archuleta County",8007,162,34,196,0.8265306122
Male,Colorado,8,"Baca County",8009,76,18,94,0.8085106383
Male,Colorado,8,"Bent County",8011,51,12,63,0.8095238095
Male,Colorado,8,"Boulder County",8013,1884,369,2253,0.8362183755
Male,Colorado,8,,8014,352,64,416,0.8461538462
Male,Colorado,8,"Chaffee County",8015,263,56,319,0.8244514107
Male,Colorado,8,"Cheyenne County",8017,.,.,.,0.7307692308
Male,Colorado,8,"Clear Creek County",8019,63,15,78,0.8076923077
Male,Colorado,8,"Conejos County",8021,80,20,100,0.8
Male,Colorado,8,"Costilla County",8023,32,14,46,0.6956521739
Male,Colorado,8,"Crowley County",8025,49,13,62,0.7903225806
Male,Colorado,8,"Custer County",8027,70,13,83,0.843373494
Male,Colorado,8,"Delta County",8029,399,59,458,0.8711790393
Male,Colorado,8,"Denver County",8031,2549,678,3227,0.7898977378
Male,Colorado,8,"Dolores County",8033,.,.,.,0.7419354839
Male,Colorado,8,"Douglas County",8035,1813,336,2149,0.8436482085
Male,Colorado,8,"Eagle County",8037,247,48,295,0.8372881356
Male,Colorado,8,"Elbert County",8039,217,48,265,0.8188679245
Male,Colorado,8,"El Paso County",8041,3451,628,4079,0.8460406962
Male,Colorado,8,"Fremont County",8043,531,111,642,0.8271028037
Male,Colorado,8,"Garfield County",8045,376,76,452,0.8318584071
Male,Colorado,8,"Gilpin County",8047,.,.,.,0.8529411765
Male,Colorado,8,"Grand County",8049,105,22,127,0.8267716535
Male,Colorado,8,"Gunnison County",8051,111,22,133,0.8345864662
Male,Colorado,8,"Hinsdale County",8053,.,.,.,0.8666666667
Male,Colorado,8,"Huerfano County",8055,103,34,137,0.7518248175
Male,Colorado,8,"Jackson County",8057,.,.,.,0.6666666667
Male,Colorado,8,"Jefferson County",8059,3028,566,3594,0.8425153033
Male,Colorado,8,"Kiowa County",8061,.,.,.,0.8275862069
Male,Colorado,8,"Kit Carson County",8063,97,22,119,0.8151260504
Male,Colorado,8,"Lake County",8065,.,.,.,0.8333333333
Male,Colorado,8,"La Plata County",8067,520,89,609,0.8538587849
Male,Colorado,8,"Larimer County",8069,2904,472,3376,0.8601895735
Male,Colorado,8,"Las Animas County",8071,171,50,221,0.7737556561
Male,Colorado,8,"Lincoln County",8073,60,14,74,0.8108108108
Male,Colorado,8,"Logan County",8075,270,56,326,0.8282208589
Male,Colorado,8,"Mesa County",8077,1328,239,1567,0.8474792597
Male,Colorado,8,"Mineral County",8079,.,.,.,0.7368421053
Male,Colorado,8,"Moffat County",8081,109,24,133,0.8195488722
Male,Colorado,8,"Montezuma County",8083,323,66,389,0.8303341902
Male,Colorado,8,"Montrose County",8085,536,107,643,0.833592535
Male,Colorado,8,"Morgan County",8087,372,76,448,0.8303571429
Male,Colorado,8,"Otero County",8089,235,60,295,0.7966101695
Male,Colorado,8,"Ouray County",8091,.,.,.,0.8591549296
Male,Colorado,8,"Park County",8093,164,34,198,0.8282828283
Male,Colorado,8,"Phillips County",8095,83,15,98,0.8469387755
Male,Colorado,8,"Pitkin County",8097,130,30,160,0.8125
Male,Colorado,8,"Prowers County",8099,177,40,217,0.8156682028
Male,Colorado,8,"Pueblo County",8101,1700,362,2062,0.824442289
Male,Colorado,8,"Rio Blanco County",8103,65,12,77,0.8441558442
Male,Colorado,8,"Rio Grande County",8105,148,38,186,0.7956989247
Male,Colorado,8,"Routt County",8107,203,33,236,0.8601694915
Male,Colorado,8,"Saguache County",8109,51,23,74,0.6891891892
Male,Colorado,8,"San Juan County",8111,.,.,.,0.875
Male,Colorado,8,"San Miguel County",8113,.,.,.,0.8064516129
Male,Colorado,8,"Sedgwick County",8115,36,15,51,0.7058823529
Male,Colorado,8,"Summit County",8117,148,20,168,0.880952381
Male,Colorado,8,"Teller County",8119,245,36,281,0.871886121
Male,Colorado,8,"Washington County",8121,83,19,102,0.8137254902
Male,Colorado,8,"Weld County",8123,2324,425,2749,0.8453983267
Male,Colorado,8,"Yuma County",8125,170,32,202,0.8415841584
Male,Colorado,8,,8999,.,.,.,0.8461538462
Male,Connecticut,9,"Fairfield County",9001,10408,1809,12217,0.8519276418
Male,Connecticut,9,"Hartford County",9003,10644,1661,12305,0.8650142219
Male,Connecticut,9,"Litchfield County",9005,2930,484,3414,0.8582308143
Male,Connecticut,9,"Middlesex County",9007,2451,354,2805,0.8737967914
Male,Connecticut,9,"New Haven County",9009,10561,1752,12313,0.857711362
Male,Connecticut,9,"New London County",9011,4141,600,4741,0.873444421
Male,Connecticut,9,"Tolland County",9013,2033,251,2284,0.8901050788
Male,Connecticut,9,"Windham County",9015,1865,246,2111,0.8834675509
Male,Connecticut,9,,9999,13,0,13,1
Male,Delaware,10,"Kent County",10001,3217,533,3750,0.8578666667
Male,Delaware,10,"New Castle County",10003,7546,1275,8821,0.8554585648
Male,Delaware,10,"Sussex County",10005,6723,1086,7809,0.8609296965
Male,Delaware,10,,10011,.,0,.,1
Male,Delaware,10,,10019,.,0,.,1
Male,Delaware,10,,10999,.,.,.,0.7
Male,"District of Columbia",11,"District of Columbia",11001,3342,1033,4375,0.7638857143
Male,"District of Columbia",11,,11999,.,.,.,0.8
Male,Florida,12,"Alachua County",12001,1781,400,2181,0.8165978909
Male,Florida,12,"Baker County",12003,264,73,337,0.7833827893
Male,Florida,12,"Bay County",12005,2214,486,2700,0.82
Male,Florida,12,"Bradford County",12007,317,78,395,0.8025316456
Male,Florida,12,"Brevard County",12009,7363,1400,8763,0.8402373616
Male,Florida,12,"Broward County",12011,12764,2759,15523,0.8222637377
Male,Florida,12,"Calhoun County",12013,192,36,228,0.8421052632
Male,Florida,12,"Charlotte County",12015,4923,802,5725,0.8599126638
Male,Florida,12,"Citrus County",12017,3739,693,4432,0.8436371841
Male,Florida,12,"Clay County",12019,1975,415,2390,0.8263598326
Male,Florida,12,"Collier County",12021,7649,1250,8899,0.8595347792
Male,Florida,12,"Columbia County",12023,756,175,931,0.8120300752
Male,Florida,12,"DeSoto County",12027,531,102,633,0.8388625592
Male,Florida,12,"Dixie County",12029,229,61,290,0.7896551724
Male,Florida,12,"Duval County",12031,7602,1892,9494,0.8007162418
Male,Florida,12,"Escambia County",12033,2843,691,3534,0.8044708546
Male,Florida,12,"Flagler County",12035,1957,363,2320,0.8435344828
Male,Florida,12,"Franklin County",12037,191,38,229,0.8340611354
Male,Florida,12,"Gadsden County",12039,344,110,454,0.7577092511
Male,Florida,12,"Gilchrist County",12041,216,33,249,0.8674698795
Male,Florida,12,"Glades County",12043,185,37,222,0.8333333333
Male,Florida,12,"Gulf County",12045,314,73,387,0.811369509
Male,Florida,12,"Hamilton County",12047,176,39,215,0.8186046512
Male,Florida,12,"Hardee County",12049,321,87,408,0.7867647059
Male,Florida,12,"Hendry County",12051,396,100,496,0.7983870968
Male,Florida,12,"Hernando County",12053,3112,519,3631,0.8570641697
Male,Florida,12,"Highlands County",12055,2245,457,2702,0.8308660252
Male,Florida,12,"Hillsborough County",12057,9957,2147,12104,0.8226206213
Male,Florida,12,"Holmes County",12059,280,70,350,0.8
Male,Florida,12,"Indian River County",12061,3562,648,4210,0.8460807601
Male,Florida,12,"Jackson County",12063,644,130,774,0.8320413437
Male,Florida,12,"Jefferson County",12065,145,30,175,0.8285714286
Male,Florida,12,"Lafayette County",12067,89,26,115,0.7739130435
Male,Florida,12,"Lake County",12069,6473,1197,7670,0.8439374185
Male,Florida,12,"Lee County",12071,13969,2341,16310,0.8564684243
Male,Florida,12,"Leon County",12073,1300,333,1633,0.7960808328
Male,Florida,12,"Levy County",12075,646,158,804,0.8034825871
Male,Florida,12,"Liberty County",12077,90,16,106,0.8490566038
Male,Florida,12,"Madison County",12079,270,65,335,0.8059701493
Male,Florida,12,"Manatee County",12081,5993,1039,7032,0.8522468714
Male,Florida,12,"Marion County",12083,6773,1289,8062,0.8401141156
Male,Florida,12,"Martin County",12085,2861,479,3340,0.8565868263
Male,Florida,12,,12086,16727,3709,20436,0.8185065571
Male,Florida,12,"Monroe County",12087,1197,221,1418,0.8441466855
Male,Florida,12,"Nassau County",12089,1280,269,1549,0.8263395739
Male,Florida,12,"Okaloosa County",12091,1465,380,1845,0.7940379404
Male,Florida,12,"Okeechobee County",12093,541,148,689,0.7851959361
Male,Florida,12,"Orange County",12095,7901,1791,9692,0.8152084193
Male,Florida,12,"Osceola County",12097,2257,509,2766,0.8159797542
Male,Florida,12,"Palm Beach County",12099,18708,3633,22341,0.8373841815
Male,Florida,12,"Pasco County",12101,6247,1073,7320,0.8534153005
Male,Florida,12,"Pinellas County",12103,11143,2121,13264,0.8400934861
Male,Florida,12,"Polk County",12105,8063,1612,9675,0.8333850129
Male,Florida,12,"Putnam County",12107,1081,267,1348,0.8019287834
Male,Florida,12,"St. Johns County",12109,3642,650,4292,0.848555452
Male,Florida,12,"St. Lucie County",12111,4613,879,5492,0.8399490168
Male,Florida,12,"Santa Rosa County",12113,1635,341,1976,0.8274291498
Male,Florida,12,"Sarasota County",12115,10396,1637,12033,0.8639574503
Male,Florida,12,"Seminole County",12117,3884,801,4685,0.8290288154
Male,Florida,12,"Sumter County",12119,5350,782,6132,0.8724722766
Male,Florida,12,"Suwannee County",12121,647,155,802,0.8067331671
Male,Florida,12,"Taylor County",12123,318,70,388,0.8195876289
Male,Florida,12,"Union County",12125,103,21,124,0.8306451613
Male,Florida,12,"Volusia County",12127,6786,1337,8123,0.8354056383
Male,Florida,12,"Wakulla County",12129,196,48,244,0.8032786885
Male,Florida,12,"Walton County",12131,980,205,1185,0.8270042194
Male,Florida,12,"Washington County",12133,381,83,464,0.8211206897
Male,Florida,12,,12999,183,52,235,0.7787234043
Male,Georgia,13,"Appling County",13001,222,70,292,0.7602739726
Male,Georgia,13,"Atkinson County",13003,114,34,148,0.7702702703
Male,Georgia,13,"Bacon County",13005,170,35,205,0.8292682927
Male,Georgia,13,"Baker County",13007,45,11,56,0.8035714286
Male,Georgia,13,"Baldwin County",13009,404,124,528,0.7651515152
Male,Georgia,13,"Banks County",13011,255,47,302,0.8443708609
Male,Georgia,13,"Barrow County",13013,760,139,899,0.8453837597
Male,Georgia,13,"Bartow County",13015,1287,296,1583,0.813013266
Male,Georgia,13,"Ben Hill County",13017,247,61,308,0.8019480519
Male,Georgia,13,"Berrien County",13019,199,64,263,0.7566539924
Male,Georgia,13,"Bibb County",13021,1445,453,1898,0.7613277134
Male,Georgia,13,"Bleckley County",13023,145,40,185,0.7837837838
Male,Georgia,13,"Brantley County",13025,222,80,302,0.7350993377
Male,Georgia,13,"Brooks County",13027,229,91,320,0.715625
Male,Georgia,13,"Bryan County",13029,259,51,310,0.835483871
Male,Georgia,13,"Bulloch County",13031,665,194,859,0.7741559953
Male,Georgia,13,"Burke County",13033,251,66,317,0.7917981073
Male,Georgia,13,"Butts County",13035,245,63,308,0.7954545455
Male,Georgia,13,"Calhoun County",13037,56,12,68,0.8235294118
Male,Georgia,13,"Camden County",13039,411,100,511,0.8043052838
Male,Georgia,13,"Candler County",13043,130,30,160,0.8125
Male,Georgia,13,"Carroll County",13045,1306,264,1570,0.8318471338
Male,Georgia,13,"Catoosa County",13047,862,167,1029,0.8377065112
Male,Georgia,13,"Charlton County",13049,139,32,171,0.8128654971
Male,Georgia,13,"Chatham County",13051,1972,488,2460,0.8016260163
Male,Georgia,13,"Chattahoochee County",13053,.,.,.,0.7777777778
Male,Georgia,13,"Chattooga County",13055,414,108,522,0.7931034483
Male,Georgia,13,"Cherokee County",13057,2376,449,2825,0.8410619469
Male,Georgia,13,"Clarke County",13059,878,208,1086,0.8084714549
Male,Georgia,13,"Clay County",13061,35,18,53,0.6603773585
Male,Georgia,13,"Clayton County",13063,1213,411,1624,0.7469211823
Male,Georgia,13,"Clinch County",13065,112,36,148,0.7567567568
Male,Georgia,13,"Cobb County",13067,5262,1025,6287,0.8369651662
Male,Georgia,13,"Coffee County",13069,574,165,739,0.7767253045
Male,Georgia,13,"Colquitt County",13071,606,179,785,0.7719745223
Male,Georgia,13,"Columbia County",13073,996,202,1198,0.8313856427
Male,Georgia,13,"Cook County",13075,212,57,269,0.7881040892
Male,Georgia,13,"Coweta County",13077,1233,264,1497,0.8236472946
Male,Georgia,13,"Crawford County",13079,157,38,195,0.8051282051
Male,Georgia,13,"Crisp County",13081,209,74,283,0.7385159011
Male,Georgia,13,"Dade County",13083,223,49,272,0.8198529412
Male,Georgia,13,"Dawson County",13085,385,71,456,0.8442982456
Male,Georgia,13,"Decatur County",13087,383,93,476,0.8046218487
Male,Georgia,13,"DeKalb County",13089,3713,972,4685,0.792529349
Male,Georgia,13,"Dodge County",13091,263,74,337,0.7804154303
Male,Georgia,13,"Dooly County",13093,119,40,159,0.748427673
Male,Georgia,13,"Dougherty County",13095,768,274,1042,0.7370441459
Male,Georgia,13,"Douglas County",13097,1018,227,1245,0.8176706827
Male,Georgia,13,"Early County",13099,186,29,215,0.8651162791
Male,Georgia,13,"Echols County",13101,.,.,.,0.8965517241
Male,Georgia,13,"Effingham County",13103,500,105,605,0.826446281
Male,Georgia,13,"Elbert County",13105,308,78,386,0.7979274611
Male,Georgia,13,"Emanuel County",13107,251,98,349,0.7191977077
Male,Georgia,13,"Evans County",13109,129,28,157,0.821656051
Male,Georgia,13,"Fannin County",13111,569,128,697,0.8163558106
Male,Georgia,13,"Fayette County",13113,1072,212,1284,0.8348909657
Male,Georgia,13,"Floyd County",13115,1401,396,1797,0.7796327212
Male,Georgia,13,"Forsyth County",13117,1934,343,2277,0.8493631972
Male,Georgia,13,"Franklin County",13119,368,89,457,0.8052516411
Male,Georgia,13,"Fulton County",13121,5661,1506,7167,0.7898702386
Male,Georgia,13,"Gilmer County",13123,588,134,722,0.8144044321
Male,Georgia,13,"Glascock County",13125,29,14,43,0.6744186047
Male,Georgia,13,"Glynn County",13127,953,225,1178,0.8089983022
Male,Georgia,13,"Gordon County",13129,768,194,962,0.7983367983
Male,Georgia,13,"Grady County",13131,304,83,387,0.7855297158
Male,Georgia,13,"Greene County",13133,384,89,473,0.8118393235
Male,Georgia,13,"Gwinnett County",13135,4803,1066,5869,0.8183676947
Male,Georgia,13,"Habersham County",13137,673,137,810,0.8308641975
Male,Georgia,13,"Hall County",13139,2353,514,2867,0.8207185211
Male,Georgia,13,"Hancock County",13141,126,43,169,0.7455621302
Male,Georgia,13,"Haralson County",13143,423,120,543,0.7790055249
Male,Georgia,13,"Harris County",13145,352,97,449,0.7839643653
Male,Georgia,13,"Hart County",13147,408,109,517,0.7891682785
Male,Georgia,13,"Heard County",13149,145,40,185,0.7837837838
Male,Georgia,13,"Henry County",13151,1550,374,1924,0.8056133056
Male,Georgia,13,"Houston County",13153,828,271,1099,0.7534121929
Male,Georgia,13,"Irwin County",13155,145,35,180,0.8055555556
Male,Georgia,13,"Jackson County",13157,900,171,1071,0.8403361345
Male,Georgia,13,"Jasper County",13159,179,49,228,0.7850877193
Male,Georgia,13,"Jeff Davis County",13161,179,60,239,0.7489539749
Male,Georgia,13,"Jefferson County",13163,234,92,326,0.717791411
Male,Georgia,13,"Jenkins County",13165,115,40,155,0.7419354839
Male,Georgia,13,"Johnson County",13167,136,37,173,0.7861271676
Male,Georgia,13,"Jones County",13169,315,82,397,0.7934508816
Male,Georgia,13,"Lamar County",13171,209,47,256,0.81640625
Male,Georgia,13,"Lanier County",13173,149,28,177,0.8418079096
Male,Georgia,13,"Laurens County",13175,576,180,756,0.7619047619
Male,Georgia,13,"Lee County",13177,250,58,308,0.8116883117
Male,Georgia,13,"Liberty County",13179,205,63,268,0.7649253731
Male,Georgia,13,"Lincoln County",13181,118,27,145,0.8137931034
Male,Georgia,13,"Long County",13183,76,24,100,0.76
Male,Georgia,13,"Lowndes County",13185,1003,277,1280,0.78359375
Male,Georgia,13,"Lumpkin County",13187,480,101,581,0.82616179
Male,Georgia,13,"McDuffie County",13189,250,69,319,0.7836990596
Male,Georgia,13,"McIntosh County",13191,176,41,217,0.8110599078
Male,Georgia,13,"Macon County",13193,157,43,200,0.785
Male,Georgia,13,"Madison County",13195,423,95,518,0.8166023166
Male,Georgia,13,"Marion County",13197,86,26,112,0.7678571429
Male,Georgia,13,"Meriwether County",13199,303,72,375,0.808
Male,Georgia,13,"Miller County",13201,86,24,110,0.7818181818
Male,Georgia,13,"Mitchell County",13205,263,78,341,0.7712609971
Male,Georgia,13,"Monroe County",13207,346,90,436,0.7935779817
Male,Georgia,13,"Montgomery County",13209,115,32,147,0.7823129252
Male,Georgia,13,"Morgan County",13211,295,66,361,0.8171745152
Male,Georgia,13,"Murray County",13213,607,162,769,0.789336801
Male,Georgia,13,"Muscogee County",13215,1294,371,1665,0.7771771772
Male,Georgia,13,"Newton County",13217,955,236,1191,0.8018471872
Male,Georgia,13,"Oconee County",13219,422,75,497,0.8490945674
Male,Georgia,13,"Oglethorpe County",13221,220,36,256,0.859375
Male,Georgia,13,"Paulding County",13223,1298,264,1562,0.8309859155
Male,Georgia,13,"Peach County",13225,284,86,370,0.7675675676
Male,Georgia,13,"Pickens County",13227,702,140,842,0.8337292162
Male,Georgia,13,"Pierce County",13229,306,92,398,0.7688442211
Male,Georgia,13,"Pike County",13231,166,53,219,0.7579908676
Male,Georgia,13,"Polk County",13233,583,190,773,0.7542043984
Male,Georgia,13,"Pulaski County",13235,109,43,152,0.7171052632
Male,Georgia,13,"Putnam County",13237,410,88,498,0.8232931727
Male,Georgia,13,"Quitman County",13239,36,11,47,0.7659574468
Male,Georgia,13,"Rabun County",13241,401,91,492,0.8150406504
Male,Georgia,13,"Randolph County",13243,86,24,110,0.7818181818
Male,Georgia,13,"Richmond County",13245,1408,398,1806,0.7796234773
Male,Georgia,13,"Rockdale County",13247,770,187,957,0.8045977011
Male,Georgia,13,"Schley County",13249,42,16,58,0.724137931
Male,Georgia,13,"Screven County",13251,192,50,242,0.7933884298
Male,Georgia,13,"Seminole County",13253,142,38,180,0.7888888889
Male,Georgia,13,"Spalding County",13255,745,225,970,0.7680412371
Male,Georgia,13,"Stephens County",13257,453,144,597,0.7587939698
Male,Georgia,13,"Stewart County",13259,70,22,92,0.7608695652
Male,Georgia,13,"Sumter County",13261,366,98,464,0.7887931034
Male,Georgia,13,"Talbot County",13263,99,25,124,0.7983870968
Male,Georgia,13,"Taliaferro County",13265,.,.,.,0.8214285714
Male,Georgia,13,"Tattnall County",13267,194,52,246,0.7886178862
Male,Georgia,13,"Taylor County",13269,93,45,138,0.6739130435
Male,Georgia,13,"Telfair County",13271,147,54,201,0.7313432836
Male,Georgia,13,"Terrell County",13273,109,29,138,0.7898550725
Male,Georgia,13,"Thomas County",13275,571,161,732,0.7800546448
Male,Georgia,13,"Tift County",13277,382,130,512,0.74609375
Male,Georgia,13,"Toombs County",13279,269,83,352,0.7642045455
Male,Georgia,13,"Towns County",13281,329,54,383,0.8590078329
Male,Georgia,13,"Treutlen County",13283,99,28,127,0.7795275591
Male,Georgia,13,"Troup County",13285,764,195,959,0.7966631908
Male,Georgia,13,"Turner County",13287,83,34,117,0.7094017094
Male,Georgia,13,"Twiggs County",13289,123,50,173,0.710982659
Male,Georgia,13,"Union County",13291,589,115,704,0.8366477273
Male,Georgia,13,"Upson County",13293,358,101,459,0.779956427
Male,Georgia,13,"Walker County",13295,953,210,1163,0.8194325021
Male,Georgia,13,"Walton County",13297,1121,220,1341,0.8359433259
Male,Georgia,13,"Ware County",13299,549,146,695,0.7899280576
Male,Georgia,13,"Warren County",13301,96,16,112,0.8571428571
Male,Georgia,13,"Washington County",13303,243,53,296,0.8209459459
Male,Georgia,13,"Wayne County",13305,355,97,452,0.7853982301
Male,Georgia,13,"Webster County",13307,.,.,.,0.8
Male,Georgia,13,"Wheeler County",13309,71,17,88,0.8068181818
Male,Georgia,13,"White County",13311,539,117,656,0.8216463415
Male,Georgia,13,"Whitfield County",13313,1132,311,1443,0.7844767845
Male,Georgia,13,"Wilcox County",13315,107,35,142,0.7535211268
Male,Georgia,13,"Wilkes County",13317,188,46,234,0.8034188034
Male,Georgia,13,"Wilkinson County",13319,160,44,204,0.7843137255
Male,Georgia,13,"Worth County",13321,249,65,314,0.7929936306
Male,Georgia,13,,13999,63,13,76,0.8289473684
Male,Hawaii,15,"Hawaii County",15001,2030,432,2462,0.8245329001
Male,Hawaii,15,"Honolulu County",15003,5244,1023,6267,0.8367640019
Male,Hawaii,15,"Kauai County",15007,638,134,772,0.8264248705
Male,Hawaii,15,"Maui County",15009,983,241,1224,0.8031045752
Male,Hawaii,15,,15999,.,.,.,0.75
Male,Idaho,16,"Ada County",16001,2764,424,3188,0.8670012547
Male,Idaho,16,"Adams County",16003,64,17,81,0.7901234568
Male,Idaho,16,"Bannock County",16005,669,155,824,0.8118932039
Male,Idaho,16,"Bear Lake County",16007,96,15,111,0.8648648649
Male,Idaho,16,"Benewah County",16009,164,25,189,0.8677248677
Male,Idaho,16,"Bingham County",16011,387,102,489,0.7914110429
Male,Idaho,16,"Blaine County",16013,241,51,292,0.8253424658
Male,Idaho,16,"Boise County",16015,.,.,.,0.8965517241
Male,Idaho,16,"Bonner County",16017,559,124,683,0.8184480234
Male,Idaho,16,"Bonneville County",16019,953,245,1198,0.7954924875
Male,Idaho,16,"Boundary County",16021,130,30,160,0.8125
Male,Idaho,16,"Butte County",16023,.,.,.,0.8431372549
Male,Idaho,16,"Camas County",16025,.,.,.,0.8666666667
Male,Idaho,16,"Canyon County",16027,1513,294,1807,0.8372993913
Male,Idaho,16,"Caribou County",16029,103,17,120,0.8583333333
Male,Idaho,16,"Cassia County",16031,202,50,252,0.8015873016
Male,Idaho,16,"Clark County",16033,.,0,.,1
Male,Idaho,16,"Clearwater County",16035,152,36,188,0.8085106383
Male,Idaho,16,"Custer County",16037,79,14,93,0.8494623656
Male,Idaho,16,"Elmore County",16039,184,33,217,0.8479262673
Male,Idaho,16,"Franklin County",16041,158,39,197,0.8020304569
Male,Idaho,16,"Fremont County",16043,142,30,172,0.8255813953
Male,Idaho,16,"Gem County",16045,184,26,210,0.8761904762
Male,Idaho,16,"Gooding County",16047,176,50,226,0.7787610619
Male,Idaho,16,"Idaho County",16049,266,53,319,0.8338557994
Male,Idaho,16,"Jefferson County",16051,202,63,265,0.7622641509
Male,Idaho,16,"Jerome County",16053,173,46,219,0.7899543379
Male,Idaho,16,"Kootenai County",16055,1839,325,2164,0.8498151571
Male,Idaho,16,"Latah County",16057,331,62,393,0.8422391858
Male,Idaho,16,"Lemhi County",16059,145,24,169,0.8579881657
Male,Idaho,16,"Lewis County",16061,85,24,109,0.7798165138
Male,Idaho,16,"Lincoln County",16063,.,.,.,0.7959183673
Male,Idaho,16,"Madison County",16065,196,44,240,0.8166666667
Male,Idaho,16,"Minidoka County",16067,187,43,230,0.8130434783
Male,Idaho,16,"Nez Perce County",16069,560,122,682,0.8211143695
Male,Idaho,16,"Oneida County",16071,53,17,70,0.7571428571
Male,Idaho,16,"Owyhee County",16073,84,23,107,0.785046729
Male,Idaho,16,"Payette County",16075,312,42,354,0.8813559322
Male,Idaho,16,"Power County",16077,104,13,117,0.8888888889
Male,Idaho,16,"Shoshone County",16079,264,62,326,0.8098159509
Male,Idaho,16,"Teton County",16081,73,12,85,0.8588235294
Male,Idaho,16,"Twin Falls County",16083,870,151,1021,0.8521057786
Male,Idaho,16,"Valley County",16085,127,23,150,0.8466666667
Male,Idaho,16,"Washington County",16087,152,44,196,0.7755102041
Male,Idaho,16,,16999,.,.,.,0.7777777778
Male,Illinois,17,"Adams County",17001,1385,207,1592,0.8699748744
Male,Illinois,17,"Alexander County",17003,121,31,152,0.7960526316
Male,Illinois,17,"Bond County",17005,404,60,464,0.8706896552
Male,Illinois,17,"Boone County",17007,792,110,902,0.8780487805
Male,Illinois,17,"Brown County",17009,103,18,121,0.8512396694
Male,Illinois,17,"Bureau County",17011,723,105,828,0.8731884058
Male,Illinois,17,"Calhoun County",17013,149,24,173,0.8612716763
Male,Illinois,17,"Carroll County",17015,390,50,440,0.8863636364
Male,Illinois,17,"Cass County",17017,255,46,301,0.8471760797
Male,Illinois,17,"Champaign County",17019,1950,296,2246,0.8682101514
Male,Illinois,17,"Christian County",17021,714,119,833,0.8571428571
Male,Illinois,17,"Clark County",17023,370,59,429,0.8624708625
Male,Illinois,17,"Clay County",17025,364,41,405,0.8987654321
Male,Illinois,17,"Clinton County",17027,729,95,824,0.8847087379
Male,Illinois,17,"Coles County",17029,993,140,1133,0.8764342454
Male,Illinois,17,"Cook County",17031,53614,11136,64750,0.828015444
Male,Illinois,17,"Crawford County",17033,492,77,569,0.8646748682
Male,Illinois,17,"Cumberland County",17035,270,20,290,0.9310344828
Male,Illinois,17,"DeKalb County",17037,1333,204,1537,0.8672739102
Male,Illinois,17,"De Witt County",17039,344,33,377,0.9124668435
Male,Illinois,17,"Douglas County",17041,360,58,418,0.8612440191
Male,Illinois,17,"DuPage County",17043,12367,1818,14185,0.871836447
Male,Illinois,17,"Edgar County",17045,473,85,558,0.8476702509
Male,Illinois,17,"Edwards County",17047,133,17,150,0.8866666667
Male,Illinois,17,"Effingham County",17049,796,112,908,0.8766519824
Male,Illinois,17,"Fayette County",17051,431,65,496,0.8689516129
Male,Illinois,17,"Ford County",17053,248,56,304,0.8157894737
Male,Illinois,17,"Franklin County",17055,830,136,966,0.8592132505
Male,Illinois,17,"Fulton County",17057,605,78,683,0.8857979502
Male,Illinois,17,"Gallatin County",17059,118,21,139,0.8489208633
Male,Illinois,17,"Greene County",17061,343,66,409,0.8386308068
Male,Illinois,17,"Grundy County",17063,715,117,832,0.859375
Male,Illinois,17,"Hamilton County",17065,204,20,224,0.9107142857
Male,Illinois,17,"Hancock County",17067,455,66,521,0.8733205374
Male,Illinois,17,"Hardin County",17069,102,17,119,0.8571428571
Male,Illinois,17,"Henderson County",17071,153,26,179,0.8547486034
Male,Illinois,17,"Henry County",17073,1081,117,1198,0.9023372287
Male,Illinois,17,"Iroquois County",17075,693,98,791,0.8761061947
Male,Illinois,17,"Jackson County",17077,807,175,982,0.8217922607
Male,Illinois,17,"Jasper County",17079,233,34,267,0.872659176
Male,Illinois,17,"Jefferson County",17081,810,143,953,0.8499475341
Male,Illinois,17,"Jersey County",17083,536,98,634,0.8454258675
Male,Illinois,17,"Jo Daviess County",17085,391,59,450,0.8688888889
Male,Illinois,17,"Johnson County",17087,270,50,320,0.84375
Male,Illinois,17,"Kane County",17089,6702,1026,7728,0.8672360248
Male,Illinois,17,"Kankakee County",17091,1941,320,2261,0.8584697037
Male,Illinois,17,"Kendall County",17093,1251,191,1442,0.8675450763
Male,Illinois,17,"Knox County",17095,968,136,1104,0.8768115942
Male,Illinois,17,"Lake County",17097,8896,1436,10332,0.8610143244
Male,Illinois,17,"La Salle County",17099,2133,304,2437,0.8752564629
Male,Illinois,17,"Lawrence County",17101,282,50,332,0.8493975904
Male,Illinois,17,"Lee County",17103,759,130,889,0.853768279
Male,Illinois,17,"Livingston County",17105,737,110,847,0.8701298701
Male,Illinois,17,"Logan County",17107,611,85,696,0.8778735632
Male,Illinois,17,"McDonough County",17109,534,86,620,0.8612903226
Male,Illinois,17,"McHenry County",17111,5004,752,5756,0.8693537179
Male,Illinois,17,"McLean County",17113,2300,295,2595,0.8863198459
Male,Illinois,17,"Macon County",17115,2464,439,2903,0.8487771271
Male,Illinois,17,"Macoupin County",17117,1124,167,1291,0.8706429125
Male,Illinois,17,"Madison County",17119,4055,705,4760,0.8518907563
Male,Illinois,17,"Marion County",17121,928,203,1131,0.8205128205
Male,Illinois,17,"Marshall County",17123,230,33,263,0.8745247148
Male,Illinois,17,"Mason County",17125,306,41,347,0.8818443804
Male,Illinois,17,"Massac County",17127,326,59,385,0.8467532468
Male,Illinois,17,"Menard County",17129,260,52,312,0.8333333333
Male,Illinois,17,"Mercer County",17131,335,49,384,0.8723958333
Male,Illinois,17,"Monroe County",17133,537,87,624,0.8605769231
Male,Illinois,17,"Montgomery County",17135,691,112,803,0.8605230386
Male,Illinois,17,"Morgan County",17137,776,134,910,0.8527472527
Male,Illinois,17,"Moultrie County",17139,330,55,385,0.8571428571
Male,Illinois,17,"Ogle County",17141,996,124,1120,0.8892857143
Male,Illinois,17,"Peoria County",17143,2491,403,2894,0.8607463718
Male,Illinois,17,"Perry County",17145,362,63,425,0.8517647059
Male,Illinois,17,"Piatt County",17147,312,37,349,0.893982808
Male,Illinois,17,"Pike County",17149,375,66,441,0.8503401361
Male,Illinois,17,"Pope County",17151,100,13,113,0.8849557522
Male,Illinois,17,"Pulaski County",17153,113,28,141,0.8014184397
Male,Illinois,17,"Putnam County",17155,138,14,152,0.9078947368
Male,Illinois,17,"Randolph County",17157,620,121,741,0.8367071525
Male,Illinois,17,"Richland County",17159,386,59,445,0.8674157303
Male,Illinois,17,"Rock Island County",17161,2479,373,2852,0.8692145863
Male,Illinois,17,"St. Clair County",17163,3023,634,3657,0.8266338529
Male,Illinois,17,"Saline County",17165,504,102,606,0.8316831683
Male,Illinois,17,"Sangamon County",17167,3580,645,4225,0.8473372781
Male,Illinois,17,"Schuyler County",17169,186,32,218,0.8532110092
Male,Illinois,17,"Scott County",17171,113,20,133,0.8496240602
Male,Illinois,17,"Shelby County",17173,588,78,666,0.8828828829
Male,Illinois,17,"Stark County",17175,99,16,115,0.8608695652
Male,Illinois,17,"Stephenson County",17177,841,132,973,0.8643371017
Male,Illinois,17,"Tazewell County",17179,2133,281,2414,0.8835956918
Male,Illinois,17,"Union County",17181,410,60,470,0.8723404255
Male,Illinois,17,"Vermilion County",17183,1329,243,1572,0.8454198473
Male,Illinois,17,"Wabash County",17185,255,43,298,0.855704698
Male,Illinois,17,"Warren County",17187,372,55,427,0.8711943794
Male,Illinois,17,"Washington County",17189,335,52,387,0.8656330749
Male,Illinois,17,"Wayne County",17191,389,70,459,0.8474945534
Male,Illinois,17,"White County",17193,311,61,372,0.8360215054
Male,Illinois,17,"Whiteside County",17195,1325,198,1523,0.869993434
Male,Illinois,17,"Will County",17197,8137,1320,9457,0.8604208523
Male,Illinois,17,"Williamson County",17199,1236,263,1499,0.8245496998
Male,Illinois,17,"Winnebago County",17201,4454,707,5161,0.8630110444
Male,Illinois,17,"Woodford County",17203,689,95,784,0.8788265306
Male,Illinois,17,,17999,64,17,81,0.7901234568
Male,Indiana,18,"Adams County",18001,517,47,564,0.9166666667
Male,Indiana,18,"Allen County",18003,3728,656,4384,0.8503649635
Male,Indiana,18,"Bartholomew County",18005,1305,195,1500,0.87
Male,Indiana,18,"Benton County",18007,154,30,184,0.8369565217
Male,Indiana,18,"Blackford County",18009,270,29,299,0.9030100334
Male,Indiana,18,"Boone County",18011,878,140,1018,0.862475442
Male,Indiana,18,"Brown County",18013,296,41,337,0.8783382789
Male,Indiana,18,"Carroll County",18015,383,62,445,0.8606741573
Male,Indiana,18,"Cass County",18017,701,99,800,0.87625
Male,Indiana,18,"Clark County",18019,1581,332,1913,0.8264506012
Male,Indiana,18,"Clay County",18021,542,114,656,0.8262195122
Male,Indiana,18,"Clinton County",18023,582,81,663,0.8778280543
Male,Indiana,18,"Crawford County",18025,194,31,225,0.8622222222
Male,Indiana,18,"Daviess County",18027,429,85,514,0.8346303502
Male,Indiana,18,"Dearborn County",18029,789,131,920,0.8576086957
Male,Indiana,18,"Decatur County",18031,486,62,548,0.8868613139
Male,Indiana,18,"De Kalb County",18033,535,92,627,0.8532695375
Male,Indiana,18,"Delaware County",18035,2042,378,2420,0.8438016529
Male,Indiana,18,"Dubois County",18037,810,86,896,0.9040178571
Male,Indiana,18,"Elkhart County",18039,2176,371,2547,0.8543384374
Male,Indiana,18,"Fayette County",18041,645,103,748,0.8622994652
Male,Indiana,18,"Floyd County",18043,1154,223,1377,0.83805374
Male,Indiana,18,"Fountain County",18045,386,62,448,0.8616071429
Male,Indiana,18,"Franklin County",18047,367,64,431,0.8515081206
Male,Indiana,18,"Fulton County",18049,353,60,413,0.8547215496
Male,Indiana,18,"Gibson County",18051,548,83,631,0.8684627575
Male,Indiana,18,"Grant County",18053,1271,220,1491,0.8524480215
Male,Indiana,18,"Greene County",18055,585,100,685,0.8540145985
Male,Indiana,18,"Hamilton County",18057,3320,464,3784,0.8773784355
Male,Indiana,18,"Hancock County",18059,1120,149,1269,0.8825847124
Male,Indiana,18,"Harrison County",18061,662,126,788,0.8401015228
Male,Indiana,18,"Hendricks County",18063,1999,306,2305,0.8672451193
Male,Indiana,18,"Henry County",18065,1085,160,1245,0.8714859438
Male,Indiana,18,"Howard County",18067,1714,273,1987,0.8626069451
Male,Indiana,18,"Huntington County",18069,500,78,578,0.8650519031
Male,Indiana,18,"Jackson County",18071,780,103,883,0.8833522084
Male,Indiana,18,"Jasper County",18073,656,89,745,0.8805369128
Male,Indiana,18,"Jay County",18075,359,55,414,0.8671497585
Male,Indiana,18,"Jefferson County",18077,604,115,719,0.8400556328
Male,Indiana,18,"Jennings County",18079,526,85,611,0.8608837971
Male,Indiana,18,"Johnson County",18081,2166,313,2479,0.8737394111
Male,Indiana,18,"Knox County",18083,696,107,803,0.8667496887
Male,Indiana,18,"Kosciusko County",18085,1081,162,1243,0.8696701529
Male,Indiana,18,"Lagrange County",18087,358,55,413,0.8668280872
Male,Indiana,18,"Lake County",18089,7539,1512,9051,0.8329466357
Male,Indiana,18,"La Porte County",18091,2018,356,2374,0.850042123
Male,Indiana,18,"Lawrence County",18093,858,160,1018,0.8428290766
Male,Indiana,18,"Madison County",18095,2544,395,2939,0.8656005444
Male,Indiana,18,"Marion County",18097,8909,1836,10745,0.8291298278
Male,Indiana,18,"Marshall County",18099,680,89,769,0.8842652796
Male,Indiana,18,"Martin County",18101,156,21,177,0.8813559322
Male,Indiana,18,"Miami County",18103,619,96,715,0.8657342657
Male,Indiana,18,"Monroe County",18105,1467,248,1715,0.855393586
Male,Indiana,18,"Montgomery County",18107,628,99,727,0.863823934
Male,Indiana,18,"Morgan County",18109,1216,210,1426,0.8527349229
Male,Indiana,18,"Newton County",18111,263,40,303,0.8679867987
Male,Indiana,18,"Noble County",18113,603,87,690,0.8739130435
Male,Indiana,18,"Ohio County",18115,108,23,131,0.8244274809
Male,Indiana,18,"Orange County",18117,434,60,494,0.8785425101
Male,Indiana,18,"Owen County",18119,383,77,460,0.8326086957
Male,Indiana,18,"Parke County",18121,382,60,442,0.8642533937
Male,Indiana,18,"Perry County",18123,373,61,434,0.8594470046
Male,Indiana,18,"Pike County",18125,263,35,298,0.8825503356
Male,Indiana,18,"Porter County",18127,2851,445,3296,0.8649878641
Male,Indiana,18,"Posey County",18129,503,71,574,0.8763066202
Male,Indiana,18,"Pulaski County",18131,309,47,356,0.8679775281
Male,Indiana,18,"Putnam County",18133,671,127,798,0.8408521303
Male,Indiana,18,"Randolph County",18135,541,92,633,0.8546603476
Male,Indiana,18,"Ripley County",18137,496,75,571,0.8686514886
Male,Indiana,18,"Rush County",18139,323,53,376,0.8590425532
Male,Indiana,18,"St. Joseph County",18141,3024,476,3500,0.864
Male,Indiana,18,"Scott County",18143,476,125,601,0.7920133111
Male,Indiana,18,"Shelby County",18145,783,133,916,0.8548034934
Male,Indiana,18,"Spencer County",18147,380,68,448,0.8482142857
Male,Indiana,18,"Starke County",18149,546,78,624,0.875
Male,Indiana,18,"Steuben County",18151,586,75,661,0.8865355522
Male,Indiana,18,"Sullivan County",18153,440,83,523,0.8413001912
Male,Indiana,18,"Switzerland County",18155,176,27,203,0.8669950739
Male,Indiana,18,"Tippecanoe County",18157,1891,281,2172,0.870626151
Male,Indiana,18,"Tipton County",18159,376,51,427,0.8805620609
Male,Indiana,18,"Union County",18161,161,18,179,0.8994413408
Male,Indiana,18,"Vanderburgh County",18163,2574,462,3036,0.847826087
Male,Indiana,18,"Vermillion County",18165,399,73,472,0.8453389831
Male,Indiana,18,"Vigo County",18167,2014,437,2451,0.8217054264
Male,Indiana,18,"Wabash County",18169,525,91,616,0.8522727273
Male,Indiana,18,"Warren County",18171,171,34,205,0.8341463415
Male,Indiana,18,"Warrick County",18173,957,151,1108,0.8637184116
Male,Indiana,18,"Washington County",18175,514,88,602,0.853820598
Male,Indiana,18,"Wayne County",18177,1346,258,1604,0.8391521197
Male,Indiana,18,"Wells County",18179,388,55,443,0.8758465011
Male,Indiana,18,"White County",18181,533,86,619,0.8610662359
Male,Indiana,18,"Whitley County",18183,393,63,456,0.8618421053
Male,Indiana,18,,18999,.,.,.,0.8695652174
Male,Iowa,19,"Adair County",19001,180,24,204,0.8823529412
Male,Iowa,19,"Adams County",19003,.,.,.,0.9722222222
Male,Iowa,19,"Allamakee County",19005,345,41,386,0.8937823834
Male,Iowa,19,"Appanoose County",19007,300,62,362,0.8287292818
Male,Iowa,19,"Audubon County",19009,182,18,200,0.91
Male,Iowa,19,"Benton County",19011,500,65,565,0.8849557522
Male,Iowa,19,"Black Hawk County",19013,2377,339,2716,0.8751840943
Male,Iowa,19,"Boone County",19015,490,67,557,0.8797127469
Male,Iowa,19,"Bremer County",19017,562,68,630,0.8920634921
Male,Iowa,19,"Buchanan County",19019,454,62,516,0.8798449612
Male,Iowa,19,"Buena Vista County",19021,286,37,323,0.8854489164
Male,Iowa,19,"Butler County",19023,408,53,461,0.885032538
Male,Iowa,19,"Calhoun County",19025,246,35,281,0.8754448399
Male,Iowa,19,"Carroll County",19027,502,49,551,0.9110707804
Male,Iowa,19,"Cass County",19029,374,32,406,0.921182266
Male,Iowa,19,"Cedar County",19031,306,54,360,0.85
Male,Iowa,19,"Cerro Gordo County",19033,1003,144,1147,0.8744551003
Male,Iowa,19,"Cherokee County",19035,260,26,286,0.9090909091
Male,Iowa,19,"Chickasaw County",19037,273,36,309,0.8834951456
Male,Iowa,19,"Clarke County",19039,180,32,212,0.8490566038
Male,Iowa,19,"Clay County",19041,387,43,430,0.9
Male,Iowa,19,"Clayton County",19043,413,50,463,0.8920086393
Male,Iowa,19,"Clinton County",19045,1002,143,1145,0.8751091703
Male,Iowa,19,"Crawford County",19047,350,42,392,0.8928571429
Male,Iowa,19,"Dallas County",19049,928,127,1055,0.8796208531
Male,Iowa,19,"Davis County",19051,149,30,179,0.8324022346
Male,Iowa,19,"Decatur County",19053,158,19,177,0.8926553672
Male,Iowa,19,"Delaware County",19055,354,60,414,0.8550724638
Male,Iowa,19,"Des Moines County",19057,909,105,1014,0.8964497041
Male,Iowa,19,"Dickinson County",19059,496,52,548,0.9051094891
Male,Iowa,19,"Dubuque County",19061,1181,171,1352,0.8735207101
Male,Iowa,19,"Emmet County",19063,250,29,279,0.8960573477
Male,Iowa,19,"Fayette County",19065,506,71,577,0.87694974
Male,Iowa,19,"Floyd County",19067,383,50,433,0.8845265589
Male,Iowa,19,"Franklin County",19069,258,31,289,0.892733564
Male,Iowa,19,"Fremont County",19071,185,34,219,0.8447488584
Male,Iowa,19,"Greene County",19073,214,29,243,0.8806584362
Male,Iowa,19,"Grundy County",19075,299,50,349,0.8567335244
Male,Iowa,19,"Guthrie County",19077,246,34,280,0.8785714286
Male,Iowa,19,"Hamilton County",19079,350,38,388,0.9020618557
Male,Iowa,19,"Hancock County",19081,311,29,340,0.9147058824
Male,Iowa,19,"Hardin County",19083,402,44,446,0.9013452915
Male,Iowa,19,"Harrison County",19085,301,45,346,0.8699421965
Male,Iowa,19,"Henry County",19087,428,61,489,0.8752556237
Male,Iowa,19,"Howard County",19089,236,19,255,0.9254901961
Male,Iowa,19,"Humboldt County",19091,220,24,244,0.9016393443
Male,Iowa,19,"Ida County",19093,125,21,146,0.8561643836
Male,Iowa,19,"Iowa County",19095,324,32,356,0.9101123596
Male,Iowa,19,"Jackson County",19097,399,63,462,0.8636363636
Male,Iowa,19,"Jasper County",19099,687,100,787,0.872935197
Male,Iowa,19,"Jefferson County",19101,323,55,378,0.8544973545
Male,Iowa,19,"Johnson County",19103,1335,166,1501,0.889407062
Male,Iowa,19,"Jones County",19105,450,55,505,0.8910891089
Male,Iowa,19,"Keokuk County",19107,227,31,258,0.8798449612
Male,Iowa,19,"Kossuth County",19109,378,34,412,0.9174757282
Male,Iowa,19,"Lee County",19111,836,117,953,0.8772298006
Male,Iowa,19,"Linn County",19113,3355,428,3783,0.8868622786
Male,Iowa,19,"Louisa County",19115,205,25,230,0.8913043478
Male,Iowa,19,"Lucas County",19117,203,23,226,0.8982300885
Male,Iowa,19,"Lyon County",19119,217,34,251,0.8645418327
Male,Iowa,19,"Madison County",19121,232,41,273,0.8498168498
Male,Iowa,19,"Mahaska County",19123,393,64,457,0.8599562363
Male,Iowa,19,"Marion County",19125,575,85,660,0.8712121212
Male,Iowa,19,"Marshall County",19127,819,89,908,0.9019823789
Male,Iowa,19,"Mills County",19129,285,44,329,0.8662613982
Male,Iowa,19,"Mitchell County",19131,240,30,270,0.8888888889
Male,Iowa,19,"Monona County",19133,209,31,240,0.8708333333
Male,Iowa,19,"Monroe County",19135,172,26,198,0.8686868687
Male,Iowa,19,"Montgomery County",19137,287,38,325,0.8830769231
Male,Iowa,19,"Muscatine County",19139,718,104,822,0.8734793187
Male,Iowa,19,O,19141,327,32,359,0.9108635097
Male,Iowa,19,"Osceola County",19143,123,14,137,0.897810219
Male,Iowa,19,"Page County",19145,424,64,488,0.868852459
Male,Iowa,19,"Palo Alto County",19147,250,22,272,0.9191176471
Male,Iowa,19,"Plymouth County",19149,455,58,513,0.8869395712
Male,Iowa,19,"Pocahontas County",19151,178,24,202,0.8811881188
Male,Iowa,19,"Polk County",19153,5225,763,5988,0.8725784903
Male,Iowa,19,"Pottawattamie County",19155,1466,229,1695,0.8648967552
Male,Iowa,19,"Poweshiek County",19157,418,34,452,0.9247787611
Male,Iowa,19,"Ringgold County",19159,122,14,136,0.8970588235
Male,Iowa,19,"Sac County",19161,234,44,278,0.8417266187
Male,Iowa,19,"Scott County",19163,2373,327,2700,0.8788888889
Male,Iowa,19,"Shelby County",19165,318,41,359,0.8857938719
Male,Iowa,19,"Sioux County",19167,591,62,653,0.9050535988
Male,Iowa,19,"Story County",19169,1191,129,1320,0.9022727273
Male,Iowa,19,"Tama County",19171,343,45,388,0.8840206186
Male,Iowa,19,"Taylor County",19173,149,29,178,0.8370786517
Male,Iowa,19,"Union County",19175,248,39,287,0.8641114983
Male,Iowa,19,"Van Buren County",19177,167,25,192,0.8697916667
Male,Iowa,19,"Wapello County",19179,676,132,808,0.8366336634
Male,Iowa,19,"Warren County",19181,735,103,838,0.8770883055
Male,Iowa,19,"Washington County",19183,425,79,504,0.8432539683
Male,Iowa,19,"Wayne County",19185,140,19,159,0.8805031447
Male,Iowa,19,"Webster County",19187,743,100,843,0.881376038
Male,Iowa,19,"Winnebago County",19189,257,28,285,0.901754386
Male,Iowa,19,"Winneshiek County",19191,434,67,501,0.8662674651
Male,Iowa,19,"Woodbury County",19193,1405,231,1636,0.858801956
Male,Iowa,19,"Worth County",19195,191,29,220,0.8681818182
Male,Iowa,19,"Wright County",19197,314,31,345,0.9101449275
Male,Iowa,19,,19999,.,.,.,0.75
Male,Kansas,20,"Allen County",20001,251,45,296,0.847972973
Male,Kansas,20,"Anderson County",20003,164,25,189,0.8677248677
Male,Kansas,20,"Atchison County",20005,283,45,328,0.862804878
Male,Kansas,20,"Barber County",20007,103,23,126,0.8174603175
Male,Kansas,20,"Barton County",20009,444,104,548,0.8102189781
Male,Kansas,20,"Bourbon County",20011,224,39,263,0.8517110266
Male,Kansas,20,"Brown County",20013,190,28,218,0.871559633
Male,Kansas,20,"Butler County",20015,857,148,1005,0.8527363184
Male,Kansas,20,"Chase County",20017,.,.,.,0.8870967742
Male,Kansas,20,"Chautauqua County",20019,85,15,100,0.85
Male,Kansas,20,"Cherokee County",20021,366,86,452,0.8097345133
Male,Kansas,20,"Cheyenne County",20023,65,18,83,0.7831325301
Male,Kansas,20,"Clark County",20025,.,.,.,0.8269230769
Male,Kansas,20,"Clay County",20027,150,23,173,0.8670520231
Male,Kansas,20,"Cloud County",20029,192,43,235,0.8170212766
Male,Kansas,20,"Coffey County",20031,169,45,214,0.7897196262
Male,Kansas,20,"Comanche County",20033,.,.,.,0.8518518519
Male,Kansas,20,"Cowley County",20035,548,122,670,0.8179104478
Male,Kansas,20,"Crawford County",20037,651,119,770,0.8454545455
Male,Kansas,20,"Decatur County",20039,69,14,83,0.8313253012
Male,Kansas,20,"Dickinson County",20041,328,50,378,0.8677248677
Male,Kansas,20,"Doniphan County",20043,154,29,183,0.8415300546
Male,Kansas,20,"Douglas County",20045,1119,189,1308,0.8555045872
Male,Kansas,20,"Edwards County",20047,64,17,81,0.7901234568
Male,Kansas,20,"Elk County",20049,61,11,72,0.8472222222
Male,Kansas,20,"Ellis County",20051,459,54,513,0.8947368421
Male,Kansas,20,"Ellsworth County",20053,113,31,144,0.7847222222
Male,Kansas,20,"Finney County",20055,295,70,365,0.8082191781
Male,Kansas,20,"Ford County",20057,333,46,379,0.8786279683
Male,Kansas,20,"Franklin County",20059,367,67,434,0.8456221198
Male,Kansas,20,"Geary County",20061,135,30,165,0.8181818182
Male,Kansas,20,"Gove County",20063,54,19,73,0.7397260274
Male,Kansas,20,"Graham County",20065,54,12,66,0.8181818182
Male,Kansas,20,"Grant County",20067,89,19,108,0.8240740741
Male,Kansas,20,"Gray County",20069,89,19,108,0.8240740741
Male,Kansas,20,"Greeley County",20071,.,.,.,0.9696969697
Male,Kansas,20,"Greenwood County",20073,140,32,172,0.8139534884
Male,Kansas,20,"Hamilton County",20075,.,.,.,0.8055555556
Male,Kansas,20,"Harper County",20077,119,29,148,0.8040540541
Male,Kansas,20,"Harvey County",20079,585,107,692,0.8453757225
Male,Kansas,20,"Haskell County",20081,.,.,.,0.8620689655
Male,Kansas,20,"Hodgeman County",20083,.,.,.,0.84
Male,Kansas,20,"Jackson County",20085,208,46,254,0.8188976378
Male,Kansas,20,"Jefferson County",20087,328,53,381,0.8608923885
Male,Kansas,20,"Jewell County",20089,81,14,95,0.8526315789
Male,Kansas,20,"Johnson County",20091,5425,865,6290,0.8624801272
Male,Kansas,20,"Kearny County",20093,.,.,.,0.8771929825
Male,Kansas,20,"Kingman County",20095,166,24,190,0.8736842105
Male,Kansas,20,"Kiowa County",20097,39,12,51,0.7647058824
Male,Kansas,20,"Labette County",20099,311,59,370,0.8405405405
Male,Kansas,20,"Lane County",20101,.,.,.,0.8095238095
Male,Kansas,20,"Leavenworth County",20103,716,123,839,0.8533969011
Male,Kansas,20,"Lincoln County",20105,96,14,110,0.8727272727
Male,Kansas,20,"Linn County",20107,185,39,224,0.8258928571
Male,Kansas,20,"Logan County",20109,59,17,76,0.7763157895
Male,Kansas,20,"Lyon County",20111,523,94,617,0.847649919
Male,Kansas,20,"McPherson County",20113,506,99,605,0.8363636364
Male,Kansas,20,"Marion County",20115,256,45,301,0.8504983389
Male,Kansas,20,"Marshall County",20117,223,40,263,0.8479087452
Male,Kansas,20,"Meade County",20119,.,.,.,0.8245614035
Male,Kansas,20,"Miami County",20121,494,92,586,0.843003413
Male,Kansas,20,"Mitchell County",20123,185,32,217,0.8525345622
Male,Kansas,20,"Montgomery County",20125,602,122,724,0.8314917127
Male,Kansas,20,"Morris County",20127,126,17,143,0.8811188811
Male,Kansas,20,"Morton County",20129,60,11,71,0.8450704225
Male,Kansas,20,"Nemaha County",20131,189,32,221,0.8552036199
Male,Kansas,20,"Neosho County",20133,295,55,350,0.8428571429
Male,Kansas,20,"Ness County",20135,70,20,90,0.7777777778
Male,Kansas,20,"Norton County",20137,92,23,115,0.8
Male,Kansas,20,"Osage County",20139,303,49,352,0.8607954545
Male,Kansas,20,"Osborne County",20141,89,22,111,0.8018018018
Male,Kansas,20,"Ottawa County",20143,118,20,138,0.8550724638
Male,Kansas,20,"Pawnee County",20145,116,22,138,0.8405797101
Male,Kansas,20,"Phillips County",20147,143,28,171,0.8362573099
Male,Kansas,20,"Pottawatomie County",20149,313,63,376,0.8324468085
Male,Kansas,20,"Pratt County",20151,168,32,200,0.84
Male,Kansas,20,"Rawlins County",20153,61,15,76,0.8026315789
Male,Kansas,20,"Reno County",20155,1040,191,1231,0.8448415922
Male,Kansas,20,"Republic County",20157,159,15,174,0.9137931034
Male,Kansas,20,"Rice County",20159,150,41,191,0.7853403141
Male,Kansas,20,"Riley County",20161,493,70,563,0.8756660746
Male,Kansas,20,"Rooks County",20163,130,15,145,0.8965517241
Male,Kansas,20,"Rush County",20165,88,17,105,0.8380952381
Male,Kansas,20,"Russell County",20167,176,28,204,0.862745098
Male,Kansas,20,"Saline County",20169,909,157,1066,0.8527204503
Male,Kansas,20,"Scott County",20171,88,16,104,0.8461538462
Male,Kansas,20,"Sedgwick County",20173,5430,1124,6554,0.8285016784
Male,Kansas,20,"Seward County",20175,152,48,200,0.76
Male,Kansas,20,"Shawnee County",20177,2786,487,3273,0.8512068439
Male,Kansas,20,"Sheridan County",20179,51,14,65,0.7846153846
Male,Kansas,20,"Sherman County",20181,85,35,120,0.7083333333
Male,Kansas,20,"Smith County",20183,112,20,132,0.8484848485
Male,Kansas,20,"Stafford County",20185,81,16,97,0.8350515464
Male,Kansas,20,"Stanton County",20187,.,.,.,0.8518518519
Male,Kansas,20,"Stevens County",20189,81,13,94,0.8617021277
Male,Kansas,20,"Sumner County",20191,357,72,429,0.8321678322
Male,Kansas,20,"Thomas County",20193,139,18,157,0.8853503185
Male,Kansas,20,"Trego County",20195,.,.,.,0.88
Male,Kansas,20,"Wabaunsee County",20197,131,20,151,0.8675496689
Male,Kansas,20,"Wallace County",20199,.,.,.,0.8837209302
Male,Kansas,20,"Washington County",20201,125,21,146,0.8561643836
Male,Kansas,20,"Wichita County",20203,.,.,.,0.7959183673
Male,Kansas,20,"Wilson County",20205,177,41,218,0.8119266055
Male,Kansas,20,"Woodson County",20207,.,.,.,0.8888888889
Male,Kansas,20,"Wyandotte County",20209,1296,317,1613,0.8034717917
Male,Kansas,20,,20999,.,.,.,0.7222222222
Male,Kentucky,21,"Adair County",21001,409,75,484,0.8450413223
Male,Kentucky,21,"Allen County",21003,413,101,514,0.8035019455
Male,Kentucky,21,"Anderson County",21005,285,60,345,0.8260869565
Male,Kentucky,21,"Ballard County",21007,184,40,224,0.8214285714
Male,Kentucky,21,"Barren County",21009,852,187,1039,0.8200192493
Male,Kentucky,21,"Bath County",21011,214,47,261,0.8199233716
Male,Kentucky,21,"Bell County",21013,628,176,804,0.7810945274
Male,Kentucky,21,"Boone County",21015,1147,210,1357,0.8452468681
Male,Kentucky,21,"Bourbon County",21017,315,62,377,0.8355437666
Male,Kentucky,21,"Boyd County",21019,951,222,1173,0.810741688
Male,Kentucky,21,"Boyle County",21021,468,97,565,0.8283185841
Male,Kentucky,21,"Bracken County",21023,148,21,169,0.875739645
Male,Kentucky,21,"Breathitt County",21025,324,56,380,0.8526315789
Male,Kentucky,21,"Breckinridge County",21027,393,78,471,0.8343949045
Male,Kentucky,21,"Bullitt County",21029,1178,186,1364,0.8636363636
Male,Kentucky,21,"Butler County",21031,242,70,312,0.7756410256
Male,Kentucky,21,"Caldwell County",21033,234,39,273,0.8571428571
Male,Kentucky,21,"Calloway County",21035,651,132,783,0.8314176245
Male,Kentucky,21,"Campbell County",21037,969,181,1150,0.8426086957
Male,Kentucky,21,"Carlisle County",21039,108,25,133,0.8120300752
Male,Kentucky,21,"Carroll County",21041,164,48,212,0.7735849057
Male,Kentucky,21,"Carter County",21043,601,146,747,0.8045515395
Male,Kentucky,21,"Casey County",21045,338,55,393,0.8600508906
Male,Kentucky,21,"Christian County",21047,694,208,902,0.7694013304
Male,Kentucky,21,"Clark County",21049,485,96,581,0.834767642
Male,Kentucky,21,"Clay County",21051,513,115,628,0.8168789809
Male,Kentucky,21,"Clinton County",21053,219,66,285,0.7684210526
Male,Kentucky,21,"Crittenden County",21055,192,26,218,0.880733945
Male,Kentucky,21,"Cumberland County",21057,157,46,203,0.7733990148
Male,Kentucky,21,"Daviess County",21059,1679,356,2035,0.8250614251
Male,Kentucky,21,"Edmonson County",21061,288,58,346,0.8323699422
Male,Kentucky,21,"Elliott County",21063,128,31,159,0.8050314465
Male,Kentucky,21,"Estill County",21065,294,76,370,0.7945945946
Male,Kentucky,21,"Fayette County",21067,2538,600,3138,0.8087954111
Male,Kentucky,21,"Fleming County",21069,275,59,334,0.8233532934
Male,Kentucky,21,"Floyd County",21071,978,237,1215,0.8049382716
Male,Kentucky,21,"Franklin County",21073,966,175,1141,0.8466257669
Male,Kentucky,21,"Fulton County",21075,145,32,177,0.8192090395
Male,Kentucky,21,"Gallatin County",21077,113,31,144,0.7847222222
Male,Kentucky,21,"Garrard County",21079,312,52,364,0.8571428571
Male,Kentucky,21,"Grant County",21081,314,85,399,0.7869674185
Male,Kentucky,21,"Graves County",21083,720,144,864,0.8333333333
Male,Kentucky,21,"Grayson County",21085,500,113,613,0.8156606852
Male,Kentucky,21,"Green County",21087,284,41,325,0.8738461538
Male,Kentucky,21,"Greenup County",21089,828,177,1005,0.823880597
Male,Kentucky,21,"Hancock County",21091,174,26,200,0.87
Male,Kentucky,21,"Hardin County",21093,1110,234,1344,0.8258928571
Male,Kentucky,21,"Harlan County",21095,674,178,852,0.7910798122
Male,Kentucky,21,"Harrison County",21097,316,73,389,0.8123393316
Male,Kentucky,21,"Hart County",21099,409,90,499,0.8196392786
Male,Kentucky,21,"Henderson County",21101,742,145,887,0.8365276212
Male,Kentucky,21,"Henry County",21103,242,43,285,0.849122807
Male,Kentucky,21,"Hickman County",21105,135,22,157,0.8598726115
Male,Kentucky,21,"Hopkins County",21107,794,141,935,0.849197861
Male,Kentucky,21,"Jackson County",21109,281,76,357,0.7871148459
Male,Kentucky,21,"Jefferson County",21111,9399,2133,11532,0.8150364204
Male,Kentucky,21,"Jessamine County",21113,580,101,681,0.8516886931
Male,Kentucky,21,"Johnson County",21115,523,151,674,0.7759643917
Male,Kentucky,21,"Kenton County",21117,1722,349,2071,0.8314823757
Male,Kentucky,21,"Knott County",21119,412,96,508,0.811023622
Male,Kentucky,21,"Knox County",21121,704,192,896,0.7857142857
Male,Kentucky,21,"Larue County",21123,279,62,341,0.8181818182
Male,Kentucky,21,"Laurel County",21125,1235,331,1566,0.788633461
Male,Kentucky,21,"Lawrence County",21127,356,99,455,0.7824175824
Male,Kentucky,21,"Lee County",21129,148,51,199,0.743718593
Male,Kentucky,21,"Leslie County",21131,328,89,417,0.7865707434
Male,Kentucky,21,"Letcher County",21133,564,134,698,0.8080229226
Male,Kentucky,21,"Lewis County",21135,281,71,352,0.7982954545
Male,Kentucky,21,"Lincoln County",21137,464,102,566,0.8197879859
Male,Kentucky,21,"Livingston County",21139,239,35,274,0.8722627737
Male,Kentucky,21,"Logan County",21141,556,127,683,0.8140556369
Male,Kentucky,21,"Lyon County",21143,178,35,213,0.8356807512
Male,Kentucky,21,"McCracken County",21145,1138,268,1406,0.8093883357
Male,Kentucky,21,"McCreary County",21147,342,78,420,0.8142857143
Male,Kentucky,21,"McLean County",21149,175,28,203,0.8620689655
Male,Kentucky,21,"Madison County",21151,1073,276,1349,0.795404003
Male,Kentucky,21,"Magoffin County",21153,344,67,411,0.8369829684
Male,Kentucky,21,"Marion County",21155,345,68,413,0.8353510896
Male,Kentucky,21,"Marshall County",21157,703,135,838,0.838902148
Male,Kentucky,21,"Martin County",21159,268,58,326,0.8220858896
Male,Kentucky,21,"Mason County",21161,314,52,366,0.8579234973
Male,Kentucky,21,"Meade County",21163,361,97,458,0.788209607
Male,Kentucky,21,"Menifee County",21165,128,35,163,0.7852760736
Male,Kentucky,21,"Mercer County",21167,335,76,411,0.8150851582
Male,Kentucky,21,"Metcalfe County",21169,226,33,259,0.8725868726
Male,Kentucky,21,"Monroe County",21171,234,49,283,0.8268551237
Male,Kentucky,21,"Montgomery County",21173,399,84,483,0.8260869565
Male,Kentucky,21,"Morgan County",21175,263,56,319,0.8244514107
Male,Kentucky,21,"Muhlenberg County",21177,647,161,808,0.8007425743
Male,Kentucky,21,"Nelson County",21179,850,155,1005,0.8457711443
Male,Kentucky,21,"Nicholas County",21181,185,26,211,0.8767772512
Male,Kentucky,21,"Ohio County",21183,416,104,520,0.8
Male,Kentucky,21,"Oldham County",21185,673,109,782,0.8606138107
Male,Kentucky,21,"Owen County",21187,187,46,233,0.8025751073
Male,Kentucky,21,"Owsley County",21189,81,20,101,0.801980198
Male,Kentucky,21,"Pendleton County",21191,226,41,267,0.8464419476
Male,Kentucky,21,"Perry County",21193,703,190,893,0.7872340426
Male,Kentucky,21,"Pike County",21195,1355,396,1751,0.773843518
Male,Kentucky,21,"Powell County",21197,225,61,286,0.7867132867
Male,Kentucky,21,"Pulaski County",21199,1254,237,1491,0.8410462777
Male,Kentucky,21,"Robertson County",21201,.,.,.,0.9347826087
Male,Kentucky,21,"Rockcastle County",21203,345,96,441,0.7823129252
Male,Kentucky,21,"Rowan County",21205,371,100,471,0.7876857749
Male,Kentucky,21,"Russell County",21207,362,91,453,0.7991169978
Male,Kentucky,21,"Scott County",21209,496,116,612,0.8104575163
Male,Kentucky,21,"Shelby County",21211,649,134,783,0.8288633461
Male,Kentucky,21,"Simpson County",21213,302,79,381,0.7926509186
Male,Kentucky,21,"Spencer County",21215,219,50,269,0.8141263941
Male,Kentucky,21,"Taylor County",21217,535,116,651,0.821812596
Male,Kentucky,21,"Todd County",21219,199,56,255,0.7803921569
Male,Kentucky,21,"Trigg County",21221,316,52,368,0.8586956522
Male,Kentucky,21,"Trimble County",21223,134,38,172,0.7790697674
Male,Kentucky,21,"Union County",21225,281,70,351,0.8005698006
Male,Kentucky,21,"Warren County",21227,1542,331,1873,0.8232781634
Male,Kentucky,21,"Washington County",21229,222,38,260,0.8538461538
Male,Kentucky,21,"Wayne County",21231,435,90,525,0.8285714286
Male,Kentucky,21,"Webster County",21233,215,59,274,0.7846715328
Male,Kentucky,21,"Whitley County",21235,754,224,978,0.7709611452
Male,Kentucky,21,"Wolfe County",21237,159,43,202,0.7871287129
Male,Kentucky,21,"Woodford County",21239,365,60,425,0.8588235294
Male,Kentucky,21,,21999,55,13,68,0.8088235294
Male,Louisiana,22,"Acadia Parish",22001,1037,253,1290,0.803875969
Male,Louisiana,22,"Allen Parish",22003,322,101,423,0.7612293144
Male,Louisiana,22,"Ascension Parish",22005,776,161,937,0.8281750267
Male,Louisiana,22,"Assumption Parish",22007,402,87,489,0.8220858896
Male,Louisiana,22,"Avoyelles Parish",22009,680,161,841,0.8085612366
Male,Louisiana,22,"Beauregard Parish",22011,453,138,591,0.7664974619
Male,Louisiana,22,"Bienville Parish",22013,209,73,282,0.7411347518
Male,Louisiana,22,"Bossier Parish",22015,953,263,1216,0.7837171053
Male,Louisiana,22,"Caddo Parish",22017,2560,766,3326,0.7696933253
Male,Louisiana,22,"Calcasieu Parish",22019,2291,654,2945,0.7779286927
Male,Louisiana,22,"Caldwell Parish",22021,179,51,230,0.7782608696
Male,Louisiana,22,"Cameron Parish",22023,100,21,121,0.826446281
Male,Louisiana,22,"Catahoula Parish",22025,180,51,231,0.7792207792
Male,Louisiana,22,"Claiborne Parish",22027,247,72,319,0.7742946708
Male,Louisiana,22,"Concordia Parish",22029,282,109,391,0.7212276215
Male,Louisiana,22,"De Soto Parish",22031,377,144,521,0.7236084453
Male,Louisiana,22,"East Baton Rouge Parish",22033,3608,944,4552,0.7926186292
Male,Louisiana,22,"East Carroll Parish",22035,109,30,139,0.7841726619
Male,Louisiana,22,"East Feliciana Parish",22037,290,85,375,0.7733333333
Male,Louisiana,22,"Evangeline Parish",22039,630,189,819,0.7692307692
Male,Louisiana,22,"Franklin Parish",22041,318,98,416,0.7644230769
Male,Louisiana,22,"Grant Parish",22043,265,98,363,0.7300275482
Male,Louisiana,22,"Iberia Parish",22045,1039,290,1329,0.7817908202
Male,Louisiana,22,"Iberville Parish",22047,315,107,422,0.7464454976
Male,Louisiana,22,"Jackson Parish",22049,244,79,323,0.7554179567
Male,Louisiana,22,"Jefferson Parish",22051,2911,728,3639,0.7999450398
Male,Louisiana,22,"Jefferson Davis Parish",22053,510,159,669,0.7623318386
Male,Louisiana,22,"Lafayette Parish",22055,2638,573,3211,0.8215509187
Male,Louisiana,22,"Lafourche Parish",22057,1897,323,2220,0.8545045045
Male,Louisiana,22,"La Salle Parish",22059,250,66,316,0.7911392405
Male,Louisiana,22,"Lincoln Parish",22061,507,128,635,0.7984251969
Male,Louisiana,22,"Livingston Parish",22063,1089,222,1311,0.8306636156
Male,Louisiana,22,"Madison Parish",22065,120,35,155,0.7741935484
Male,Louisiana,22,"Morehouse Parish",22067,369,95,464,0.7952586207
Male,Louisiana,22,"Natchitoches Parish",22069,538,162,700,0.7685714286
Male,Louisiana,22,"Orleans Parish",22071,2170,687,2857,0.7595379769
Male,Louisiana,22,"Ouachita Parish",22073,1757,529,2286,0.7685914261
Male,Louisiana,22,"Plaquemines Parish",22075,147,48,195,0.7538461538
Male,Louisiana,22,"Pointe Coupee Parish",22077,285,65,350,0.8142857143
Male,Louisiana,22,"Rapides Parish",22079,1719,489,2208,0.7785326087
Male,Louisiana,22,"Red River Parish",22081,133,62,195,0.6820512821
Male,Louisiana,22,"Richland Parish",22083,354,103,457,0.7746170678
Male,Louisiana,22,"Sabine Parish",22085,507,120,627,0.8086124402
Male,Louisiana,22,"St. Bernard Parish",22087,278,76,354,0.7853107345
Male,Louisiana,22,"St. Charles Parish",22089,374,98,472,0.7923728814
Male,Louisiana,22,"St. Helena Parish",22091,181,78,259,0.6988416988
Male,Louisiana,22,"St. James Parish",22093,303,68,371,0.8167115903
Male,Louisiana,22,"St. John the Baptist Parish",22095,373,101,474,0.7869198312
Male,Louisiana,22,"St. Landry Parish",22097,1483,423,1906,0.778069255
Male,Louisiana,22,"St. Martin Parish",22099,761,194,955,0.7968586387
Male,Louisiana,22,"St. Mary Parish",22101,826,253,1079,0.765523633
Male,Louisiana,22,"St. Tammany Parish",22103,2277,497,2774,0.8208363374
Male,Louisiana,22,"Tangipahoa Parish",22105,1493,361,1854,0.8052858684
Male,Louisiana,22,"Tensas Parish",22107,74,34,108,0.6851851852
Male,Louisiana,22,"Terrebonne Parish",22109,1993,397,2390,0.8338912134
Male,Louisiana,22,"Union Parish",22111,406,130,536,0.7574626866
Male,Louisiana,22,"Vermilion Parish",22113,905,186,1091,0.8295142071
Male,Louisiana,22,"Vernon Parish",22115,407,131,538,0.7565055762
Male,Louisiana,22,"Washington Parish",22117,818,226,1044,0.7835249042
Male,Louisiana,22,"Webster Parish",22119,650,160,810,0.8024691358
Male,Louisiana,22,"West Baton Rouge Parish",22121,228,46,274,0.8321167883
Male,Louisiana,22,"West Carroll Parish",22123,227,53,280,0.8107142857
Male,Louisiana,22,"West Feliciana Parish",22125,150,34,184,0.8152173913
Male,Louisiana,22,"Winn Parish",22127,266,77,343,0.7755102041
Male,Louisiana,22,,22999,.,.,.,0.875
Male,Maine,23,"Androscoggin County",23001,1362,209,1571,0.8669637174
Male,Maine,23,"Aroostook County",23003,1884,263,2147,0.8775034932
Male,Maine,23,"Cumberland County",23005,3407,481,3888,0.8762860082
Male,Maine,23,"Franklin County",23007,469,84,553,0.8481012658
Male,Maine,23,"Hancock County",23009,1021,151,1172,0.8711604096
Male,Maine,23,"Kennebec County",23011,1642,261,1903,0.8628481345
Male,Maine,23,"Knox County",23013,708,118,826,0.8571428571
Male,Maine,23,"Lincoln County",23015,590,84,674,0.8753709199
Male,Maine,23,"Oxford County",23017,1010,137,1147,0.8805579773
Male,Maine,23,"Penobscot County",23019,2611,430,3041,0.858599145
Male,Maine,23,"Piscataquis County",23021,394,60,454,0.8678414097
Male,Maine,23,"Sagadahoc County",23023,502,75,577,0.870017331
Male,Maine,23,"Somerset County",23025,1078,161,1239,0.8700564972
Male,Maine,23,"Waldo County",23027,665,95,760,0.875
Male,Maine,23,"Washington County",23029,801,110,911,0.8792535675
Male,Maine,23,"York County",23031,3248,472,3720,0.8731182796
Male,Maine,23,,23999,.,.,.,0.875
Male,Maryland,24,"Allegany County",24001,1570,314,1884,0.8333333333
Male,Maryland,24,"Anne Arundel County",24003,5915,970,6885,0.859114016
Male,Maryland,24,"Baltimore County",24005,11295,1914,13209,0.8550987963
Male,Maryland,24,"Calvert County",24009,961,158,1119,0.8588025022
Male,Maryland,24,"Caroline County",24011,600,112,712,0.8426966292
Male,Maryland,24,"Carroll County",24013,2707,369,3076,0.8800390117
Male,Maryland,24,"Cecil County",24015,1592,281,1873,0.8499733049
Male,Maryland,24,"Charles County",24017,1113,247,1360,0.8183823529
Male,Maryland,24,"Dorchester County",24019,771,143,914,0.8435448578
Male,Maryland,24,"Frederick County",24021,2939,430,3369,0.8723656871
Male,Maryland,24,"Garrett County",24023,773,113,886,0.8724604966
Male,Maryland,24,"Harford County",24025,3331,520,3851,0.8649701376
Male,Maryland,24,"Howard County",24027,2580,394,2974,0.8675184936
Male,Maryland,24,"Kent County",24029,522,84,606,0.8613861386
Male,Maryland,24,"Montgomery County",24031,8037,1403,9440,0.8513771186
Male,Maryland,24,"Prince George",24033,4717,1306,6023,0.7831645359
Male,Maryland,24,"Queen Anne",24035,950,114,1064,0.8928571429
Male,Maryland,24,"St. Mary",24037,881,152,1033,0.8528557599
Male,Maryland,24,"Somerset County",24039,461,114,575,0.8017391304
Male,Maryland,24,"Talbot County",24041,1010,152,1162,0.8691910499
Male,Maryland,24,"Washington County",24043,2316,405,2721,0.8511576626
Male,Maryland,24,"Wicomico County",24045,1623,307,1930,0.8409326425
Male,Maryland,24,"Worcester County",24047,1264,205,1469,0.8604492852
Male,Maryland,24,"Baltimore city",24510,5734,1748,7482,0.7663726276
Male,Maryland,24,,24999,.,.,.,0.7906976744
Male,Massachusetts,25,"Barnstable County",25001,6154,841,6995,0.8797712652
Male,Massachusetts,25,"Berkshire County",25003,3079,461,3540,0.8697740113
Male,Massachusetts,25,"Bristol County",25005,10453,1582,12035,0.8685500623
Male,Massachusetts,25,"Dukes County",25007,375,60,435,0.8620689655
Male,Massachusetts,25,"Essex County",25009,12015,1710,13725,0.8754098361
Male,Massachusetts,25,"Franklin County",25011,1176,188,1364,0.862170088
Male,Massachusetts,25,"Hampden County",25013,7114,1134,8248,0.8625121242
Male,Massachusetts,25,"Hampshire County",25015,2162,281,2443,0.8849774867
Male,Massachusetts,25,"Middlesex County",25017,18745,2705,21450,0.8738927739
Male,Massachusetts,25,"Nantucket County",25019,201,28,229,0.8777292576
Male,Massachusetts,25,"Norfolk County",25021,9477,1325,10802,0.8773375301
Male,Massachusetts,25,"Plymouth County",25023,9255,1368,10623,0.8712228184
Male,Massachusetts,25,"Suffolk County",25025,7476,1436,8912,0.8388689408
Male,Massachusetts,25,"Worcester County",25027,10915,1675,12590,0.8669579031
Male,Massachusetts,25,,25999,.,.,.,0.75
Male,Michigan,26,"Alcona County",26001,381,60,441,0.8639455782
Male,Michigan,26,"Alger County",26003,179,34,213,0.8403755869
Male,Michigan,26,"Allegan County",26005,1181,206,1387,0.8514780101
Male,Michigan,26,"Alpena County",26007,677,97,774,0.8746770026
Male,Michigan,26,"Antrim County",26009,524,80,604,0.8675496689
Male,Michigan,26,"Arenac County",26011,421,60,481,0.8752598753
Male,Michigan,26,"Baraga County",26013,157,14,171,0.918128655
Male,Michigan,26,"Barry County",26015,792,131,923,0.858071506
Male,Michigan,26,"Bay County",26017,2117,379,2496,0.8481570513
Male,Michigan,26,"Benzie County",26019,336,54,390,0.8615384615
Male,Michigan,26,"Berrien County",26021,2351,448,2799,0.8399428367
Male,Michigan,26,"Branch County",26023,779,128,907,0.8588754135
Male,Michigan,26,"Calhoun County",26025,1967,345,2312,0.8507785467
Male,Michigan,26,"Cass County",26027,866,159,1025,0.8448780488
Male,Michigan,26,"Charlevoix County",26029,476,83,559,0.8515205725
Male,Michigan,26,"Cheboygan County",26031,613,110,723,0.8478561549
Male,Michigan,26,"Chippewa County",26033,564,91,655,0.8610687023
Male,Michigan,26,"Clare County",26035,749,139,888,0.8434684685
Male,Michigan,26,"Clinton County",26037,1006,171,1177,0.8547153781
Male,Michigan,26,"Crawford County",26039,306,56,362,0.8453038674
Male,Michigan,26,"Delta County",26041,760,103,863,0.8806488992
Male,Michigan,26,"Dickinson County",26043,454,54,508,0.8937007874
Male,Michigan,26,"Eaton County",26045,1558,249,1807,0.8622025457
Male,Michigan,26,"Emmet County",26047,533,100,633,0.8420221169
Male,Michigan,26,"Genesee County",26049,6381,1322,7703,0.8283785538
Male,Michigan,26,"Gladwin County",26051,727,121,848,0.8573113208
Male,Michigan,26,"Gogebic County",26053,342,46,388,0.881443299
Male,Michigan,26,"Grand Traverse County",26055,1205,163,1368,0.8808479532
Male,Michigan,26,"Gratiot County",26057,724,97,821,0.8818514007
Male,Michigan,26,"Hillsdale County",26059,829,155,984,0.8424796748
Male,Michigan,26,"Houghton County",26061,500,78,578,0.8650519031
Male,Michigan,26,"Huron County",26063,921,174,1095,0.8410958904
Male,Michigan,26,"Ingham County",26065,2849,537,3386,0.8414057885
Male,Michigan,26,"Ionia County",26067,813,126,939,0.8658146965
Male,Michigan,26,"Iosco County",26069,683,118,801,0.8526841448
Male,Michigan,26,"Iron County",26071,275,50,325,0.8461538462
Male,Michigan,26,"Isabella County",26073,780,135,915,0.8524590164
Male,Michigan,26,"Jackson County",26075,2747,455,3202,0.8579013117
Male,Michigan,26,"Kalamazoo County",26077,2815,505,3320,0.8478915663
Male,Michigan,26,"Kalkaska County",26079,383,55,438,0.8744292237
Male,Michigan,26,"Kent County",26081,4972,893,5865,0.8477408355
Male,Michigan,26,"Keweenaw County",26083,.,.,.,0.8524590164
Male,Michigan,26,"Lake County",26085,311,55,366,0.849726776
Male,Michigan,26,"Lapeer County",26087,1563,260,1823,0.8573779484
Male,Michigan,26,"Leelanau County",26089,420,66,486,0.8641975309
Male,Michigan,26,"Lenawee County",26091,1655,261,1916,0.8637787056
Male,Michigan,26,"Livingston County",26093,2356,333,2689,0.8761621421
Male,Michigan,26,"Luce County",26095,137,25,162,0.8456790123
Male,Michigan,26,"Mackinac County",26097,285,38,323,0.8823529412
Male,Michigan,26,"Macomb County",26099,13095,2177,15272,0.8574515453
Male,Michigan,26,"Manistee County",26101,492,88,580,0.8482758621
Male,Michigan,26,"Marquette County",26103,853,135,988,0.8633603239
Male,Michigan,26,"Mason County",26105,649,92,741,0.8758434548
Male,Michigan,26,"Mecosta County",26107,675,122,797,0.8469259724
Male,Michigan,26,"Menominee County",26109,484,48,532,0.9097744361
Male,Michigan,26,"Midland County",26111,1629,198,1827,0.8916256158
Male,Michigan,26,"Missaukee County",26113,296,38,334,0.8862275449
Male,Michigan,26,"Monroe County",26115,2627,498,3125,0.84064
Male,Michigan,26,"Montcalm County",26117,927,188,1115,0.8313901345
Male,Michigan,26,"Montmorency County",26119,329,52,381,0.8635170604
Male,Michigan,26,"Muskegon County",26121,2106,422,2528,0.8330696203
Male,Michigan,26,"Newaygo County",26123,713,118,831,0.8580024067
Male,Michigan,26,"Oakland County",26125,15301,2785,18086,0.8460134911
Male,Michigan,26,"Oceana County",26127,450,64,514,0.8754863813
Male,Michigan,26,"Ogemaw County",26129,589,119,708,0.831920904
Male,Michigan,26,"Ontonagon County",26131,191,33,224,0.8526785714
Male,Michigan,26,"Osceola County",26133,460,80,540,0.8518518519
Male,Michigan,26,"Oscoda County",26135,241,51,292,0.8253424658
Male,Michigan,26,"Otsego County",26137,496,75,571,0.8686514886
Male,Michigan,26,"Ottawa County",26139,2068,348,2416,0.8559602649
Male,Michigan,26,"Presque Isle County",26141,410,50,460,0.8913043478
Male,Michigan,26,"Roscommon County",26143,851,125,976,0.8719262295
Male,Michigan,26,"Saginaw County",26145,3255,604,3859,0.8434827676
Male,Michigan,26,"St. Clair County",26147,2820,510,3330,0.8468468468
Male,Michigan,26,"St. Joseph County",26149,1002,171,1173,0.8542199488
Male,Michigan,26,"Sanilac County",26151,845,176,1021,0.8276199804
Male,Michigan,26,"Schoolcraft County",26153,229,35,264,0.8674242424
Male,Michigan,26,"Shiawassee County",26155,1129,224,1353,0.8344419808
Male,Michigan,26,"Tuscola County",26157,1270,212,1482,0.8569500675
Male,Michigan,26,"Van Buren County",26159,1166,218,1384,0.8424855491
Male,Michigan,26,"Washtenaw County",26161,2708,477,3185,0.8502354788
Male,Michigan,26,"Wayne County",26163,20848,4997,25845,0.806655059
Male,Michigan,26,"Wexford County",26165,624,86,710,0.8788732394
Male,Michigan,26,,26999,55,12,67,0.8208955224
Male,Minnesota,27,"Aitkin County",27001,245,31,276,0.8876811594
Male,Minnesota,27,"Anoka County",27003,2789,381,3170,0.8798107256
Male,Minnesota,27,"Becker County",27005,513,62,575,0.892173913
Male,Minnesota,27,"Beltrami County",27007,567,99,666,0.8513513514
Male,Minnesota,27,"Benton County",27009,389,47,436,0.8922018349
Male,Minnesota,27,"Big Stone County",27011,.,.,.,0.9
Male,Minnesota,27,"Blue Earth County",27013,766,104,870,0.8804597701
Male,Minnesota,27,"Brown County",27015,522,66,588,0.887755102
Male,Minnesota,27,"Carlton County",27017,376,47,423,0.8888888889
Male,Minnesota,27,"Carver County",27019,641,79,720,0.8902777778
Male,Minnesota,27,"Cass County",27021,516,86,602,0.8571428571
Male,Minnesota,27,"Chippewa County",27023,213,28,241,0.8838174274
Male,Minnesota,27,"Chisago County",27025,540,74,614,0.8794788274
Male,Minnesota,27,"Clay County",27027,600,86,686,0.8746355685
Male,Minnesota,27,"Clearwater County",27029,134,23,157,0.8535031847
Male,Minnesota,27,"Cook County",27031,67,12,79,0.8481012658
Male,Minnesota,27,"Cottonwood County",27033,201,38,239,0.8410041841
Male,Minnesota,27,"Crow Wing County",27035,971,126,1097,0.8851412944
Male,Minnesota,27,"Dakota County",27037,3382,449,3831,0.882798225
Male,Minnesota,27,"Dodge County",27039,204,27,231,0.8831168831
Male,Minnesota,27,"Douglas County",27041,648,83,731,0.8864569083
Male,Minnesota,27,"Faribault County",27043,236,37,273,0.8644688645
Male,Minnesota,27,"Fillmore County",27045,299,39,338,0.8846153846
Male,Minnesota,27,"Freeborn County",27047,450,51,501,0.8982035928
Male,Minnesota,27,"Goodhue County",27049,423,54,477,0.8867924528
Male,Minnesota,27,"Grant County",27051,113,17,130,0.8692307692
Male,Minnesota,27,"Hennepin County",27053,9156,1382,10538,0.8688555703
Male,Minnesota,27,"Houston County",27055,316,27,343,0.9212827988
Male,Minnesota,27,"Hubbard County",27057,444,60,504,0.880952381
Male,Minnesota,27,"Isanti County",27059,396,66,462,0.8571428571
Male,Minnesota,27,"Itasca County",27061,666,92,758,0.8786279683
Male,Minnesota,27,"Jackson County",27063,230,14,244,0.9426229508
Male,Minnesota,27,"Kanabec County",27065,199,26,225,0.8844444444
Male,Minnesota,27,"Kandiyohi County",27067,579,67,646,0.8962848297
Male,Minnesota,27,"Kittson County",27069,89,16,105,0.8476190476
Male,Minnesota,27,"Koochiching County",27071,223,41,264,0.8446969697
Male,Minnesota,27,"Lac qui Parle County",27073,131,22,153,0.8562091503
Male,Minnesota,27,"Lake County",27075,175,18,193,0.9067357513
Male,Minnesota,27,"Lake of the Woods County",27077,77,13,90,0.8555555556
Male,Minnesota,27,"Le Sueur County",27079,240,45,285,0.8421052632
Male,Minnesota,27,"Lincoln County",27081,108,20,128,0.84375
Male,Minnesota,27,"Lyon County",27083,390,51,441,0.8843537415
Male,Minnesota,27,"McLeod County",27085,350,41,391,0.895140665
Male,Minnesota,27,"Mahnomen County",27087,72,13,85,0.8470588235
Male,Minnesota,27,"Marshall County",27089,175,25,200,0.875
Male,Minnesota,27,"Martin County",27091,427,67,494,0.8643724696
Male,Minnesota,27,"Meeker County",27093,193,33,226,0.8539823009
Male,Minnesota,27,"Mille Lacs County",27095,239,42,281,0.8505338078
Male,Minnesota,27,"Morrison County",27097,418,53,471,0.8874734607
Male,Minnesota,27,"Mower County",27099,560,56,616,0.9090909091
Male,Minnesota,27,"Murray County",27101,199,23,222,0.8963963964
Male,Minnesota,27,"Nicollet County",27103,465,47,512,0.908203125
Male,Minnesota,27,"Nobles County",27105,346,38,384,0.9010416667
Male,Minnesota,27,"Norman County",27107,122,15,137,0.8905109489
Male,Minnesota,27,"Olmsted County",27109,1441,193,1634,0.8818849449
Male,Minnesota,27,"Otter Tail County",27111,1074,123,1197,0.8972431078
Male,Minnesota,27,"Pennington County",27113,202,31,233,0.8669527897
Male,Minnesota,27,"Pine County",27115,333,45,378,0.880952381
Male,Minnesota,27,"Pipestone County",27117,154,29,183,0.8415300546
Male,Minnesota,27,"Polk County",27119,496,72,568,0.8732394366
Male,Minnesota,27,"Pope County",27121,220,36,256,0.859375
Male,Minnesota,27,"Ramsey County",27123,4541,763,5304,0.8561463047
Male,Minnesota,27,"Red Lake County",27125,.,.,.,0.8545454545
Male,Minnesota,27,"Redwood County",27127,266,40,306,0.8692810458
Male,Minnesota,27,"Renville County",27129,278,25,303,0.9174917492
Male,Minnesota,27,"Rice County",27131,503,72,575,0.8747826087
Male,Minnesota,27,"Rock County",27133,134,22,156,0.858974359
Male,Minnesota,27,"Roseau County",27135,235,37,272,0.8639705882
Male,Minnesota,27,"St. Louis County",27137,2243,322,2565,0.8744639376
Male,Minnesota,27,"Scott County",27139,962,159,1121,0.858162355
Male,Minnesota,27,"Sherburne County",27141,711,77,788,0.902284264
Male,Minnesota,27,"Sibley County",27143,120,26,146,0.8219178082
Male,Minnesota,27,"Stearns County",27145,1447,173,1620,0.8932098765
Male,Minnesota,27,"Steele County",27147,560,55,615,0.9105691057
Male,Minnesota,27,"Stevens County",27149,127,20,147,0.8639455782
Male,Minnesota,27,"Swift County",27151,184,18,202,0.9108910891
Male,Minnesota,27,"Todd County",27153,333,52,385,0.8649350649
Male,Minnesota,27,"Traverse County",27155,.,.,.,0.8717948718
Male,Minnesota,27,"Wabasha County",27157,333,38,371,0.897574124
Male,Minnesota,27,"Wadena County",27159,209,30,239,0.8744769874
Male,Minnesota,27,"Waseca County",27161,293,44,337,0.8694362018
Male,Minnesota,27,"Washington County",27163,2427,359,2786,0.8711414214
Male,Minnesota,27,"Watonwan County",27165,169,20,189,0.8941798942
Male,Minnesota,27,"Wilkin County",27167,120,18,138,0.8695652174
Male,Minnesota,27,"Winona County",27169,722,87,809,0.8924598269
Male,Minnesota,27,"Wright County",27171,1161,162,1323,0.8775510204
Male,Minnesota,27,"Yellow Medicine County",27173,118,14,132,0.8939393939
Male,Minnesota,27,,27999,.,.,.,0.9032258065
Male,Mississippi,28,"Adams County",28001,435,155,590,0.7372881356
Male,Mississippi,28,"Alcorn County",28003,764,197,961,0.7950052029
Male,Mississippi,28,"Amite County",28005,209,75,284,0.735915493
Male,Mississippi,28,"Attala County",28007,308,107,415,0.7421686747
Male,Mississippi,28,"Benton County",28009,138,48,186,0.7419354839
Male,Mississippi,28,"Bolivar County",28011,517,220,737,0.7014925373
Male,Mississippi,28,"Calhoun County",28013,282,87,369,0.7642276423
Male,Mississippi,28,"Carroll County",28015,233,60,293,0.795221843
Male,Mississippi,28,"Chickasaw County",28017,314,107,421,0.7458432304
Male,Mississippi,28,"Choctaw County",28019,179,42,221,0.8099547511
Male,Mississippi,28,"Claiborne County",28021,102,40,142,0.7183098592
Male,Mississippi,28,"Clarke County",28023,278,78,356,0.7808988764
Male,Mississippi,28,"Clay County",28025,363,101,464,0.7823275862
Male,Mississippi,28,"Coahoma County",28027,470,165,635,0.7401574803
Male,Mississippi,28,"Copiah County",28029,324,101,425,0.7623529412
Male,Mississippi,28,"Covington County",28031,277,102,379,0.7308707124
Male,Mississippi,28,"DeSoto County",28033,2025,453,2478,0.8171912833
Male,Mississippi,28,"Forrest County",28035,880,230,1110,0.7927927928
Male,Mississippi,28,"Franklin County",28037,166,40,206,0.8058252427
Male,Mississippi,28,"George County",28039,336,99,435,0.7724137931
Male,Mississippi,28,"Greene County",28041,193,57,250,0.772
Male,Mississippi,28,"Grenada County",28043,401,113,514,0.780155642
Male,Mississippi,28,"Hancock County",28045,640,129,769,0.8322496749
Male,Mississippi,28,"Harrison County",28047,1851,529,2380,0.7777310924
Male,Mississippi,28,"Hinds County",28049,1943,671,2614,0.7433052793
Male,Mississippi,28,"Holmes County",28051,262,110,372,0.7043010753
Male,Mississippi,28,"Humphreys County",28053,166,60,226,0.7345132743
Male,Mississippi,28,"Issaquena County",28055,.,.,.,0.8461538462
Male,Mississippi,28,"Itawamba County",28057,530,110,640,0.828125
Male,Mississippi,28,"Jackson County",28059,1740,450,2190,0.7945205479
Male,Mississippi,28,"Jasper County",28061,298,96,394,0.7563451777
Male,Mississippi,28,"Jefferson County",28063,121,41,162,0.7469135802
Male,Mississippi,28,"Jefferson Davis County",28065,188,85,273,0.6886446886
Male,Mississippi,28,"Jones County",28067,1092,285,1377,0.7930283224
Male,Mississippi,28,"Kemper County",28069,148,38,186,0.7956989247
Male,Mississippi,28,"Lafayette County",28071,627,188,815,0.7693251534
Male,Mississippi,28,"Lamar County",28073,647,134,781,0.828425096
Male,Mississippi,28,"Lauderdale County",28075,980,276,1256,0.7802547771
Male,Mississippi,28,"Lawrence County",28077,244,82,326,0.7484662577
Male,Mississippi,28,"Leake County",28079,297,75,372,0.7983870968
Male,Mississippi,28,"Lee County",28081,1387,357,1744,0.7952981651
Male,Mississippi,28,"Leflore County",28083,515,196,711,0.7243319269
Male,Mississippi,28,"Lincoln County",28085,574,152,726,0.7906336088
Male,Mississippi,28,"Lowndes County",28087,789,238,1027,0.7682570594
Male,Mississippi,28,"Madison County",28089,1077,295,1372,0.7849854227
Male,Mississippi,28,"Marion County",28091,503,155,658,0.76443769
Male,Mississippi,28,"Marshall County",28093,533,144,677,0.7872968981
Male,Mississippi,28,"Monroe County",28095,715,216,931,0.7679914071
Male,Mississippi,28,"Montgomery County",28097,213,81,294,0.7244897959
Male,Mississippi,28,"Neshoba County",28099,361,131,492,0.7337398374
Male,Mississippi,28,"Newton County",28101,313,82,395,0.7924050633
Male,Mississippi,28,"Noxubee County",28103,190,77,267,0.7116104869
Male,Mississippi,28,"Oktibbeha County",28105,546,156,702,0.7777777778
Male,Mississippi,28,"Panola County",28107,597,200,797,0.7490589711
Male,Mississippi,28,"Pearl River County",28109,882,239,1121,0.7867975022
Male,Mississippi,28,"Perry County",28111,247,56,303,0.8151815182
Male,Mississippi,28,"Pike County",28113,578,185,763,0.7575360419
Male,Mississippi,28,"Pontotoc County",28115,576,147,723,0.7966804979
Male,Mississippi,28,"Prentiss County",28117,570,133,703,0.8108108108
Male,Mississippi,28,"Quitman County",28119,139,55,194,0.7164948454
Male,Mississippi,28,"Rankin County",28121,1581,373,1954,0.8091095189
Male,Mississippi,28,"Scott County",28123,305,121,426,0.7159624413
Male,Mississippi,28,"Sharkey County",28125,69,24,93,0.7419354839
Male,Mississippi,28,"Simpson County",28127,423,131,554,0.7635379061
Male,Mississippi,28,"Smith County",28129,277,68,345,0.8028985507
Male,Mississippi,28,"Stone County",28131,261,74,335,0.7791044776
Male,Mississippi,28,"Sunflower County",28133,391,155,546,0.7161172161
Male,Mississippi,28,"Tallahatchie County",28135,243,85,328,0.7408536585
Male,Mississippi,28,"Tate County",28137,475,147,622,0.7636655949
Male,Mississippi,28,"Tippah County",28139,513,106,619,0.8287560582
Male,Mississippi,28,"Tishomingo County",28141,494,115,609,0.8111658456
Male,Mississippi,28,"Tunica County",28143,124,38,162,0.7654320988
Male,Mississippi,28,"Union County",28145,551,143,694,0.7939481268
Male,Mississippi,28,"Walthall County",28147,282,74,356,0.7921348315
Male,Mississippi,28,"Warren County",28149,413,177,590,0.7
Male,Mississippi,28,"Washington County",28151,670,233,903,0.7419712071
Male,Mississippi,28,"Wayne County",28153,371,91,462,0.803030303
Male,Mississippi,28,"Webster County",28155,221,58,279,0.7921146953
Male,Mississippi,28,"Wilkinson County",28157,115,44,159,0.7232704403
Male,Mississippi,28,"Winston County",28159,289,96,385,0.7506493506
Male,Mississippi,28,"Yalobusha County",28161,279,97,376,0.7420212766
Male,Mississippi,28,"Yazoo County",28163,360,112,472,0.7627118644
Male,Mississippi,28,,28999,22,13,35,0.6285714286
Male,Missouri,29,"Adair County",29001,430,68,498,0.8634538153
Male,Missouri,29,"Andrew County",29003,325,51,376,0.8643617021
Male,Missouri,29,"Atchison County",29005,161,23,184,0.875
Male,Missouri,29,"Audrain County",29007,456,87,543,0.8397790055
Male,Missouri,29,"Barry County",29009,548,103,651,0.841781874
Male,Missouri,29,"Barton County",29011,222,23,245,0.906122449
Male,Missouri,29,"Bates County",29013,273,48,321,0.8504672897
Male,Missouri,29,"Benton County",29015,490,104,594,0.8249158249
Male,Missouri,29,"Bollinger County",29017,223,42,265,0.841509434
Male,Missouri,29,"Boone County",29019,1706,308,2014,0.8470705065
Male,Missouri,29,"Buchanan County",29021,1514,279,1793,0.8443948689
Male,Missouri,29,"Butler County",29023,720,196,916,0.7860262009
Male,Missouri,29,"Caldwell County",29025,162,37,199,0.8140703518
Male,Missouri,29,"Callaway County",29027,661,130,791,0.8356510746
Male,Missouri,29,"Camden County",29029,1038,162,1200,0.865
Male,Missouri,29,"Cape Girardeau County",29031,1233,236,1469,0.8393464942
Male,Missouri,29,"Carroll County",29033,179,21,200,0.895
Male,Missouri,29,"Carter County",29035,127,25,152,0.8355263158
Male,Missouri,29,"Cass County",29037,1097,206,1303,0.8419033001
Male,Missouri,29,"Cedar County",29039,271,40,311,0.8713826367
Male,Missouri,29,"Chariton County",29041,186,22,208,0.8942307692
Male,Missouri,29,"Christian County",29043,908,153,1061,0.8557964185
Male,Missouri,29,"Clark County",29045,148,32,180,0.8222222222
Male,Missouri,29,"Clay County",29047,2701,483,3184,0.8483040201
Male,Missouri,29,"Clinton County",29049,333,62,395,0.8430379747
Male,Missouri,29,"Cole County",29051,1055,188,1243,0.8487530169
Male,Missouri,29,"Cooper County",29053,262,47,309,0.8478964401
Male,Missouri,29,"Crawford County",29055,451,87,538,0.8382899628
Male,Missouri,29,"Dade County",29057,129,23,152,0.8486842105
Male,Missouri,29,"Dallas County",29059,230,54,284,0.8098591549
Male,Missouri,29,"Daviess County",29061,171,28,199,0.8592964824
Male,Missouri,29,"DeKalb County",29063,198,30,228,0.8684210526
Male,Missouri,29,"Dent County",29065,356,75,431,0.8259860789
Male,Missouri,29,"Douglas County",29067,178,22,200,0.89
Male,Missouri,29,"Dunklin County",29069,621,137,758,0.8192612137
Male,Missouri,29,"Franklin County",29071,1428,227,1655,0.8628398792
Male,Missouri,29,"Gasconade County",29073,288,61,349,0.8252148997
Male,Missouri,29,"Gentry County",29075,177,21,198,0.8939393939
Male,Missouri,29,"Greene County",29077,3038,593,3631,0.8366841091
Male,Missouri,29,"Grundy County",29079,232,34,266,0.8721804511
Male,Missouri,29,"Harrison County",29081,248,37,285,0.8701754386
Male,Missouri,29,"Henry County",29083,436,81,517,0.8433268859
Male,Missouri,29,"Hickory County",29085,184,30,214,0.8598130841
Male,Missouri,29,"Holt County",29087,107,22,129,0.8294573643
Male,Missouri,29,"Howard County",29089,151,28,179,0.843575419
Male,Missouri,29,"Howell County",29091,770,151,921,0.8360477742
Male,Missouri,29,"Iron County",29093,300,47,347,0.8645533141
Male,Missouri,29,"Jackson County",29095,6294,1321,7615,0.8265265923
Male,Missouri,29,"Jasper County",29097,1504,327,1831,0.8214090661
Male,Missouri,29,"Jefferson County",29099,2664,514,3178,0.8382630585
Male,Missouri,29,"Johnson County",29101,504,91,595,0.8470588235
Male,Missouri,29,"Knox County",29103,84,16,100,0.84
Male,Missouri,29,"Laclede County",29105,416,77,493,0.8438133874
Male,Missouri,29,"Lafayette County",29107,493,86,579,0.8514680484
Male,Missouri,29,"Lawrence County",29109,468,104,572,0.8181818182
Male,Missouri,29,"Lewis County",29111,219,31,250,0.876
Male,Missouri,29,"Lincoln County",29113,756,156,912,0.8289473684
Male,Missouri,29,"Linn County",29115,249,49,298,0.8355704698
Male,Missouri,29,"Livingston County",29117,295,42,337,0.8753709199
Male,Missouri,29,"McDonald County",29119,235,59,294,0.7993197279
Male,Missouri,29,"Macon County",29121,343,68,411,0.8345498783
Male,Missouri,29,"Madison County",29123,278,51,329,0.8449848024
Male,Missouri,29,"Maries County",29125,178,27,205,0.8682926829
Male,Missouri,29,"Marion County",29127,623,107,730,0.8534246575
Male,Missouri,29,"Mercer County",29129,.,.,.,0.8965517241
Male,Missouri,29,"Miller County",29131,400,78,478,0.8368200837
Male,Missouri,29,"Mississippi County",29133,260,76,336,0.7738095238
Male,Missouri,29,"Moniteau County",29135,223,47,270,0.8259259259
Male,Missouri,29,"Monroe County",29137,188,36,224,0.8392857143
Male,Missouri,29,"Montgomery County",29139,236,35,271,0.8708487085
Male,Missouri,29,"Morgan County",29141,452,76,528,0.8560606061
Male,Missouri,29,"New Madrid County",29143,356,94,450,0.7911111111
Male,Missouri,29,"Newton County",29145,837,161,998,0.8386773547
Male,Missouri,29,"Nodaway County",29147,419,66,485,0.8639175258
Male,Missouri,29,"Oregon County",29149,212,47,259,0.8185328185
Male,Missouri,29,"Osage County",29151,260,28,288,0.9027777778
Male,Missouri,29,"Ozark County",29153,191,43,234,0.8162393162
Male,Missouri,29,"Pemiscot County",29155,349,113,462,0.7554112554
Male,Missouri,29,"Perry County",29157,367,85,452,0.8119469027
Male,Missouri,29,"Pettis County",29159,668,109,777,0.8597168597
Male,Missouri,29,"Phelps County",29161,626,128,754,0.8302387268
Male,Missouri,29,"Pike County",29163,347,71,418,0.8301435407
Male,Missouri,29,"Platte County",29165,1218,201,1419,0.8583509514
Male,Missouri,29,"Polk County",29167,397,86,483,0.8219461698
Male,Missouri,29,"Pulaski County",29169,288,77,365,0.7890410959
Male,Missouri,29,"Putnam County",29171,139,20,159,0.8742138365
Male,Missouri,29,"Ralls County",29173,271,51,322,0.8416149068
Male,Missouri,29,"Randolph County",29175,447,88,535,0.8355140187
Male,Missouri,29,"Ray County",29177,456,69,525,0.8685714286
Male,Missouri,29,"Reynolds County",29179,150,29,179,0.8379888268
Male,Missouri,29,"Ripley County",29181,290,79,369,0.7859078591
Male,Missouri,29,"St. Charles County",29183,4531,710,5241,0.8645296699
Male,Missouri,29,"St. Clair County",29185,182,25,207,0.8792270531
Male,Missouri,29,"Ste. Genevieve County",29186,391,71,462,0.8463203463
Male,Missouri,29,"St. Francois County",29187,1436,248,1684,0.8527315914
Male,Missouri,29,"St. Louis County",29189,11476,2204,13680,0.8388888889
Male,Missouri,29,"Saline County",29195,389,64,453,0.8587196468
Male,Missouri,29,"Schuyler County",29197,102,13,115,0.8869565217
Male,Missouri,29,"Scotland County",29199,73,25,98,0.7448979592
Male,Missouri,29,"Scott County",29201,801,144,945,0.8476190476
Male,Missouri,29,"Shannon County",29203,135,28,163,0.8282208589
Male,Missouri,29,"Shelby County",29205,158,24,182,0.8681318681
Male,Missouri,29,"Stoddard County",29207,594,134,728,0.8159340659
Male,Missouri,29,"Stone County",29209,671,118,789,0.8504435995
Male,Missouri,29,"Sullivan County",29211,141,23,164,0.8597560976
Male,Missouri,29,"Taney County",29213,916,170,1086,0.8434622468
Male,Missouri,29,"Texas County",29215,457,77,534,0.8558052434
Male,Missouri,29,"Vernon County",29217,364,71,435,0.8367816092
Male,Missouri,29,"Warren County",29219,507,96,603,0.8407960199
Male,Missouri,29,"Washington County",29221,541,130,671,0.8062593145
Male,Missouri,29,"Wayne County",29223,287,62,349,0.8223495702
Male,Missouri,29,"Webster County",29225,372,83,455,0.8175824176
Male,Missouri,29,"Worth County",29227,42,15,57,0.7368421053
Male,Missouri,29,"Wright County",29229,305,64,369,0.8265582656
Male,Missouri,29,"St. Louis city",29510,2536,802,3338,0.7597363691
Male,Missouri,29,,29999,50,13,63,0.7936507937
Male,Montana,30,"Beaverhead County",30001,185,20,205,0.9024390244
Male,Montana,30,"Big Horn County",30003,75,24,99,0.7575757576
Male,Montana,30,"Blaine County",30005,75,22,97,0.7731958763
Male,Montana,30,"Broadwater County",30007,114,20,134,0.8507462687
Male,Montana,30,"Carbon County",30009,138,32,170,0.8117647059
Male,Montana,30,"Carter County",30011,.,.,.,0.7307692308
Male,Montana,30,"Cascade County",30013,914,162,1076,0.8494423792
Male,Montana,30,"Chouteau County",30015,103,21,124,0.8306451613
Male,Montana,30,"Custer County",30017,184,25,209,0.8803827751
Male,Montana,30,"Daniels County",30019,.,.,.,0.85
Male,Montana,30,"Dawson County",30021,154,35,189,0.8148148148
Male,Montana,30,"Deer Lodge County",30023,194,33,227,0.8546255507
Male,Montana,30,"Fallon County",30025,.,.,.,0.8666666667
Male,Montana,30,"Fergus County",30027,168,36,204,0.8235294118
Male,Montana,30,"Flathead County",30029,1310,237,1547,0.8468002586
Male,Montana,30,"Gallatin County",30031,773,125,898,0.8608017817
Male,Montana,30,"Garfield County",30033,.,.,.,0.8148148148
Male,Montana,30,"Glacier County",30035,68,41,109,0.623853211
Male,Montana,30,"Golden Valley County",30037,.,.,.,0.7058823529
Male,Montana,30,"Granite County",30039,.,.,.,0.8644067797
Male,Montana,30,"Hill County",30041,242,33,275,0.88
Male,Montana,30,"Jefferson County",30043,160,32,192,0.8333333333
Male,Montana,30,"Judith Basin County",30045,.,.,.,0.8571428571
Male,Montana,30,"Lake County",30047,400,96,496,0.8064516129
Male,Montana,30,"Lewis and Clark County",30049,923,136,1059,0.8715769594
Male,Montana,30,"Liberty County",30051,.,.,.,0.8510638298
Male,Montana,30,"Lincoln County",30053,354,87,441,0.8027210884
Male,Montana,30,"McCone County",30055,.,.,.,0.7631578947
Male,Montana,30,"Madison County",30057,167,24,191,0.8743455497
Male,Montana,30,"Meagher County",30059,.,.,.,0.84
Male,Montana,30,"Mineral County",30061,99,20,119,0.8319327731
Male,Montana,30,"Missoula County",30063,1394,223,1617,0.8620902907
Male,Montana,30,"Musselshell County",30065,103,13,116,0.8879310345
Male,Montana,30,"Park County",30067,249,62,311,0.8006430868
Male,Montana,30,"Petroleum County",30069,.,.,.,0.8888888889
Male,Montana,30,"Phillips County",30071,70,17,87,0.8045977011
Male,Montana,30,"Pondera County",30073,104,17,121,0.8595041322
Male,Montana,30,"Powder River County",30075,.,.,.,0.8378378378
Male,Montana,30,"Powell County",30077,80,29,109,0.7339449541
Male,Montana,30,"Prairie County",30079,.,.,.,0.8611111111
Male,Montana,30,"Ravalli County",30081,698,123,821,0.850182704
Male,Montana,30,"Richland County",30083,208,48,256,0.8125
Male,Montana,30,"Roosevelt County",30085,92,26,118,0.7796610169
Male,Montana,30,"Rosebud County",30087,99,20,119,0.8319327731
Male,Montana,30,"Sanders County",30089,247,51,298,0.8288590604
Male,Montana,30,"Sheridan County",30091,86,14,100,0.86
Male,Montana,30,"Silver Bow County",30093,424,90,514,0.8249027237
Male,Montana,30,"Stillwater County",30095,155,23,178,0.8707865169
Male,Montana,30,"Sweet Grass County",30097,.,.,.,0.8701298701
Male,Montana,30,"Teton County",30099,96,15,111,0.8648648649
Male,Montana,30,"Toole County",30101,.,.,.,0.8333333333
Male,Montana,30,"Treasure County",30103,.,.,.,0.75
Male,Montana,30,"Valley County",30105,124,23,147,0.843537415
Male,Montana,30,"Wheatland County",30107,.,.,.,0.8444444444
Male,Montana,30,"Wibaux County",30109,.,.,.,0.7575757576
Male,Montana,30,"Yellowstone County",30111,1848,329,2177,0.8488745981
Male,Montana,30,,30999,.,.,.,0.8
Male,Nebraska,31,"Adams County",31001,579,97,676,0.8565088757
Male,Nebraska,31,"Antelope County",31003,206,29,235,0.8765957447
Male,Nebraska,31,"Arthur County",31005,12,0,12,1
Male,Nebraska,31,"Banner County",31007,.,0,.,1
Male,Nebraska,31,"Blaine County",31009,12,0,12,1
Male,Nebraska,31,"Boone County",31011,141,26,167,0.8443113772
Male,Nebraska,31,"Box Butte County",31013,187,38,225,0.8311111111
Male,Nebraska,31,"Boyd County",31015,.,.,.,0.9253731343
Male,Nebraska,31,"Brown County",31017,60,12,72,0.8333333333
Male,Nebraska,31,"Buffalo County",31019,676,125,801,0.8439450687
Male,Nebraska,31,"Burt County",31021,173,33,206,0.8398058252
Male,Nebraska,31,"Butler County",31023,184,26,210,0.8761904762
Male,Nebraska,31,"Cass County",31025,422,64,486,0.8683127572
Male,Nebraska,31,"Cedar County",31027,165,23,188,0.8776595745
Male,Nebraska,31,"Chase County",31029,75,20,95,0.7894736842
Male,Nebraska,31,"Cherry County",31031,120,21,141,0.8510638298
Male,Nebraska,31,"Cheyenne County",31033,145,41,186,0.7795698925
Male,Nebraska,31,"Clay County",31035,158,18,176,0.8977272727
Male,Nebraska,31,"Colfax County",31037,148,19,167,0.8862275449
Male,Nebraska,31,"Cuming County",31039,218,24,242,0.9008264463
Male,Nebraska,31,"Custer County",31041,235,55,290,0.8103448276
Male,Nebraska,31,"Dakota County",31043,215,34,249,0.8634538153
Male,Nebraska,31,"Dawes County",31045,99,23,122,0.8114754098
Male,Nebraska,31,"Dawson County",31047,379,57,436,0.869266055
Male,Nebraska,31,"Deuel County",31049,.,.,.,0.7959183673
Male,Nebraska,31,"Dixon County",31051,102,13,115,0.8869565217
Male,Nebraska,31,"Dodge County",31053,657,109,766,0.8577023499
Male,Nebraska,31,"Douglas County",31055,5883,967,6850,0.8588321168
Male,Nebraska,31,"Dundy County",31057,37,12,49,0.7551020408
Male,Nebraska,31,"Fillmore County",31059,144,25,169,0.8520710059
Male,Nebraska,31,"Franklin County",31061,71,13,84,0.8452380952
Male,Nebraska,31,"Frontier County",31063,.,.,.,0.8666666667
Male,Nebraska,31,"Furnas County",31065,133,20,153,0.8692810458
Male,Nebraska,31,"Gage County",31067,473,78,551,0.8584392015
Male,Nebraska,31,"Garden County",31069,46,14,60,0.7666666667
Male,Nebraska,31,"Garfield County",31071,39,15,54,0.7222222222
Male,Nebraska,31,"Gosper County",31073,.,.,.,0.8833333333
Male,Nebraska,31,"Grant County",31075,.,.,.,0.8
Male,Nebraska,31,"Greeley County",31077,.,.,.,0.8421052632
Male,Nebraska,31,"Hall County",31079,858,157,1015,0.845320197
Male,Nebraska,31,"Hamilton County",31081,191,39,230,0.8304347826
Male,Nebraska,31,"Harlan County",31083,75,17,92,0.8152173913
Male,Nebraska,31,"Hayes County",31085,.,.,.,0.8636363636
Male,Nebraska,31,"Hitchcock County",31087,68,14,82,0.8292682927
Male,Nebraska,31,"Holt County",31089,303,39,342,0.8859649123
Male,Nebraska,31,"Hooker County",31091,.,.,.,0.8823529412
Male,Nebraska,31,"Howard County",31093,132,19,151,0.8741721854
Male,Nebraska,31,"Jefferson County",31095,182,37,219,0.8310502283
Male,Nebraska,31,"Johnson County",31097,108,23,131,0.8244274809
Male,Nebraska,31,"Kearney County",31099,131,16,147,0.8911564626
Male,Nebraska,31,"Keith County",31101,209,29,238,0.8781512605
Male,Nebraska,31,"Keya Paha County",31103,.,.,.,0.7894736842
Male,Nebraska,31,"Kimball County",31105,79,20,99,0.797979798
Male,Nebraska,31,"Knox County",31107,203,30,233,0.8712446352
Male,Nebraska,31,"Lancaster County",31109,4055,580,4635,0.8748651564
Male,Nebraska,31,"Lincoln County",31111,647,156,803,0.8057285181
Male,Nebraska,31,"Logan County",31113,.,.,.,0.7894736842
Male,Nebraska,31,"Loup County",31115,.,.,.,0.95
Male,Nebraska,31,"McPherson County",31117,.,.,.,0.8
Male,Nebraska,31,"Madison County",31119,612,92,704,0.8693181818
Male,Nebraska,31,"Merrick County",31121,154,22,176,0.875
Male,Nebraska,31,"Morrill County",31123,.,.,.,0.8615384615
Male,Nebraska,31,"Nance County",31125,84,17,101,0.8316831683
Male,Nebraska,31,"Nemaha County",31127,168,30,198,0.8484848485
Male,Nebraska,31,"Nuckolls County",31129,122,21,143,0.8531468531
Male,Nebraska,31,"Otoe County",31131,332,46,378,0.8783068783
Male,Nebraska,31,"Pawnee County",31133,.,.,.,0.9302325581
Male,Nebraska,31,"Perkins County",31135,80,15,95,0.8421052632
Male,Nebraska,31,"Phelps County",31137,209,49,258,0.8100775194
Male,Nebraska,31,"Pierce County",31139,158,24,182,0.8681318681
Male,Nebraska,31,"Platte County",31141,725,87,812,0.8928571429
Male,Nebraska,31,"Polk County",31143,158,19,177,0.8926553672
Male,Nebraska,31,"Red Willow County",31145,213,40,253,0.8418972332
Male,Nebraska,31,"Richardson County",31147,249,40,289,0.8615916955
Male,Nebraska,31,"Rock County",31149,.,.,.,0.8913043478
Male,Nebraska,31,"Saline County",31151,239,45,284,0.8415492958
Male,Nebraska,31,"Sarpy County",31153,1511,220,1731,0.8729058348
Male,Nebraska,31,"Saunders County",31155,394,58,452,0.8716814159
Male,Nebraska,31,"Scotts Bluff County",31157,615,89,704,0.8735795455
Male,Nebraska,31,"Seward County",31159,318,54,372,0.8548387097
Male,Nebraska,31,"Sheridan County",31161,89,17,106,0.8396226415
Male,Nebraska,31,"Sherman County",31163,.,.,.,0.8904109589
Male,Nebraska,31,"Sioux County",31165,.,.,.,0.8
Male,Nebraska,31,"Stanton County",31167,115,14,129,0.8914728682
Male,Nebraska,31,"Thayer County",31169,151,24,175,0.8628571429
Male,Nebraska,31,"Thomas County",31171,.,.,.,0.8260869565
Male,Nebraska,31,"Thurston County",31173,74,16,90,0.8222222222
Male,Nebraska,31,"Valley County",31175,118,22,140,0.8428571429
Male,Nebraska,31,"Washington County",31177,367,50,417,0.8800959233
Male,Nebraska,31,"Wayne County",31179,147,21,168,0.875
Male,Nebraska,31,"Webster County",31181,99,13,112,0.8839285714
Male,Nebraska,31,"Wheeler County",31183,.,.,.,0.75
Male,Nebraska,31,"York County",31185,318,45,363,0.8760330579
Male,Nebraska,31,,31999,.,0,.,1
Male,Nevada,32,"Churchill County",32001,277,71,348,0.7959770115
Male,Nevada,32,"Clark County",32003,14557,3733,18290,0.7958993986
Male,Nevada,32,"Douglas County",32005,918,160,1078,0.8515769944
Male,Nevada,32,"Elko County",32007,256,82,338,0.7573964497
Male,Nevada,32,"Esmeralda County",32009,.,.,.,0.8
Male,Nevada,32,"Eureka County",32011,.,.,.,0.7142857143
Male,Nevada,32,"Humboldt County",32013,159,46,205,0.7756097561
Male,Nevada,32,"Lander County",32015,36,12,48,0.75
Male,Nevada,32,"Lincoln County",32017,79,14,93,0.8494623656
Male,Nevada,32,"Lyon County",32019,695,138,833,0.8343337335
Male,Nevada,32,"Mineral County",32021,60,13,73,0.8219178082
Male,Nevada,32,"Nye County",32023,627,145,772,0.8121761658
Male,Nevada,32,"Pershing County",32027,54,16,70,0.7714285714
Male,Nevada,32,"Storey County",32029,.,.,.,0.8387096774
Male,Nevada,32,"Washoe County",32031,3704,821,4525,0.8185635359
Male,Nevada,32,"White Pine County",32033,120,22,142,0.8450704225
Male,Nevada,32,"Carson City",32510,703,130,833,0.843937575
Male,Nevada,32,,32999,.,.,.,0.7826086957
Male,"New Hampshire",33,"Belknap County",33001,1412,193,1605,0.8797507788
Male,"New Hampshire",33,"Carroll County",33003,1353,201,1554,0.8706563707
Male,"New Hampshire",33,"Cheshire County",33005,1241,160,1401,0.8857958601
Male,"New Hampshire",33,"Coos County",33007,811,115,926,0.8758099352
Male,"New Hampshire",33,"Grafton County",33009,1513,221,1734,0.8725490196
Male,"New Hampshire",33,"Hillsborough County",33011,5600,827,6427,0.8713241014
Male,"New Hampshire",33,"Merrimack County",33013,2689,375,3064,0.8776109661
Male,"New Hampshire",33,"Rockingham County",33015,4999,676,5675,0.8808810573
Male,"New Hampshire",33,"Strafford County",33017,1597,264,1861,0.8581407845
Male,"New Hampshire",33,"Sullivan County",33019,857,142,999,0.8578578579
Male,"New Hampshire",33,,33999,.,.,.,0.5
Male,"New Jersey",34,"Atlantic County",34001,4995,924,5919,0.8438925494
Male,"New Jersey",34,"Bergen County",34003,12421,2057,14478,0.857922365
Male,"New Jersey",34,"Burlington County",34005,6504,987,7491,0.8682418903
Male,"New Jersey",34,"Camden County",34007,6882,1260,8142,0.8452468681
Male,"New Jersey",34,"Cape May County",34009,2656,375,3031,0.876278456
Male,"New Jersey",34,"Cumberland County",34011,2289,420,2709,0.8449612403
Male,"New Jersey",34,"Essex County",34013,6590,1585,8175,0.806116208
Male,"New Jersey",34,"Gloucester County",34015,4365,650,5015,0.8703888335
Male,"New Jersey",34,"Hudson County",34017,4833,1206,6039,0.8002980626
Male,"New Jersey",34,"Hunterdon County",34019,2167,301,2468,0.8780388979
Male,"New Jersey",34,"Mercer County",34021,4885,922,5807,0.8412261064
Male,"New Jersey",34,"Middlesex County",34023,10081,1808,11889,0.8479266549
Male,"New Jersey",34,"Monmouth County",34025,9861,1707,11568,0.8524377593
Male,"New Jersey",34,"Morris County",34027,6813,1062,7875,0.8651428571
Male,"New Jersey",34,"Ocean County",34029,13031,1992,15023,0.8674033149
Male,"New Jersey",34,"Passaic County",34031,5961,1186,7147,0.8340562474
Male,"New Jersey",34,"Salem County",34033,1272,213,1485,0.8565656566
Male,"New Jersey",34,"Somerset County",34035,4320,703,5023,0.8600437985
Male,"New Jersey",34,"Sussex County",34037,2525,392,2917,0.8656153582
Male,"New Jersey",34,"Union County",34039,5659,1148,6807,0.8313500808
Male,"New Jersey",34,"Warren County",34041,1941,385,2326,0.8344797936
Male,"New Jersey",34,,34999,.,.,.,0.8360655738
Male,"New Mexico",35,"Bernalillo County",35001,3599,872,4471,0.8049653321
Male,"New Mexico",35,"Catron County",35003,54,15,69,0.7826086957
Male,"New Mexico",35,"Chaves County",35005,905,201,1106,0.8182640145
Male,"New Mexico",35,"Cibola County",35006,169,46,215,0.7860465116
Male,"New Mexico",35,"Colfax County",35007,153,38,191,0.8010471204
Male,"New Mexico",35,"Curry County",35009,520,114,634,0.8201892744
Male,"New Mexico",35,"DeBaca County",35011,33,11,44,0.75
Male,"New Mexico",35,"Dona Ana County",35013,1917,417,2334,0.8213367609
Male,"New Mexico",35,"Eddy County",35015,677,214,891,0.7598204265
Male,"New Mexico",35,"Grant County",35017,336,86,422,0.7962085308
Male,"New Mexico",35,"Guadalupe County",35019,54,13,67,0.8059701493
Male,"New Mexico",35,"Harding County",35021,14,0,14,1
Male,"New Mexico",35,"Hidalgo County",35023,60,12,72,0.8333333333
Male,"New Mexico",35,"Lea County",35025,697,162,859,0.8114086147
Male,"New Mexico",35,"Lincoln County",35027,326,82,408,0.7990196078
Male,"New Mexico",35,"Los Alamos County",35028,.,.,.,0.8245614035
Male,"New Mexico",35,"Luna County",35029,352,105,457,0.7702407002
Male,"New Mexico",35,"McKinley County",35031,280,125,405,0.6913580247
Male,"New Mexico",35,"Mora County",35033,58,11,69,0.8405797101
Male,"New Mexico",35,"Otero County",35035,499,147,646,0.7724458204
Male,"New Mexico",35,"Quay County",35037,169,49,218,0.7752293578
Male,"New Mexico",35,"Rio Arriba County",35039,288,84,372,0.7741935484
Male,"New Mexico",35,"Roosevelt County",35041,249,69,318,0.7830188679
Male,"New Mexico",35,"Sandoval County",35043,906,224,1130,0.8017699115
Male,"New Mexico",35,"San Juan County",35045,1115,334,1449,0.7694962043
Male,"New Mexico",35,"San Miguel County",35047,289,96,385,0.7506493506
Male,"New Mexico",35,"Santa Fe County",35049,1341,324,1665,0.8054054054
Male,"New Mexico",35,"Sierra County",35051,188,44,232,0.8103448276
Male,"New Mexico",35,"Socorro County",35053,158,49,207,0.7632850242
Male,"New Mexico",35,"Taos County",35055,337,83,420,0.8023809524
Male,"New Mexico",35,"Torrance County",35057,112,40,152,0.7368421053
Male,"New Mexico",35,"Union County",35059,68,18,86,0.7906976744
Male,"New Mexico",35,"Valencia County",35061,503,112,615,0.8178861789
Male,"New Mexico",35,,35999,.,.,.,0.95
Male,"New York",36,"Albany County",36001,3132,456,3588,0.872909699
Male,"New York",36,"Allegany County",36003,662,119,781,0.847631242
Male,"New York",36,"Bronx County",36005,6882,1841,8723,0.7889487562
Male,"New York",36,"Broome County",36007,3001,490,3491,0.8596390719
Male,"New York",36,"Cattaraugus County",36009,945,207,1152,0.8203125
Male,"New York",36,"Cayuga County",36011,1019,150,1169,0.871685201
Male,"New York",36,"Chautauqua County",36013,1967,321,2288,0.8597027972
Male,"New York",36,"Chemung County",36015,1324,209,1533,0.8636660144
Male,"New York",36,"Chenango County",36017,748,127,875,0.8548571429
Male,"New York",36,"Clinton County",36019,1417,253,1670,0.848502994
Male,"New York",36,"Columbia County",36021,949,157,1106,0.8580470163
Male,"New York",36,"Cortland County",36023,470,72,542,0.8671586716
Male,"New York",36,"Delaware County",36025,1034,159,1193,0.8667225482
Male,"New York",36,"Dutchess County",36027,4419,699,5118,0.8634232122
Male,"New York",36,"Erie County",36029,7418,1373,8791,0.8438175407
Male,"New York",36,"Essex County",36031,691,110,801,0.8626716604
Male,"New York",36,"Franklin County",36033,919,128,1047,0.8777459408
Male,"New York",36,"Fulton County",36035,789,145,934,0.8447537473
Male,"New York",36,"Genesee County",36037,618,105,723,0.8547717842
Male,"New York",36,"Greene County",36039,789,129,918,0.8594771242
Male,"New York",36,"Hamilton County",36041,119,18,137,0.8686131387
Male,"New York",36,"Herkimer County",36043,938,137,1075,0.8725581395
Male,"New York",36,"Jefferson County",36045,1274,196,1470,0.8666666667
Male,"New York",36,"Kings County",36047,19707,4604,24311,0.8106207067
Male,"New York",36,"Lewis County",36049,444,55,499,0.8897795591
Male,"New York",36,"Livingston County",36051,561,88,649,0.8644067797
Male,"New York",36,"Madison County",36053,761,107,868,0.8767281106
Male,"New York",36,"Monroe County",36055,5189,1009,6198,0.8372055502
Male,"New York",36,"Montgomery County",36057,756,136,892,0.8475336323
Male,"New York",36,"Nassau County",36059,19090,3560,22650,0.8428256071
Male,"New York",36,"New York County",36061,12160,2733,14893,0.8164909689
Male,"New York",36,"Niagara County",36063,2323,349,2672,0.8693862275
Male,"New York",36,"Oneida County",36065,3025,557,3582,0.8445002792
Male,"New York",36,"Onondaga County",36067,4977,803,5780,0.8610726644
Male,"New York",36,"Ontario County",36069,988,161,1149,0.8598781549
Male,"New York",36,"Orange County",36071,4759,906,5665,0.840070609
Male,"New York",36,"Orleans County",36073,490,119,609,0.8045977011
Male,"New York",36,"Oswego County",36075,1594,269,1863,0.8556092324
Male,"New York",36,"Otsego County",36077,1150,163,1313,0.8758568165
Male,"New York",36,"Putnam County",36079,1453,247,1700,0.8547058824
Male,"New York",36,"Queens County",36081,17108,3595,20703,0.8263536686
Male,"New York",36,"Rensselaer County",36083,1656,287,1943,0.8522902728
Male,"New York",36,"Richmond County",36085,5174,943,6117,0.8458394638
Male,"New York",36,"Rockland County",36087,4211,713,4924,0.8551990252
Male,"New York",36,"St. Lawrence County",36089,1962,310,2272,0.863556338
Male,"New York",36,"Saratoga County",36091,2687,401,3088,0.870142487
Male,"New York",36,"Schenectady County",36093,1548,281,1829,0.8463641334
Male,"New York",36,"Schoharie County",36095,561,79,640,0.8765625
Male,"New York",36,"Schuyler County",36097,321,56,377,0.8514588859
Male,"New York",36,"Seneca County",36099,481,87,568,0.8468309859
Male,"New York",36,"Steuben County",36101,1540,243,1783,0.8637128435
Male,"New York",36,"Suffolk County",36103,24957,4362,29319,0.8512227566
Male,"New York",36,"Sullivan County",36105,1461,293,1754,0.8329532497
Male,"New York",36,"Tioga County",36107,812,111,923,0.8797399783
Male,"New York",36,"Tompkins County",36109,858,148,1006,0.8528827038
Male,"New York",36,"Ulster County",36111,2959,500,3459,0.8554495519
Male,"New York",36,"Warren County",36113,915,155,1070,0.8551401869
Male,"New York",36,"Washington County",36115,829,108,937,0.8847385272
Male,"New York",36,"Wayne County",36117,952,168,1120,0.85
Male,"New York",36,"Westchester County",36119,11634,2067,13701,0.8491350996
Male,"New York",36,"Wyoming County",36121,475,78,553,0.8589511754
Male,"New York",36,"Yates County",36123,295,52,347,0.8501440922
Male,"New York",36,,36999,98,18,116,0.8448275862
Male,"North Carolina",37,"Alamance County",37001,1549,332,1881,0.8234981393
Male,"North Carolina",37,"Alexander County",37003,541,132,673,0.8038632987
Male,"North Carolina",37,"Alleghany County",37005,225,50,275,0.8181818182
Male,"North Carolina",37,"Anson County",37007,415,93,508,0.8169291339
Male,"North Carolina",37,"Ashe County",37009,561,105,666,0.8423423423
Male,"North Carolina",37,"Avery County",37011,306,53,359,0.852367688
Male,"North Carolina",37,"Beaufort County",37013,1001,205,1206,0.8300165837
Male,"North Carolina",37,"Bertie County",37015,391,125,516,0.757751938
Male,"North Carolina",37,"Bladen County",37017,628,182,810,0.775308642
Male,"North Carolina",37,"Brunswick County",37019,3772,550,4322,0.8727441
Male,"North Carolina",37,"Buncombe County",37021,3367,563,3930,0.8567430025
Male,"North Carolina",37,"Burke County",37023,1310,258,1568,0.8354591837
Male,"North Carolina",37,"Cabarrus County",37025,1952,373,2325,0.8395698925
Male,"North Carolina",37,"Caldwell County",37027,1214,284,1498,0.8104138852
Male,"North Carolina",37,"Camden County",37029,152,30,182,0.8351648352
Male,"North Carolina",37,"Carteret County",37031,1195,210,1405,0.8505338078
Male,"North Carolina",37,"Caswell County",37033,352,68,420,0.8380952381
Male,"North Carolina",37,"Catawba County",37035,2050,402,2452,0.8360522023
Male,"North Carolina",37,"Chatham County",37037,1126,173,1299,0.8668206313
Male,"North Carolina",37,"Cherokee County",37039,680,110,790,0.8607594937
Male,"North Carolina",37,"Chowan County",37041,299,70,369,0.810298103
Male,"North Carolina",37,"Clay County",37043,250,43,293,0.8532423208
Male,"North Carolina",37,"Cleveland County",37045,1710,359,2069,0.8264862252
Male,"North Carolina",37,"Columbus County",37047,1097,305,1402,0.7824536377
Male,"North Carolina",37,"Craven County",37049,1433,326,1759,0.8146674247
Male,"North Carolina",37,"Cumberland County",37051,2160,636,2796,0.7725321888
Male,"North Carolina",37,"Currituck County",37053,388,72,460,0.8434782609
Male,"North Carolina",37,"Dare County",37055,723,85,808,0.8948019802
Male,"North Carolina",37,"Davidson County",37057,1911,356,2267,0.84296427
Male,"North Carolina",37,"Davie County",37059,544,118,662,0.8217522659
Male,"North Carolina",37,"Duplin County",37061,818,209,1027,0.7964946446
Male,"North Carolina",37,"Durham County",37063,2461,531,2992,0.822526738
Male,"North Carolina",37,"Edgecombe County",37065,946,271,1217,0.7773212818
Male,"North Carolina",37,"Forsyth County",37067,3113,612,3725,0.835704698
Male,"North Carolina",37,"Franklin County",37069,814,205,1019,0.7988223749
Male,"North Carolina",37,"Gaston County",37071,2556,601,3157,0.809629395
Male,"North Carolina",37,"Gates County",37073,181,46,227,0.7973568282
Male,"North Carolina",37,"Graham County",37075,141,30,171,0.8245614035
Male,"North Carolina",37,"Granville County",37077,857,165,1022,0.8385518591
Male,"North Carolina",37,"Greene County",37079,305,70,375,0.8133333333
Male,"North Carolina",37,"Guilford County",37081,4226,905,5131,0.8236211265
Male,"North Carolina",37,"Halifax County",37083,994,309,1303,0.7628549501
Male,"North Carolina",37,"Harnett County",37085,1354,349,1703,0.7950675279
Male,"North Carolina",37,"Haywood County",37087,1153,209,1362,0.8465491924
Male,"North Carolina",37,"Henderson County",37089,2034,341,2375,0.8564210526
Male,"North Carolina",37,"Hertford County",37091,372,124,496,0.75
Male,"North Carolina",37,"Hoke County",37093,359,109,468,0.7670940171
Male,"North Carolina",37,"Hyde County",37095,94,15,109,0.8623853211
Male,"North Carolina",37,"Iredell County",37097,2088,435,2523,0.8275862069
Male,"North Carolina",37,"Jackson County",37099,545,112,657,0.8295281583
Male,"North Carolina",37,"Johnston County",37101,2502,555,3057,0.8184494603
Male,"North Carolina",37,"Jones County",37103,185,41,226,0.8185840708
Male,"North Carolina",37,"Lee County",37105,873,188,1061,0.8228086711
Male,"North Carolina",37,"Lenoir County",37107,1043,351,1394,0.7482065997
Male,"North Carolina",37,"Lincoln County",37109,1338,241,1579,0.8473717543
Male,"North Carolina",37,"McDowell County",37111,785,155,940,0.835106383
Male,"North Carolina",37,"Macon County",37113,806,154,960,0.8395833333
Male,"North Carolina",37,"Madison County",37115,380,50,430,0.8837209302
Male,"North Carolina",37,"Martin County",37117,512,166,678,0.7551622419
Male,"North Carolina",37,"Mecklenburg County",37119,7201,1519,8720,0.8258027523
Male,"North Carolina",37,"Mitchell County",37121,300,47,347,0.8645533141
Male,"North Carolina",37,"Montgomery County",37123,417,97,514,0.8112840467
Male,"North Carolina",37,"Moore County",37125,1688,312,2000,0.844
Male,"North Carolina",37,"Nash County",37127,1591,389,1980,0.8035353535
Male,"North Carolina",37,"New Hanover County",37129,3263,580,3843,0.8490762425
Male,"North Carolina",37,"Northampton County",37131,423,127,550,0.7690909091
Male,"North Carolina",37,"Onslow County",37133,1307,291,1598,0.8178973717
Male,"North Carolina",37,"Orange County",37135,1233,214,1447,0.8521078093
Male,"North Carolina",37,"Pamlico County",37137,328,50,378,0.8677248677
Male,"North Carolina",37,"Pasquotank County",37139,525,140,665,0.7894736842
Male,"North Carolina",37,"Pender County",37141,994,202,1196,0.8311036789
Male,"North Carolina",37,"Perquimans County",37143,291,68,359,0.8105849582
Male,"North Carolina",37,"Person County",37145,627,141,768,0.81640625
Male,"North Carolina",37,"Pitt County",37147,2070,552,2622,0.7894736842
Male,"North Carolina",37,"Polk County",37149,425,72,497,0.8551307847
Male,"North Carolina",37,"Randolph County",37151,1595,340,1935,0.8242894057
Male,"North Carolina",37,"Richmond County",37153,765,216,981,0.7798165138
Male,"North Carolina",37,"Robeson County",37155,1810,513,2323,0.779164873
Male,"North Carolina",37,"Rockingham County",37157,1157,250,1407,0.8223169865
Male,"North Carolina",37,"Rowan County",37159,1637,354,1991,0.8221998995
Male,"North Carolina",37,"Rutherford County",37161,1168,264,1432,0.8156424581
Male,"North Carolina",37,"Sampson County",37163,1044,254,1298,0.8043143297
Male,"North Carolina",37,"Scotland County",37165,547,161,708,0.7725988701
Male,"North Carolina",37,"Stanly County",37167,1058,240,1298,0.8151001541
Male,"North Carolina",37,"Stokes County",37169,523,98,621,0.8421900161
Male,"North Carolina",37,"Surry County",37171,1095,203,1298,0.843605547
Male,"North Carolina",37,"Swain County",37173,206,74,280,0.7357142857
Male,"North Carolina",37,"Transylvania County",37175,696,105,801,0.8689138577
Male,"North Carolina",37,"Tyrrell County",37177,.,.,.,0.8787878788
Male,"North Carolina",37,"Union County",37179,2207,388,2595,0.8504816956
Male,"North Carolina",37,"Vance County",37181,625,168,793,0.7881462799
Male,"North Carolina",37,"Wake County",37183,8571,1586,10157,0.843851531
Male,"North Carolina",37,"Warren County",37185,345,85,430,0.8023255814
Male,"North Carolina",37,"Washington County",37187,231,87,318,0.7264150943
Male,"North Carolina",37,"Watauga County",37189,632,119,751,0.8415446072
Male,"North Carolina",37,"Wayne County",37191,1554,451,2005,0.7750623441
Male,"North Carolina",37,"Wilkes County",37193,1253,199,1452,0.8629476584
Male,"North Carolina",37,"Wilson County",37195,1304,339,1643,0.7936701156
Male,"North Carolina",37,"Yadkin County",37197,485,90,575,0.8434782609
Male,"North Carolina",37,"Yancey County",37199,331,47,378,0.8756613757
Male,"North Carolina",37,,37999,71,24,95,0.7473684211
Male,"North Dakota",38,"Adams County",38001,71,13,84,0.8452380952
Male,"North Dakota",38,"Barnes County",38003,199,20,219,0.9086757991
Male,"North Dakota",38,"Benson County",38005,108,26,134,0.8059701493
Male,"North Dakota",38,"Billings County",38007,.,.,.,0.8823529412
Male,"North Dakota",38,"Bottineau County",38009,157,21,178,0.8820224719
Male,"North Dakota",38,"Bowman County",38011,.,.,.,0.9294117647
Male,"North Dakota",38,"Burke County",38013,.,.,.,0.8181818182
Male,"North Dakota",38,"Burleigh County",38015,1396,179,1575,0.8863492063
Male,"North Dakota",38,"Cass County",38017,1647,198,1845,0.8926829268
Male,"North Dakota",38,"Cavalier County",38019,.,.,.,0.9310344828
Male,"North Dakota",38,"Dickey County",38021,107,15,122,0.8770491803
Male,"North Dakota",38,"Divide County",38023,.,.,.,0.9066666667
Male,"North Dakota",38,"Dunn County",38025,.,.,.,0.8850574713
Male,"North Dakota",38,"Eddy County",38027,56,11,67,0.8358208955
Male,"North Dakota",38,"Emmons County",38029,.,.,.,0.9263157895
Male,"North Dakota",38,"Foster County",38031,84,12,96,0.875
Male,"North Dakota",38,"Golden Valley County",38033,.,.,.,0.7619047619
Male,"North Dakota",38,"Grand Forks County",38035,768,106,874,0.8787185355
Male,"North Dakota",38,"Grant County",38037,86,11,97,0.8865979381
Male,"North Dakota",38,"Griggs County",38039,64,16,80,0.8
Male,"North Dakota",38,"Hettinger County",38041,.,.,.,0.9545454545
Male,"North Dakota",38,"Kidder County",38043,.,.,.,0.9146341463
Male,"North Dakota",38,"LaMoure County",38045,115,11,126,0.9126984127
Male,"North Dakota",38,"Logan County",38047,.,.,.,0.8837209302
Male,"North Dakota",38,"McHenry County",38049,104,17,121,0.8595041322
Male,"North Dakota",38,"McIntosh County",38051,.,.,.,0.8876404494
Male,"North Dakota",38,"McKenzie County",38053,118,12,130,0.9076923077
Male,"North Dakota",38,"McLean County",38055,254,24,278,0.9136690647
Male,"North Dakota",38,"Mercer County",38057,146,21,167,0.874251497
Male,"North Dakota",38,"Morton County",38059,530,68,598,0.8862876254
Male,"North Dakota",38,"Mountrail County",38061,103,26,129,0.7984496124
Male,"North Dakota",38,"Nelson County",38063,83,12,95,0.8736842105
Male,"North Dakota",38,"Oliver County",38065,.,.,.,0.8823529412
Male,"North Dakota",38,"Pembina County",38067,191,19,210,0.9095238095
Male,"North Dakota",38,"Pierce County",38069,116,12,128,0.90625
Male,"North Dakota",38,"Ramsey County",38071,275,48,323,0.8513931889
Male,"North Dakota",38,"Ransom County",38073,124,22,146,0.8493150685
Male,"North Dakota",38,"Renville County",38075,.,.,.,0.8813559322
Male,"North Dakota",38,"Richland County",38077,283,24,307,0.9218241042
Male,"North Dakota",38,"Rolette County",38079,145,31,176,0.8238636364
Male,"North Dakota",38,"Sargent County",38081,105,13,118,0.8898305085
Male,"North Dakota",38,"Sheridan County",38083,.,.,.,0.9019607843
Male,"North Dakota",38,"Sioux County",38085,.,.,.,0.75
Male,"North Dakota",38,"Slope County",38087,19,0,19,1
Male,"North Dakota",38,"Stark County",38089,461,50,511,0.9021526419
Male,"North Dakota",38,"Steele County",38091,.,.,.,0.8947368421
Male,"North Dakota",38,"Stutsman County",38093,356,44,400,0.89
Male,"North Dakota",38,"Towner County",38095,.,.,.,0.9402985075
Male,"North Dakota",38,"Traill County",38097,151,19,170,0.8882352941
Male,"North Dakota",38,"Walsh County",38099,259,33,292,0.8869863014
Male,"North Dakota",38,"Ward County",38101,759,115,874,0.8684210526
Male,"North Dakota",38,"Wells County",38103,135,21,156,0.8653846154
Male,"North Dakota",38,"Williams County",38105,322,57,379,0.8496042216
Male,"North Dakota",38,,38999,.,0,.,1
Male,Ohio,39,"Adams County",39001,463,125,588,0.787414966
Male,Ohio,39,"Allen County",39003,2111,346,2457,0.8591778592
Male,Ohio,39,"Ashland County",39005,808,114,922,0.8763557484
Male,Ohio,39,"Ashtabula County",39007,1939,331,2270,0.854185022
Male,Ohio,39,"Athens County",39009,668,153,821,0.8136419001
Male,Ohio,39,"Auglaize County",39011,978,149,1127,0.8677905945
Male,Ohio,39,"Belmont County",39013,880,173,1053,0.8357075024
Male,Ohio,39,"Brown County",39015,604,119,723,0.8354080221
Male,Ohio,39,"Butler County",39017,4140,805,4945,0.8372093023
Male,Ohio,39,"Carroll County",39019,392,48,440,0.8909090909
Male,Ohio,39,"Champaign County",39021,545,90,635,0.8582677165
Male,Ohio,39,"Clark County",39023,1586,344,1930,0.821761658
Male,Ohio,39,"Clermont County",39025,2078,380,2458,0.8454027665
Male,Ohio,39,"Clinton County",39027,551,92,643,0.8569206843
Male,Ohio,39,"Columbiana County",39029,1558,285,1843,0.8453608247
Male,Ohio,39,"Coshocton County",39031,777,121,898,0.8652561247
Male,Ohio,39,"Crawford County",39033,926,143,1069,0.8662301216
Male,Ohio,39,"Cuyahoga County",39035,15434,2976,18410,0.8383487235
Male,Ohio,39,"Darke County",39037,863,146,1009,0.8553022795
Male,Ohio,39,"Defiance County",39039,924,139,1063,0.8692380056
Male,Ohio,39,"Delaware County",39041,2055,323,2378,0.8641715728
Male,Ohio,39,"Erie County",39043,1524,260,1784,0.8542600897
Male,Ohio,39,"Fairfield County",39045,1703,299,2002,0.8506493506
Male,Ohio,39,"Fayette County",39047,393,84,477,0.8238993711
Male,Ohio,39,"Franklin County",39049,9500,2012,11512,0.8252258513
Male,Ohio,39,"Fulton County",39051,805,153,958,0.8402922756
Male,Ohio,39,"Gallia County",39053,557,121,678,0.8215339233
Male,Ohio,39,"Geauga County",39055,1474,212,1686,0.8742586002
Male,Ohio,39,"Greene County",39057,1511,301,1812,0.8338852097
Male,Ohio,39,"Guernsey County",39059,832,144,976,0.8524590164
Male,Ohio,39,"Hamilton County",39061,7542,1635,9177,0.8218372017
Male,Ohio,39,"Hancock County",39063,1178,184,1362,0.8649045521
Male,Ohio,39,"Hardin County",39065,591,106,697,0.8479196557
Male,Ohio,39,"Harrison County",39067,326,43,369,0.8834688347
Male,Ohio,39,"Henry County",39069,623,92,715,0.8713286713
Male,Ohio,39,"Highland County",39071,666,155,821,0.8112058465
Male,Ohio,39,"Hocking County",39073,526,111,637,0.8257456829
Male,Ohio,39,"Holmes County",39075,359,51,410,0.8756097561
Male,Ohio,39,"Huron County",39077,1133,148,1281,0.8844652615
Male,Ohio,39,"Jackson County",39079,579,127,706,0.8201133144
Male,Ohio,39,"Jefferson County",39081,1314,275,1589,0.8269351794
Male,Ohio,39,"Knox County",39083,965,187,1152,0.8376736111
Male,Ohio,39,"Lake County",39085,3587,586,4173,0.8595734484
Male,Ohio,39,"Lawrence County",39087,1186,272,1458,0.8134430727
Male,Ohio,39,"Licking County",39089,2044,360,2404,0.850249584
Male,Ohio,39,"Logan County",39091,885,143,1028,0.8608949416
Male,Ohio,39,"Lorain County",39093,5339,922,6261,0.852739179
Male,Ohio,39,"Lucas County",39095,6146,1302,7448,0.8251879699
Male,Ohio,39,"Madison County",39097,507,100,607,0.8352553542
Male,Ohio,39,"Mahoning County",39099,3412,607,4019,0.8489674048
Male,Ohio,39,"Marion County",39101,1100,221,1321,0.8327024981
Male,Ohio,39,"Medina County",39103,2441,376,2817,0.8665246716
Male,Ohio,39,"Meigs County",39105,443,87,530,0.8358490566
Male,Ohio,39,"Mercer County",39107,927,132,1059,0.8753541076
Male,Ohio,39,"Miami County",39109,1499,271,1770,0.8468926554
Male,Ohio,39,"Monroe County",39111,256,33,289,0.8858131488
Male,Ohio,39,"Montgomery County",39113,5555,1208,6763,0.8213810439
Male,Ohio,39,"Morgan County",39115,270,48,318,0.8490566038
Male,Ohio,39,"Morrow County",39117,559,108,667,0.8380809595
Male,Ohio,39,"Muskingum County",39119,1763,317,2080,0.8475961538
Male,Ohio,39,"Noble County",39121,257,47,304,0.8453947368
Male,Ohio,39,"Ottawa County",39123,1028,179,1207,0.8516984258
Male,Ohio,39,"Paulding County",39125,442,59,501,0.8822355289
Male,Ohio,39,"Perry County",39127,608,117,725,0.8386206897
Male,Ohio,39,"Pickaway County",39129,671,130,801,0.8377028714
Male,Ohio,39,"Pike County",39131,498,111,609,0.8177339901
Male,Ohio,39,"Portage County",39133,2057,304,2361,0.8712409996
Male,Ohio,39,"Preble County",39135,692,102,794,0.8715365239
Male,Ohio,39,"Putnam County",39137,787,116,903,0.8715393134
Male,Ohio,39,"Richland County",39139,2194,378,2572,0.8530326594
Male,Ohio,39,"Ross County",39141,1110,201,1311,0.8466819222
Male,Ohio,39,"Sandusky County",39143,1192,224,1416,0.8418079096
Male,Ohio,39,"Scioto County",39145,1561,402,1963,0.7952114111
Male,Ohio,39,"Seneca County",39147,1181,186,1367,0.8639356255
Male,Ohio,39,"Shelby County",39149,829,127,956,0.8671548117
Male,Ohio,39,"Stark County",39151,4609,759,5368,0.8586065574
Male,Ohio,39,"Summit County",39153,6253,1076,7329,0.8531859735
Male,Ohio,39,"Trumbull County",39155,3525,646,4171,0.8451210741
Male,Ohio,39,"Tuscarawas County",39157,1307,218,1525,0.8570491803
Male,Ohio,39,"Union County",39159,665,92,757,0.8784676354
Male,Ohio,39,"Van Wert County",39161,631,94,725,0.8703448276
Male,Ohio,39,"Vinton County",39163,245,47,292,0.8390410959
Male,Ohio,39,"Warren County",39165,2283,418,2701,0.8452425028
Male,Ohio,39,"Washington County",39167,1258,210,1468,0.8569482289
Male,Ohio,39,"Wayne County",39169,1723,236,1959,0.8795303726
Male,Ohio,39,"Williams County",39171,731,113,844,0.8661137441
Male,Ohio,39,"Wood County",39173,1869,283,2152,0.8684944238
Male,Ohio,39,"Wyandot County",39175,413,69,482,0.856846473
Male,Ohio,39,,39999,.,.,.,0.8461538462
Male,Oklahoma,40,"Adair County",40001,259,65,324,0.799382716
Male,Oklahoma,40,"Alfalfa County",40003,94,23,117,0.8034188034
Male,Oklahoma,40,"Atoka County",40005,239,73,312,0.766025641
Male,Oklahoma,40,"Beaver County",40007,67,17,84,0.7976190476
Male,Oklahoma,40,"Beckham County",40009,261,76,337,0.7744807122
Male,Oklahoma,40,"Blaine County",40011,187,55,242,0.7727272727
Male,Oklahoma,40,"Bryan County",40013,644,206,850,0.7576470588
Male,Oklahoma,40,"Caddo County",40015,380,116,496,0.7661290323
Male,Oklahoma,40,"Canadian County",40017,1243,261,1504,0.826462766
Male,Oklahoma,40,"Carter County",40019,804,210,1014,0.7928994083
Male,Oklahoma,40,"Cherokee County",40021,492,134,626,0.785942492
Male,Oklahoma,40,"Choctaw County",40023,287,88,375,0.7653333333
Male,Oklahoma,40,"Cimarron County",40025,46,15,61,0.7540983607
Male,Oklahoma,40,"Cleveland County",40027,2573,514,3087,0.8334953029
Male,Oklahoma,40,"Coal County",40029,104,23,127,0.8188976378
Male,Oklahoma,40,"Comanche County",40031,849,248,1097,0.773928897
Male,Oklahoma,40,"Cotton County",40033,91,19,110,0.8272727273
Male,Oklahoma,40,"Craig County",40035,224,55,279,0.8028673835
Male,Oklahoma,40,"Creek County",40037,907,237,1144,0.7928321678
Male,Oklahoma,40,"Custer County",40039,350,87,437,0.8009153318
Male,Oklahoma,40,"Delaware County",40041,762,192,954,0.7987421384
Male,Oklahoma,40,"Dewey County",40043,76,31,107,0.7102803738
Male,Oklahoma,40,"Ellis County",40045,89,23,112,0.7946428571
Male,Oklahoma,40,"Garfield County",40047,918,216,1134,0.8095238095
Male,Oklahoma,40,"Garvin County",40049,454,103,557,0.8150807899
Male,Oklahoma,40,"Grady County",40051,747,148,895,0.8346368715
Male,Oklahoma,40,"Grant County",40053,101,25,126,0.8015873016
Male,Oklahoma,40,"Greer County",40055,100,30,130,0.7692307692
Male,Oklahoma,40,"Harmon County",40057,69,19,88,0.7840909091
Male,Oklahoma,40,"Harper County",40059,82,11,93,0.8817204301
Male,Oklahoma,40,"Haskell County",40061,226,61,287,0.787456446
Male,Oklahoma,40,"Hughes County",40063,204,48,252,0.8095238095
Male,Oklahoma,40,"Jackson County",40065,287,58,345,0.831884058
Male,Oklahoma,40,"Jefferson County",40067,124,27,151,0.821192053
Male,Oklahoma,40,"Johnston County",40069,175,57,232,0.7543103448
Male,Oklahoma,40,"Kay County",40071,799,199,998,0.8006012024
Male,Oklahoma,40,"Kingfisher County",40073,240,54,294,0.8163265306
Male,Oklahoma,40,"Kiowa County",40075,185,41,226,0.8185840708
Male,Oklahoma,40,"Latimer County",40077,198,56,254,0.7795275591
Male,Oklahoma,40,"Le Flore County",40079,883,247,1130,0.7814159292
Male,Oklahoma,40,"Lincoln County",40081,429,102,531,0.8079096045
Male,Oklahoma,40,"Logan County",40083,512,114,626,0.8178913738
Male,Oklahoma,40,"Love County",40085,197,51,248,0.7943548387
Male,Oklahoma,40,"McClain County",40087,522,112,634,0.8233438486
Male,Oklahoma,40,"McCurtain County",40089,554,210,764,0.7251308901
Male,Oklahoma,40,"McIntosh County",40091,376,81,457,0.8227571116
Male,Oklahoma,40,"Major County",40093,157,26,183,0.8579234973
Male,Oklahoma,40,"Marshall County",40095,299,90,389,0.7686375321
Male,Oklahoma,40,"Mayes County",40097,612,155,767,0.7979139505
Male,Oklahoma,40,"Murray County",40099,224,62,286,0.7832167832
Male,Oklahoma,40,"Muskogee County",40101,984,276,1260,0.780952381
Male,Oklahoma,40,"Noble County",40103,229,43,272,0.8419117647
Male,Oklahoma,40,"Nowata County",40105,149,43,192,0.7760416667
Male,Oklahoma,40,"Okfuskee County",40107,183,53,236,0.7754237288
Male,Oklahoma,40,"Oklahoma County",40109,6581,1601,8182,0.8043265705
Male,Oklahoma,40,"Okmulgee County",40111,559,166,725,0.7710344828
Male,Oklahoma,40,"Osage County",40113,655,168,823,0.7958687728
Male,Oklahoma,40,"Ottawa County",40115,500,129,629,0.7949125596
Male,Oklahoma,40,"Pawnee County",40117,258,57,315,0.819047619
Male,Oklahoma,40,"Payne County",40119,1008,239,1247,0.808340016
Male,Oklahoma,40,"Pittsburg County",40121,721,179,900,0.8011111111
Male,Oklahoma,40,"Pontotoc County",40123,569,134,703,0.8093883357
Male,Oklahoma,40,"Pottawatomie County",40125,828,207,1035,0.8
Male,Oklahoma,40,"Pushmataha County",40127,210,79,289,0.7266435986
Male,Oklahoma,40,"Roger Mills County",40129,54,18,72,0.75
Male,Oklahoma,40,"Rogers County",40131,1217,267,1484,0.8200808625
Male,Oklahoma,40,"Seminole County",40133,383,108,491,0.7800407332
Male,Oklahoma,40,"Sequoyah County",40135,612,193,805,0.7602484472
Male,Oklahoma,40,"Stephens County",40137,752,189,941,0.7991498406
Male,Oklahoma,40,"Texas County",40139,203,63,266,0.7631578947
Male,Oklahoma,40,"Tillman County",40141,125,41,166,0.7530120482
Male,Oklahoma,40,"Tulsa County",40143,6202,1547,7749,0.8003613369
Male,Oklahoma,40,"Wagoner County",40145,861,228,1089,0.7906336088
Male,Oklahoma,40,"Washington County",40147,974,189,1163,0.8374892519
Male,Oklahoma,40,"Washita County",40149,176,42,218,0.8073394495
Male,Oklahoma,40,"Woods County",40151,187,42,229,0.8165938865
Male,Oklahoma,40,"Woodward County",40153,314,59,373,0.8418230563
Male,Oklahoma,40,,40999,.,.,.,0.8421052632
Male,Oregon,41,"Baker County",41001,270,49,319,0.8463949843
Male,Oregon,41,"Benton County",41003,675,121,796,0.8479899497
Male,Oregon,41,"Clackamas County",41005,2415,441,2856,0.8455882353
Male,Oregon,41,"Clatsop County",41007,669,98,767,0.8722294654
Male,Oregon,41,"Columbia County",41009,450,96,546,0.8241758242
Male,Oregon,41,"Coos County",41011,1471,298,1769,0.8315432448
Male,Oregon,41,"Crook County",41013,339,60,399,0.8496240602
Male,Oregon,41,"Curry County",41015,614,139,753,0.8154050465
Male,Oregon,41,"Deschutes County",41017,2000,411,2411,0.8295313148
Male,Oregon,41,"Douglas County",41019,1726,369,2095,0.8238663484
Male,Oregon,41,"Gilliam County",41021,.,.,.,0.8
Male,Oregon,41,"Grant County",41023,121,22,143,0.8461538462
Male,Oregon,41,"Harney County",41025,119,23,142,0.838028169
Male,Oregon,41,"Hood River County",41027,184,27,211,0.8720379147
Male,Oregon,41,"Jackson County",41029,2746,598,3344,0.8211722488
Male,Oregon,41,"Jefferson County",41031,243,48,291,0.8350515464
Male,Oregon,41,"Josephine County",41033,1336,304,1640,0.8146341463
Male,Oregon,41,"Klamath County",41035,916,189,1105,0.828959276
Male,Oregon,41,"Lake County",41037,136,25,161,0.8447204969
Male,Oregon,41,"Lane County",41039,3746,725,4471,0.8378438828
Male,Oregon,41,"Lincoln County",41041,988,181,1169,0.8451668092
Male,Oregon,41,"Linn County",41043,1338,241,1579,0.8473717543
Male,Oregon,41,"Malheur County",41045,437,82,519,0.8420038536
Male,Oregon,41,"Marion County",41047,2196,440,2636,0.8330804249
Male,Oregon,41,"Morrow County",41049,151,35,186,0.811827957
Male,Oregon,41,"Multnomah County",41051,3599,807,4406,0.8168406718
Male,Oregon,41,"Polk County",41053,613,149,762,0.8044619423
Male,Oregon,41,"Sherman County",41055,.,.,.,0.8936170213
Male,Oregon,41,"Tillamook County",41057,505,112,617,0.8184764992
Male,Oregon,41,"Umatilla County",41059,1003,218,1221,0.8214578215
Male,Oregon,41,"Union County",41061,404,91,495,0.8161616162
Male,Oregon,41,"Wallowa County",41063,155,22,177,0.8757062147
Male,Oregon,41,"Wasco County",41065,416,78,494,0.8421052632
Male,Oregon,41,"Washington County",41067,2678,475,3153,0.8493498256
Male,Oregon,41,"Wheeler County",41069,.,.,.,0.8666666667
Male,Oregon,41,"Yamhill County",41071,846,152,998,0.8476953908
Male,Oregon,41,,41999,.,.,.,0.84
Male,Pennsylvania,42,"Adams County",42001,1608,272,1880,0.8553191489
Male,Pennsylvania,42,"Allegheny County",42003,8348,1627,9975,0.8368922306
Male,Pennsylvania,42,"Armstrong County",42005,628,106,734,0.8555858311
Male,Pennsylvania,42,"Beaver County",42007,1467,284,1751,0.8378069674
Male,Pennsylvania,42,"Bedford County",42009,704,134,838,0.8400954654
Male,Pennsylvania,42,"Berks County",42011,6291,912,7203,0.8733860891
Male,Pennsylvania,42,"Blair County",42013,1454,284,1738,0.836593786
Male,Pennsylvania,42,"Bradford County",42015,1154,197,1351,0.8541820873
Male,Pennsylvania,42,"Bucks County",42017,9426,1327,10753,0.8765925788
Male,Pennsylvania,42,"Butler County",42019,1664,302,1966,0.8463886063
Male,Pennsylvania,42,"Cambria County",42021,1459,249,1708,0.8542154567
Male,Pennsylvania,42,"Cameron County",42023,121,24,145,0.8344827586
Male,Pennsylvania,42,"Carbon County",42025,1241,201,1442,0.8606102635
Male,Pennsylvania,42,"Centre County",42027,1277,160,1437,0.8886569241
Male,Pennsylvania,42,"Chester County",42029,6760,968,7728,0.8747412008
Male,Pennsylvania,42,"Clarion County",42031,580,88,668,0.8682634731
Male,Pennsylvania,42,"Clearfield County",42033,1257,241,1498,0.8391188251
Male,Pennsylvania,42,"Clinton County",42035,586,79,665,0.8812030075
Male,Pennsylvania,42,"Columbia County",42037,955,132,1087,0.8785648574
Male,Pennsylvania,42,"Crawford County",42039,1487,259,1746,0.8516609393
Male,Pennsylvania,42,"Cumberland County",42041,2622,385,3007,0.871965414
Male,Pennsylvania,42,"Dauphin County",42043,2413,462,2875,0.8393043478
Male,Pennsylvania,42,"Delaware County",42045,6697,1101,7798,0.8588099513
Male,Pennsylvania,42,"Elk County",42047,717,111,828,0.865942029
Male,Pennsylvania,42,"Erie County",42049,3306,601,3907,0.8461735347
Male,Pennsylvania,42,"Fayette County",42051,1761,357,2118,0.8314447592
Male,Pennsylvania,42,"Forest County",42053,119,17,136,0.875
Male,Pennsylvania,42,"Franklin County",42055,2523,364,2887,0.8739175615
Male,Pennsylvania,42,"Fulton County",42057,288,38,326,0.8834355828
Male,Pennsylvania,42,"Greene County",42059,419,73,492,0.8516260163
Male,Pennsylvania,42,"Huntingdon County",42061,745,112,857,0.8693115519
Male,Pennsylvania,42,"Indiana County",42063,765,144,909,0.8415841584
Male,Pennsylvania,42,"Jefferson County",42065,716,122,838,0.8544152745
Male,Pennsylvania,42,"Juniata County",42067,372,72,444,0.8378378378
Male,Pennsylvania,42,"Lackawanna County",42069,3466,566,4032,0.8596230159
Male,Pennsylvania,42,"Lancaster County",42071,7041,1016,8057,0.8738984734
Male,Pennsylvania,42,"Lawrence County",42073,979,203,1182,0.8282571912
Male,Pennsylvania,42,"Lebanon County",42075,1768,288,2056,0.859922179
Male,Pennsylvania,42,"Lehigh County",42077,5272,784,6056,0.8705416116
Male,Pennsylvania,42,"Luzerne County",42079,5416,975,6391,0.8474417149
Male,Pennsylvania,42,"Lycoming County",42081,1937,341,2278,0.8503072871
Male,Pennsylvania,42,"Mc Kean County",42083,762,142,904,0.842920354
Male,Pennsylvania,42,"Mercer County",42085,1525,256,1781,0.8562605278
Male,Pennsylvania,42,"Mifflin County",42087,808,138,946,0.8541226216
Male,Pennsylvania,42,"Monroe County",42089,2584,442,3026,0.8539325843
Male,Pennsylvania,42,"Montgomery County",42091,10938,1639,12577,0.8696827542
Male,Pennsylvania,42,"Montour County",42093,250,40,290,0.8620689655
Male,Pennsylvania,42,"Northampton County",42095,5331,745,6076,0.8773864384
Male,Pennsylvania,42,"Northumberland County",42097,1674,275,1949,0.858902001
Male,Pennsylvania,42,"Perry County",42099,556,89,645,0.8620155039
Male,Pennsylvania,42,"Philadelphia County",42101,12416,3057,15473,0.8024300394
Male,Pennsylvania,42,"Pike County",42103,1262,211,1473,0.8567549219
Male,Pennsylvania,42,"Potter County",42105,323,55,378,0.8544973545
Male,Pennsylvania,42,"Schuylkill County",42107,2594,474,3068,0.8455019557
Male,Pennsylvania,42,"Snyder County",42109,593,86,679,0.8733431517
Male,Pennsylvania,42,"Somerset County",42111,976,166,1142,0.8546409807
Male,Pennsylvania,42,"Sullivan County",42113,148,19,167,0.8862275449
Male,Pennsylvania,42,"Susquehanna County",42115,874,139,1013,0.8627838105
Male,Pennsylvania,42,"Tioga County",42117,804,149,953,0.8436516264
Male,Pennsylvania,42,"Union County",42119,564,85,649,0.8690292758
Male,Pennsylvania,42,"Venango County",42121,815,146,961,0.848074922
Male,Pennsylvania,42,"Warren County",42123,808,124,932,0.8669527897
Male,Pennsylvania,42,"Washington County",42125,1837,345,2182,0.841888176
Male,Pennsylvania,42,"Wayne County",42127,1239,193,1432,0.8652234637
Male,Pennsylvania,42,"Westmoreland County",42129,3424,572,3996,0.8568568569
Male,Pennsylvania,42,"Wyoming County",42131,489,70,559,0.8747763864
Male,Pennsylvania,42,"York County",42133,5817,846,6663,0.8730301666
Male,Pennsylvania,42,,42999,65,17,82,0.7926829268
Male,"Rhode Island",44,"Bristol County",44001,609,85,694,0.8775216138
Male,"Rhode Island",44,"Kent County",44003,2113,322,2435,0.867761807
Male,"Rhode Island",44,"Newport County",44005,1128,178,1306,0.8637059724
Male,"Rhode Island",44,"Providence County",44007,6396,1104,7500,0.8528
Male,"Rhode Island",44,"Washington County",44009,1945,286,2231,0.8718063649
Male,"Rhode Island",44,,44999,.,0,.,1
Male,"South Carolina",45,"Abbeville County",45001,376,85,461,0.8156182213
Male,"South Carolina",45,"Aiken County",45003,2330,516,2846,0.8186929023
Male,"South Carolina",45,"Allendale County",45005,107,40,147,0.7278911565
Male,"South Carolina",45,"Anderson County",45007,2715,583,3298,0.8232261977
Male,"South Carolina",45,"Bamberg County",45009,201,70,271,0.741697417
Male,"South Carolina",45,"Barnwell County",45011,312,102,414,0.7536231884
Male,"South Carolina",45,"Beaufort County",45013,3296,590,3886,0.8481729285
Male,"South Carolina",45,"Berkeley County",45015,1610,355,1965,0.8193384224
Male,"South Carolina",45,"Calhoun County",45017,213,58,271,0.7859778598
Male,"South Carolina",45,"Charleston County",45019,3566,752,4318,0.8258452987
Male,"South Carolina",45,"Cherokee County",45021,786,184,970,0.8103092784
Male,"South Carolina",45,"Chester County",45023,523,154,677,0.7725258493
Male,"South Carolina",45,"Chesterfield County",45025,740,172,912,0.8114035088
Male,"South Carolina",45,"Clarendon County",45027,558,163,721,0.773925104
Male,"South Carolina",45,"Colleton County",45029,524,175,699,0.7496423462
Male,"South Carolina",45,"Darlington County",45031,1166,314,1480,0.7878378378
Male,"South Carolina",45,"Dillon County",45033,504,151,655,0.7694656489
Male,"South Carolina",45,"Dorchester County",45035,1249,274,1523,0.8200919238
Male,"South Carolina",45,"Edgefield County",45037,360,83,443,0.8126410835
Male,"South Carolina",45,"Fairfield County",45039,306,110,416,0.7355769231
Male,"South Carolina",45,"Florence County",45041,2144,620,2764,0.7756874096
Male,"South Carolina",45,"Georgetown County",45043,1531,312,1843,0.8307107976
Male,"South Carolina",45,"Greenville County",45045,5766,1142,6908,0.8346844239
Male,"South Carolina",45,"Greenwood County",45047,1012,271,1283,0.7887763055
Male,"South Carolina",45,"Hampton County",45049,264,73,337,0.7833827893
Male,"South Carolina",45,"Horry County",45051,7730,1346,9076,0.8516967827
Male,"South Carolina",45,"Jasper County",45053,415,98,513,0.8089668616
Male,"South Carolina",45,"Kershaw County",45055,1000,220,1220,0.8196721311
Male,"South Carolina",45,"Lancaster County",45057,1694,362,2056,0.8239299611
Male,"South Carolina",45,"Laurens County",45059,1063,243,1306,0.8139356815
Male,"South Carolina",45,"Lee County",45061,295,95,390,0.7564102564
Male,"South Carolina",45,"Lexington County",45063,3539,729,4268,0.8291940019
Male,"South Carolina",45,"McCormick County",45065,249,49,298,0.8355704698
Male,"South Carolina",45,"Marion County",45067,521,184,705,0.7390070922
Male,"South Carolina",45,"Marlboro County",45069,450,135,585,0.7692307692
Male,"South Carolina",45,"Newberry County",45071,636,141,777,0.8185328185
Male,"South Carolina",45,"Oconee County",45073,1551,279,1830,0.8475409836
Male,"South Carolina",45,"Orangeburg County",45075,1050,309,1359,0.7726269316
Male,"South Carolina",45,"Pickens County",45077,1549,299,1848,0.8382034632
Male,"South Carolina",45,"Richland County",45079,3329,805,4134,0.805273343
Male,"South Carolina",45,"Saluda County",45081,340,64,404,0.8415841584
Male,"South Carolina",45,"Spartanburg County",45083,3964,906,4870,0.813963039
Male,"South Carolina",45,"Sumter County",45085,1153,325,1478,0.7801082544
Male,"South Carolina",45,"Union County",45087,458,103,561,0.816399287
Male,"South Carolina",45,"Williamsburg County",45089,524,180,704,0.7443181818
Male,"South Carolina",45,"York County",45091,3155,603,3758,0.8395423097
Male,"South Carolina",45,,45999,32,14,46,0.6956521739
Male,"South Dakota",46,"Aurora County",46003,.,.,.,0.9230769231
Male,"South Dakota",46,"Beadle County",46005,345,67,412,0.8373786408
Male,"South Dakota",46,"Bennett County",46007,.,.,.,0.8292682927
Male,"South Dakota",46,"Bon Homme County",46009,126,14,140,0.9
Male,"South Dakota",46,"Brookings County",46011,416,46,462,0.9004329004
Male,"South Dakota",46,"Brown County",46013,758,99,857,0.8844807468
Male,"South Dakota",46,"Brule County",46015,108,12,120,0.9
Male,"South Dakota",46,"Buffalo County",46017,.,.,.,0.4
Male,"South Dakota",46,"Butte County",46019,172,27,199,0.864321608
Male,"South Dakota",46,"Campbell County",46021,.,.,.,0.8863636364
Male,"South Dakota",46,"Charles Mix County",46023,176,30,206,0.854368932
Male,"South Dakota",46,"Clark County",46025,.,.,.,0.9069767442
Male,"South Dakota",46,"Clay County",46027,206,32,238,0.8655462185
Male,"South Dakota",46,"Codington County",46029,424,58,482,0.8796680498
Male,"South Dakota",46,"Corson County",46031,20,18,38,0.5263157895
Male,"South Dakota",46,"Custer County",46033,169,21,190,0.8894736842
Male,"South Dakota",46,"Davison County",46035,392,54,446,0.8789237668
Male,"South Dakota",46,"Day County",46037,156,23,179,0.8715083799
Male,"South Dakota",46,"Deuel County",46039,.,.,.,0.8850574713
Male,"South Dakota",46,"Dewey County",46041,42,11,53,0.7924528302
Male,"South Dakota",46,"Douglas County",46043,73,16,89,0.8202247191
Male,"South Dakota",46,"Edmunds County",46045,109,14,123,0.8861788618
Male,"South Dakota",46,"Fall River County",46047,117,15,132,0.8863636364
Male,"South Dakota",46,"Faulk County",46049,.,.,.,0.8918918919
Male,"South Dakota",46,"Grant County",46051,144,27,171,0.8421052632
Male,"South Dakota",46,"Gregory County",46053,93,23,116,0.8017241379
Male,"South Dakota",46,"Haakon County",46055,.,.,.,0.8939393939
Male,"South Dakota",46,"Hamlin County",46057,97,14,111,0.8738738739
Male,"South Dakota",46,"Hand County",46059,.,.,.,0.9238095238
Male,"South Dakota",46,"Hanson County",46061,116,21,137,0.8467153285
Male,"South Dakota",46,"Harding County",46063,.,.,.,0.96
Male,"South Dakota",46,"Hughes County",46065,287,29,316,0.9082278481
Male,"South Dakota",46,"Hutchinson County",46067,161,28,189,0.8518518519
Male,"South Dakota",46,"Hyde County",46069,.,.,.,0.7948717949
Male,"South Dakota",46,"Jackson County",46071,.,.,.,0.9512195122
Male,"South Dakota",46,"Jerauld County",46073,.,.,.,0.880952381
Male,"South Dakota",46,"Jones County",46075,.,.,.,0.8695652174
Male,"South Dakota",46,"Kingsbury County",46077,134,18,152,0.8815789474
Male,"South Dakota",46,"Lake County",46079,233,23,256,0.91015625
Male,"South Dakota",46,"Lawrence County",46081,393,47,440,0.8931818182
Male,"South Dakota",46,"Lincoln County",46083,635,82,717,0.8856345886
Male,"South Dakota",46,"Lyman County",46085,.,.,.,0.9298245614
Male,"South Dakota",46,"McCook County",46087,.,.,.,0.9159663866
Male,"South Dakota",46,"McPherson County",46089,79,11,90,0.8777777778
Male,"South Dakota",46,"Marshall County",46091,97,12,109,0.8899082569
Male,"South Dakota",46,"Meade County",46093,288,40,328,0.8780487805
Male,"South Dakota",46,"Mellette County",46095,.,.,.,0.9090909091
Male,"South Dakota",46,"Miner County",46097,.,.,.,0.8333333333
Male,"South Dakota",46,"Minnehaha County",46099,2558,376,2934,0.8718473074
Male,"South Dakota",46,"Moody County",46101,106,14,120,0.8833333333
Male,"South Dakota",46,,46102,23,40,63,0.3650793651
Male,"South Dakota",46,"Pennington County",46103,1471,255,1726,0.8522595597
Male,"South Dakota",46,"Perkins County",46105,67,11,78,0.858974359
Male,"South Dakota",46,"Potter County",46107,68,11,79,0.8607594937
Male,"South Dakota",46,"Roberts County",46109,178,26,204,0.8725490196
Male,"South Dakota",46,"Sanborn County",46111,.,.,.,0.8518518519
Male,"South Dakota",46,"Spink County",46115,187,23,210,0.8904761905
Male,"South Dakota",46,"Stanley County",46117,.,.,.,0.9
Male,"South Dakota",46,"Sully County",46119,.,.,.,0.8157894737
Male,"South Dakota",46,"Todd County",46121,28,25,53,0.5283018868
Male,"South Dakota",46,"Tripp County",46123,114,17,131,0.8702290076
Male,"South Dakota",46,"Turner County",46125,168,21,189,0.8888888889
Male,"South Dakota",46,"Union County",46127,284,37,321,0.8847352025
Male,"South Dakota",46,"Walworth County",46129,116,16,132,0.8787878788
Male,"South Dakota",46,"Yankton County",46135,409,56,465,0.8795698925
Male,"South Dakota",46,"Ziebach County",46137,.,.,.,0.7272727273
Male,"South Dakota",46,,46999,.,.,.,0.9375
Male,Tennessee,47,"Anderson County",47001,1008,208,1216,0.8289473684
Male,Tennessee,47,"Bedford County",47003,524,87,611,0.8576104746
Male,Tennessee,47,"Benton County",47005,354,85,439,0.8063781321
Male,Tennessee,47,"Bledsoe County",47007,240,61,301,0.7973421927
Male,Tennessee,47,"Blount County",47009,1580,281,1861,0.8490059108
Male,Tennessee,47,"Bradley County",47011,1364,252,1616,0.8440594059
Male,Tennessee,47,"Campbell County",47013,571,133,704,0.8110795455
Male,Tennessee,47,"Cannon County",47015,184,50,234,0.7863247863
Male,Tennessee,47,"Carroll County",47017,635,126,761,0.8344283837
Male,Tennessee,47,"Carter County",47019,692,159,851,0.8131609871
Male,Tennessee,47,"Cheatham County",47021,383,76,459,0.834422658
Male,Tennessee,47,"Chester County",47023,285,67,352,0.8096590909
Male,Tennessee,47,"Claiborne County",47025,557,128,685,0.8131386861
Male,Tennessee,47,"Clay County",47027,192,29,221,0.8687782805
Male,Tennessee,47,"Cocke County",47029,607,133,740,0.8202702703
Male,Tennessee,47,"Coffee County",47031,787,185,972,0.8096707819
Male,Tennessee,47,"Crockett County",47033,260,60,320,0.8125
Male,Tennessee,47,"Cumberland County",47035,1882,335,2217,0.848894903
Male,Tennessee,47,"Davidson County",47037,4193,980,5173,0.8105548038
Male,Tennessee,47,"Decatur County",47039,256,49,305,0.8393442623
Male,Tennessee,47,"DeKalb County",47041,287,72,359,0.7994428969
Male,Tennessee,47,"Dickson County",47043,588,125,713,0.824684432
Male,Tennessee,47,"Dyer County",47045,692,179,871,0.794489093
Male,Tennessee,47,"Fayette County",47047,730,178,908,0.8039647577
Male,Tennessee,47,"Fentress County",47049,512,103,615,0.8325203252
Male,Tennessee,47,"Franklin County",47051,679,171,850,0.7988235294
Male,Tennessee,47,"Gibson County",47053,885,202,1087,0.8141674333
Male,Tennessee,47,"Giles County",47055,563,115,678,0.8303834808
Male,Tennessee,47,"Grainger County",47057,355,73,428,0.8294392523
Male,Tennessee,47,"Greene County",47059,1095,180,1275,0.8588235294
Male,Tennessee,47,"Grundy County",47061,312,57,369,0.8455284553
Male,Tennessee,47,"Hamblen County",47063,837,175,1012,0.8270750988
Male,Tennessee,47,"Hamilton County",47065,4209,880,5089,0.8270780114
Male,Tennessee,47,"Hancock County",47067,137,21,158,0.8670886076
Male,Tennessee,47,"Hardeman County",47069,443,125,568,0.7799295775
Male,Tennessee,47,"Hardin County",47071,593,133,726,0.8168044077
Male,Tennessee,47,"Hawkins County",47073,813,139,952,0.8539915966
Male,Tennessee,47,"Haywood County",47075,264,81,345,0.7652173913
Male,Tennessee,47,"Henderson County",47077,484,112,596,0.8120805369
Male,Tennessee,47,"Henry County",47079,745,140,885,0.8418079096
Male,Tennessee,47,"Hickman County",47081,311,63,374,0.8315508021
Male,Tennessee,47,"Houston County",47083,118,34,152,0.7763157895
Male,Tennessee,47,"Humphreys County",47085,353,81,434,0.8133640553
Male,Tennessee,47,"Jackson County",47087,295,58,353,0.835694051
Male,Tennessee,47,"Jefferson County",47089,703,154,857,0.8203033839
Male,Tennessee,47,"Johnson County",47091,292,62,354,0.8248587571
Male,Tennessee,47,"Knox County",47093,4288,888,5176,0.828438949
Male,Tennessee,47,"Lake County",47095,124,39,163,0.7607361963
Male,Tennessee,47,"Lauderdale County",47097,382,137,519,0.7360308285
Male,Tennessee,47,"Lawrence County",47099,768,181,949,0.8092729189
Male,Tennessee,47,"Lewis County",47101,185,30,215,0.8604651163
Male,Tennessee,47,"Lincoln County",47103,560,99,659,0.8497723824
Male,Tennessee,47,"Loudon County",47105,1003,186,1189,0.8435660219
Male,Tennessee,47,"McMinn County",47107,900,157,1057,0.8514664144
Male,Tennessee,47,"McNairy County",47109,582,122,704,0.8267045455
Male,Tennessee,47,"Macon County",47111,404,87,491,0.8228105906
Male,Tennessee,47,"Madison County",47113,1419,428,1847,0.7682728749
Male,Tennessee,47,"Marion County",47115,474,115,589,0.80475382
Male,Tennessee,47,"Marshall County",47117,398,89,487,0.81724846
Male,Tennessee,47,"Maury County",47119,1258,240,1498,0.8397863818
Male,Tennessee,47,"Meigs County",47121,221,53,274,0.8065693431
Male,Tennessee,47,"Monroe County",47123,744,140,884,0.8416289593
Male,Tennessee,47,"Montgomery County",47125,1156,235,1391,0.8310567937
Male,Tennessee,47,"Moore County",47127,120,24,144,0.8333333333
Male,Tennessee,47,"Morgan County",47129,299,67,366,0.8169398907
Male,Tennessee,47,"Obion County",47131,752,164,916,0.8209606987
Male,Tennessee,47,"Overton County",47133,463,102,565,0.8194690265
Male,Tennessee,47,"Perry County",47135,157,23,180,0.8722222222
Male,Tennessee,47,"Pickett County",47137,155,32,187,0.8288770053
Male,Tennessee,47,"Polk County",47139,357,72,429,0.8321678322
Male,Tennessee,47,"Putnam County",47141,1157,251,1408,0.8217329545
Male,Tennessee,47,"Rhea County",47143,591,114,705,0.8382978723
Male,Tennessee,47,"Roane County",47145,894,177,1071,0.8347338936
Male,Tennessee,47,"Robertson County",47147,730,145,875,0.8342857143
Male,Tennessee,47,"Rutherford County",47149,2092,432,2524,0.8288431062
Male,Tennessee,47,"Scott County",47151,433,91,524,0.8263358779
Male,Tennessee,47,"Sequatchie County",47153,322,61,383,0.8407310705
Male,Tennessee,47,"Sevier County",47155,1254,245,1499,0.8365577051
Male,Tennessee,47,"Shelby County",47157,8090,2243,10333,0.7829284816
Male,Tennessee,47,"Smith County",47159,291,64,355,0.8197183099
Male,Tennessee,47,"Stewart County",47161,221,41,262,0.8435114504
Male,Tennessee,47,"Sullivan County",47163,1999,349,2348,0.851362862
Male,Tennessee,47,"Sumner County",47165,1955,432,2387,0.81901969
Male,Tennessee,47,"Tipton County",47167,739,193,932,0.7929184549
Male,Tennessee,47,"Trousdale County",47169,122,28,150,0.8133333333
Male,Tennessee,47,"Unicoi County",47171,278,64,342,0.8128654971
Male,Tennessee,47,"Union County",47173,239,72,311,0.768488746
Male,Tennessee,47,"Van Buren County",47175,138,27,165,0.8363636364
Male,Tennessee,47,"Warren County",47177,679,165,844,0.8045023697
Male,Tennessee,47,"Washington County",47179,1420,319,1739,0.8165612421
Male,Tennessee,47,"Wayne County",47181,291,62,353,0.8243626062
Male,Tennessee,47,"Weakley County",47183,697,110,807,0.863692689
Male,Tennessee,47,"White County",47185,544,123,667,0.8155922039
Male,Tennessee,47,"Williamson County",47187,1936,299,2235,0.8662192394
Male,Tennessee,47,"Wilson County",47189,1542,267,1809,0.8524046434
Male,Tennessee,47,,47999,.,.,.,0.7954545455
Male,Texas,48,"Anderson County",48001,725,146,871,0.8323765786
Male,Texas,48,"Andrews County",48003,134,49,183,0.7322404372
Male,Texas,48,"Angelina County",48005,1349,305,1654,0.815598549
Male,Texas,48,"Aransas County",48007,386,79,465,0.8301075269
Male,Texas,48,"Archer County",48009,165,27,192,0.859375
Male,Texas,48,"Armstrong County",48011,.,.,.,0.7804878049
Male,Texas,48,"Atascosa County",48013,390,107,497,0.7847082495
Male,Texas,48,"Austin County",48015,480,109,589,0.8149405772
Male,Texas,48,"Bailey County",48017,80,24,104,0.7692307692
Male,Texas,48,"Bandera County",48019,376,78,454,0.8281938326
Male,Texas,48,"Bastrop County",48021,786,196,982,0.800407332
Male,Texas,48,"Baylor County",48023,81,21,102,0.7941176471
Male,Texas,48,"Bee County",48025,253,67,320,0.790625
Male,Texas,48,"Bell County",48027,1557,433,1990,0.7824120603
Male,Texas,48,"Bexar County",48029,9738,2541,12279,0.7930613242
Male,Texas,48,"Blanco County",48031,218,36,254,0.8582677165
Male,Texas,48,"Borden County",48033,.,.,.,0.875
Male,Texas,48,"Bosque County",48035,290,73,363,0.7988980716
Male,Texas,48,"Bowie County",48037,1032,290,1322,0.7806354009
Male,Texas,48,"Brazoria County",48039,3065,728,3793,0.8080674927
Male,Texas,48,"Brazos County",48041,1556,322,1878,0.8285410011
Male,Texas,48,"Brewster County",48043,88,34,122,0.7213114754
Male,Texas,48,"Briscoe County",48045,.,.,.,0.84375
Male,Texas,48,"Brooks County",48047,96,35,131,0.7328244275
Male,Texas,48,"Brown County",48049,694,159,853,0.8135990621
Male,Texas,48,"Burleson County",48051,287,81,368,0.7798913043
Male,Texas,48,"Burnet County",48053,818,169,987,0.8287740628
Male,Texas,48,"Caldwell County",48055,378,124,502,0.7529880478
Male,Texas,48,"Calhoun County",48057,275,63,338,0.8136094675
Male,Texas,48,"Callahan County",48059,225,49,274,0.8211678832
Male,Texas,48,"Cameron County",48061,3188,892,4080,0.781372549
Male,Texas,48,"Camp County",48063,194,38,232,0.8362068966
Male,Texas,48,"Carson County",48065,97,15,112,0.8660714286
Male,Texas,48,"Cass County",48067,540,136,676,0.798816568
Male,Texas,48,"Castro County",48069,101,30,131,0.7709923664
Male,Texas,48,"Chambers County",48071,407,104,511,0.7964774951
Male,Texas,48,"Cherokee County",48073,791,206,997,0.7933801404
Male,Texas,48,"Childress County",48075,92,18,110,0.8363636364
Male,Texas,48,"Clay County",48077,187,43,230,0.8130434783
Male,Texas,48,"Cochran County",48079,37,11,48,0.7708333333
Male,Texas,48,"Coke County",48081,75,17,92,0.8152173913
Male,Texas,48,"Coleman County",48083,182,35,217,0.8387096774
Male,Texas,48,"Collin County",48085,7383,1381,8764,0.8424235509
Male,Texas,48,"Collingsworth County",48087,61,16,77,0.7922077922
Male,Texas,48,"Colorado County",48089,446,102,548,0.8138686131
Male,Texas,48,"Comal County",48091,1855,338,2193,0.845873233
Male,Texas,48,"Comanche County",48093,254,59,313,0.8115015974
Male,Texas,48,"Concho County",48095,.,.,.,0.8783783784
Male,Texas,48,"Cooke County",48097,608,156,764,0.7958115183
Male,Texas,48,"Coryell County",48099,299,68,367,0.8147138965
Male,Texas,48,"Cottle County",48101,.,.,.,0.7714285714
Male,Texas,48,"Crane County",48103,.,.,.,0.890625
Male,Texas,48,"Crockett County",48105,51,16,67,0.7611940299
Male,Texas,48,"Crosby County",48107,92,24,116,0.7931034483
Male,Texas,48,"Culberson County",48109,.,.,.,0.7872340426
Male,Texas,48,"Dallam County",48111,69,22,91,0.7582417582
Male,Texas,48,"Dallas County",48113,15753,4302,20055,0.7854899028
Male,Texas,48,"Dawson County",48115,178,31,209,0.8516746411
Male,Texas,48,"Deaf Smith County",48117,186,51,237,0.7848101266
Male,Texas,48,"Delta County",48119,106,22,128,0.828125
Male,Texas,48,"Denton County",48121,5951,1256,7207,0.8257249896
Male,Texas,48,"DeWitt County",48123,332,92,424,0.7830188679
Male,Texas,48,"Dickens County",48125,.,.,.,0.8723404255
Male,Texas,48,"Dimmit County",48127,105,44,149,0.7046979866
Male,Texas,48,"Donley County",48129,86,18,104,0.8269230769
Male,Texas,48,"Duval County",48131,150,32,182,0.8241758242
Male,Texas,48,"Eastland County",48133,323,84,407,0.7936117936
Male,Texas,48,"Ector County",48135,1087,363,1450,0.7496551724
Male,Texas,48,"Edwards County",48137,.,.,.,0.8518518519
Male,Texas,48,"Ellis County",48139,1671,405,2076,0.8049132948
Male,Texas,48,"El Paso County",48141,3759,1147,4906,0.7662046474
Male,Texas,48,"Erath County",48143,499,88,587,0.8500851789
Male,Texas,48,"Falls County",48145,164,46,210,0.780952381
Male,Texas,48,"Fannin County",48147,516,121,637,0.8100470958
Male,Texas,48,"Fayette County",48149,545,123,668,0.8158682635
Male,Texas,48,"Fisher County",48151,69,14,83,0.8313253012
Male,Texas,48,"Floyd County",48153,94,29,123,0.7642276423
Male,Texas,48,"Foard County",48155,.,.,.,0.8518518519
Male,Texas,48,"Fort Bend County",48157,5356,1184,6540,0.8189602446
Male,Texas,48,"Franklin County",48159,197,23,220,0.8954545455
Male,Texas,48,"Freestone County",48161,337,82,419,0.8042959427
Male,Texas,48,"Frio County",48163,163,59,222,0.7342342342
Male,Texas,48,"Gaines County",48165,142,41,183,0.7759562842
Male,Texas,48,"Galveston County",48167,3534,857,4391,0.8048280574
Male,Texas,48,"Garza County",48169,44,18,62,0.7096774194
Male,Texas,48,"Gillespie County",48171,571,103,674,0.8471810089
Male,Texas,48,"Glasscock County",48173,.,.,.,0.7894736842
Male,Texas,48,"Goliad County",48175,125,22,147,0.8503401361
Male,Texas,48,"Gonzales County",48177,303,103,406,0.7463054187
Male,Texas,48,"Gray County",48179,349,76,425,0.8211764706
Male,Texas,48,"Grayson County",48181,2120,494,2614,0.8110175976
Male,Texas,48,"Gregg County",48183,1680,378,2058,0.8163265306
Male,Texas,48,"Grimes County",48185,403,131,534,0.7546816479
Male,Texas,48,"Guadalupe County",48187,1265,260,1525,0.8295081967
Male,Texas,48,"Hale County",48189,356,99,455,0.7824175824
Male,Texas,48,"Hall County",48191,64,18,82,0.7804878049
Male,Texas,48,"Hamilton County",48193,163,31,194,0.8402061856
Male,Texas,48,"Hansford County",48195,87,18,105,0.8285714286
Male,Texas,48,"Hardeman County",48197,98,13,111,0.8828828829
Male,Texas,48,"Hardin County",48199,727,153,880,0.8261363636
Male,Texas,48,"Harris County",48201,26035,6602,32637,0.7977142507
Male,Texas,48,"Harrison County",48203,892,212,1104,0.8079710145
Male,Texas,48,"Hartley County",48205,49,12,61,0.8032786885
Male,Texas,48,"Haskell County",48207,128,25,153,0.8366013072
Male,Texas,48,"Hays County",48209,1497,307,1804,0.8298226164
Male,Texas,48,"Hemphill County",48211,51,11,62,0.8225806452
Male,Texas,48,"Henderson County",48213,1413,336,1749,0.807890223
Male,Texas,48,"Hidalgo County",48215,6336,1629,7965,0.795480226
Male,Texas,48,"Hill County",48217,563,144,707,0.7963224894
Male,Texas,48,"Hockley County",48219,265,76,341,0.7771260997
Male,Texas,48,"Hood County",48221,1209,243,1452,0.8326446281
Male,Texas,48,"Hopkins County",48223,657,153,810,0.8111111111
Male,Texas,48,"Houston County",48225,434,109,543,0.7992633517
Male,Texas,48,"Howard County",48227,303,84,387,0.7829457364
Male,Texas,48,"Hudspeth County",48229,38,11,49,0.7755102041
Male,Texas,48,"Hunt County",48231,1134,331,1465,0.7740614334
Male,Texas,48,"Hutchinson County",48233,341,75,416,0.8197115385
Male,Texas,48,"Irion County",48235,.,.,.,0.8064516129
Male,Texas,48,"Jack County",48237,161,37,198,0.8131313131
Male,Texas,48,"Jackson County",48239,211,51,262,0.8053435115
Male,Texas,48,"Jasper County",48241,628,172,800,0.785
Male,Texas,48,"Jeff Davis County",48243,.,.,.,0.8333333333
Male,Texas,48,"Jefferson County",48245,2537,659,3196,0.7938047559
Male,Texas,48,"Jim Hogg County",48247,58,16,74,0.7837837838
Male,Texas,48,"Jim Wells County",48249,397,136,533,0.7448405253
Male,Texas,48,"Johnson County",48251,1709,390,2099,0.8141972368
Male,Texas,48,"Jones County",48253,269,57,326,0.8251533742
Male,Texas,48,"Karnes County",48255,200,77,277,0.7220216606
Male,Texas,48,"Kaufman County",48257,1220,284,1504,0.8111702128
Male,Texas,48,"Kendall County",48259,602,119,721,0.8349514563
Male,Texas,48,"Kenedy County",48261,.,0,.,1
Male,Texas,48,"Kent County",48263,.,.,.,0.6666666667
Male,Texas,48,"Kerr County",48265,916,172,1088,0.8419117647
Male,Texas,48,"Kimble County",48267,102,19,121,0.8429752066
Male,Texas,48,"King County",48269,.,.,.,0.6
Male,Texas,48,"Kinney County",48271,48,14,62,0.7741935484
Male,Texas,48,"Kleberg County",48273,176,60,236,0.7457627119
Male,Texas,48,"Knox County",48275,80,20,100,0.8
Male,Texas,48,"Lamar County",48277,872,239,1111,0.7848784878
Male,Texas,48,"Lamb County",48279,169,50,219,0.7716894977
Male,Texas,48,"Lampasas County",48281,231,58,289,0.7993079585
Male,Texas,48,"La Salle County",48283,65,29,94,0.6914893617
Male,Texas,48,"Lavaca County",48285,475,97,572,0.8304195804
Male,Texas,48,"Lee County",48287,245,59,304,0.8059210526
Male,Texas,48,"Leon County",48289,331,86,417,0.793764988
Male,Texas,48,"Liberty County",48291,859,216,1075,0.7990697674
Male,Texas,48,"Limestone County",48293,342,93,435,0.7862068966
Male,Texas,48,"Lipscomb County",48295,45,13,58,0.775862069
Male,Texas,48,"Live Oak County",48297,177,44,221,0.8009049774
Male,Texas,48,"Llano County",48299,506,104,610,0.8295081967
Male,Texas,48,"Lubbock County",48303,2745,654,3399,0.8075904678
Male,Texas,48,"Lynn County",48305,59,15,74,0.7972972973
Male,Texas,48,"McCulloch County",48307,203,43,246,0.825203252
Male,Texas,48,"McLennan County",48309,2163,556,2719,0.7955130563
Male,Texas,48,"McMullen County",48311,.,.,.,0.8125
Male,Texas,48,"Madison County",48313,167,39,206,0.8106796117
Male,Texas,48,"Marion County",48315,202,48,250,0.808
Male,Texas,48,"Martin County",48317,41,17,58,0.7068965517
Male,Texas,48,"Mason County",48319,108,17,125,0.864
Male,Texas,48,"Matagorda County",48321,504,149,653,0.7718223583
Male,Texas,48,"Maverick County",48323,577,215,792,0.7285353535
Male,Texas,48,"Medina County",48325,464,120,584,0.7945205479
Male,Texas,48,"Menard County",48327,.,.,.,0.8461538462
Male,Texas,48,"Midland County",48329,1068,281,1349,0.7916975537
Male,Texas,48,"Milam County",48331,333,83,416,0.8004807692
Male,Texas,48,"Mills County",48333,96,19,115,0.8347826087
Male,Texas,48,"Mitchell County",48335,89,19,108,0.8240740741
Male,Texas,48,"Montague County",48337,395,90,485,0.8144329897
Male,Texas,48,"Montgomery County",48339,5271,1178,6449,0.8173360211
Male,Texas,48,"Moore County",48341,177,39,216,0.8194444444
Male,Texas,48,"Morris County",48343,215,67,282,0.7624113475
Male,Texas,48,"Motley County",48345,.,.,.,0.935483871
Male,Texas,48,"Nacogdoches County",48347,792,222,1014,0.7810650888
Male,Texas,48,"Navarro County",48349,688,170,858,0.8018648019
Male,Texas,48,"Newton County",48351,218,72,290,0.7517241379
Male,Texas,48,"Nolan County",48353,223,59,282,0.7907801418
Male,Texas,48,"Nueces County",48355,1927,591,2518,0.7652899126
Male,Texas,48,"Ochiltree County",48357,104,23,127,0.8188976378
Male,Texas,48,"Oldham County",48359,.,.,.,0.8571428571
Male,Texas,48,"Orange County",48361,1102,270,1372,0.8032069971
Male,Texas,48,"Palo Pinto County",48363,502,109,611,0.821603928
Male,Texas,48,"Panola County",48365,394,84,478,0.8242677824
Male,Texas,48,"Parker County",48367,1921,373,2294,0.837401918
Male,Texas,48,"Parmer County",48369,140,20,160,0.875
Male,Texas,48,"Pecos County",48371,130,48,178,0.7303370787
Male,Texas,48,"Polk County",48373,1294,305,1599,0.8092557849
Male,Texas,48,"Potter County",48375,1083,285,1368,0.7916666667
Male,Texas,48,"Presidio County",48377,80,27,107,0.7476635514
Male,Texas,48,"Rains County",48379,233,64,297,0.7845117845
Male,Texas,48,"Randall County",48381,1719,358,2077,0.8276360135
Male,Texas,48,"Reagan County",48383,.,.,.,0.8285714286
Male,Texas,48,"Real County",48385,78,16,94,0.829787234
Male,Texas,48,"Red River County",48387,272,65,337,0.8071216617
Male,Texas,48,"Reeves County",48389,135,58,193,0.6994818653
Male,Texas,48,"Refugio County",48391,108,34,142,0.7605633803
Male,Texas,48,"Roberts County",48393,.,.,.,0.95
Male,Texas,48,"Robertson County",48395,258,54,312,0.8269230769
Male,Texas,48,"Rockwall County",48397,950,188,1138,0.834797891
Male,Texas,48,"Runnels County",48399,234,53,287,0.8153310105
Male,Texas,48,"Rusk County",48401,745,185,930,0.8010752688
Male,Texas,48,"Sabine County",48403,276,75,351,0.7863247863
Male,Texas,48,"San Augustine County",48405,209,42,251,0.8326693227
Male,Texas,48,"San Jacinto County",48407,397,113,510,0.7784313725
Male,Texas,48,"San Patricio County",48409,513,142,655,0.7832061069
Male,Texas,48,"San Saba County",48411,125,26,151,0.8278145695
Male,Texas,48,"Schleicher County",48413,.,.,.,0.8723404255
Male,Texas,48,"Scurry County",48415,238,66,304,0.7828947368
Male,Texas,48,"Shackelford County",48417,77,12,89,0.8651685393
Male,Texas,48,"Shelby County",48419,354,82,436,0.8119266055
Male,Texas,48,"Sherman County",48421,.,.,.,0.8157894737
Male,Texas,48,"Smith County",48423,3235,810,4045,0.7997527812
Male,Texas,48,"Somervell County",48425,142,25,167,0.8502994012
Male,Texas,48,"Starr County",48427,732,221,953,0.7681007345
Male,Texas,48,"Stephens County",48429,162,35,197,0.8223350254
Male,Texas,48,"Sterling County",48431,.,.,.,0.7619047619
Male,Texas,48,"Stonewall County",48433,.,.,.,0.8947368421
Male,Texas,48,"Sutton County",48435,65,23,88,0.7386363636
Male,Texas,48,"Swisher County",48437,130,35,165,0.7878787879
Male,Texas,48,"Tarrant County",48439,13095,3094,16189,0.8088825746
Male,Texas,48,"Taylor County",48441,1587,378,1965,0.8076335878
Male,Texas,48,"Terrell County",48443,.,.,.,0.7058823529
Male,Texas,48,"Terry County",48445,118,44,162,0.7283950617
Male,Texas,48,"Throckmorton County",48447,50,11,61,0.8196721311
Male,Texas,48,"Titus County",48449,401,109,510,0.7862745098
Male,Texas,48,"Tom Green County",48451,1518,342,1860,0.8161290323
Male,Texas,48,"Travis County",48453,6707,1417,8124,0.8255785327
Male,Texas,48,"Trinity County",48455,309,83,392,0.7882653061
Male,Texas,48,"Tyler County",48457,349,115,464,0.7521551724
Male,Texas,48,"Upshur County",48459,631,141,772,0.817357513
Male,Texas,48,"Upton County",48461,38,14,52,0.7307692308
Male,Texas,48,"Uvalde County",48463,314,80,394,0.7969543147
Male,Texas,48,"Val Verde County",48465,459,141,600,0.765
Male,Texas,48,"Van Zandt County",48467,938,199,1137,0.8249780123
Male,Texas,48,"Victoria County",48469,1185,296,1481,0.8001350439
Male,Texas,48,"Walker County",48471,646,189,835,0.7736526946
Male,Texas,48,"Waller County",48473,421,134,555,0.7585585586
Male,Texas,48,"Ward County",48475,139,40,179,0.7765363128
Male,Texas,48,"Washington County",48477,647,136,783,0.8263090677
Male,Texas,48,"Webb County",48479,1477,515,1992,0.7414658635
Male,Texas,48,"Wharton County",48481,672,185,857,0.7841306884
Male,Texas,48,"Wheeler County",48483,92,21,113,0.814159292
Male,Texas,48,"Wichita County",48485,1669,358,2027,0.8233843118
Male,Texas,48,"Wilbarger County",48487,179,55,234,0.764957265
Male,Texas,48,"Willacy County",48489,204,69,273,0.7472527473
Male,Texas,48,"Williamson County",48491,4454,801,5255,0.8475737393
Male,Texas,48,"Wilson County",48493,430,108,538,0.7992565056
Male,Texas,48,"Winkler County",48495,61,27,88,0.6931818182
Male,Texas,48,"Wise County",48497,864,223,1087,0.7948482061
Male,Texas,48,"Wood County",48499,1182,262,1444,0.8185595568
Male,Texas,48,"Yoakum County",48501,91,26,117,0.7777777778
Male,Texas,48,"Young County",48503,371,98,469,0.7910447761
Male,Texas,48,"Zapata County",48505,133,26,159,0.8364779874
Male,Texas,48,"Zavala County",48507,131,41,172,0.761627907
Male,Texas,48,,48999,171,62,233,0.7339055794
Male,Utah,49,"Beaver County",49001,79,15,94,0.8404255319
Male,Utah,49,"Box Elder County",49003,315,56,371,0.8490566038
Male,Utah,49,"Cache County",49005,483,123,606,0.797029703
Male,Utah,49,"Carbon County",49007,266,87,353,0.7535410765
Male,Utah,49,"Daggett County",49009,.,.,.,0.6363636364
Male,Utah,49,"Davis County",49011,1139,237,1376,0.8277616279
Male,Utah,49,"Duchesne County",49013,145,40,185,0.7837837838
Male,Utah,49,"Emery County",49015,124,31,155,0.8
Male,Utah,49,"Garfield County",49017,70,13,83,0.843373494
Male,Utah,49,"Grand County",49019,102,19,121,0.8429752066
Male,Utah,49,"Iron County",49021,499,87,586,0.8515358362
Male,Utah,49,"Juab County",49023,109,34,143,0.7622377622
Male,Utah,49,"Kane County",49025,101,20,121,0.8347107438
Male,Utah,49,"Millard County",49027,162,35,197,0.8223350254
Male,Utah,49,"Morgan County",49029,.,.,.,0.8363636364
Male,Utah,49,"Piute County",49031,.,.,.,0.8947368421
Male,Utah,49,"Rich County",49033,.,.,.,0.6818181818
Male,Utah,49,"Salt Lake County",49035,4351,1041,5392,0.8069362018
Male,Utah,49,"San Juan County",49037,102,34,136,0.75
Male,Utah,49,"Sanpete County",49039,242,66,308,0.7857142857
Male,Utah,49,"Sevier County",49041,263,58,321,0.8193146417
Male,Utah,49,"Summit County",49043,230,56,286,0.8041958042
Male,Utah,49,"Tooele County",49045,248,70,318,0.7798742138
Male,Utah,49,"Uintah County",49047,217,50,267,0.8127340824
Male,Utah,49,"Utah County",49049,2136,458,2594,0.8234387047
Male,Utah,49,"Wasatch County",49051,174,31,205,0.8487804878
Male,Utah,49,"Washington County",49053,2138,407,2545,0.8400785855
Male,Utah,49,"Wayne County",49055,32,11,43,0.7441860465
Male,Utah,49,"Weber County",49057,979,251,1230,0.7959349593
Male,Utah,49,,49999,.,.,.,0.8461538462
Male,Vermont,50,"Addison County",50001,645,84,729,0.8847736626
Male,Vermont,50,"Bennington County",50003,738,146,884,0.834841629
Male,Vermont,50,"Caledonia County",50005,584,72,656,0.8902439024
Male,Vermont,50,"Chittenden County",50007,1859,263,2122,0.8760603205
Male,Vermont,50,"Essex County",50009,157,19,176,0.8920454545
Male,Vermont,50,"Franklin County",50011,786,113,899,0.8743047831
Male,Vermont,50,"Grand Isle County",50013,130,22,152,0.8552631579
Male,Vermont,50,"Lamoille County",50015,385,58,443,0.8690744921
Male,Vermont,50,"Orange County",50017,551,87,638,0.8636363636
Male,Vermont,50,"Orleans County",50019,721,101,822,0.8771289538
Male,Vermont,50,"Rutland County",50021,1345,192,1537,0.8750813273
Male,Vermont,50,"Washington County",50023,1068,159,1227,0.8704156479
Male,Vermont,50,"Windham County",50025,897,140,1037,0.8649951784
Male,Vermont,50,"Windsor County",50027,1181,199,1380,0.8557971014
Male,Vermont,50,,50999,.,0,.,1
Male,Virginia,51,"Accomack County",51001,732,160,892,0.8206278027
Male,Virginia,51,"Albemarle County",51003,1336,196,1532,0.8720626632
Male,Virginia,51,"Alleghany County",51005,365,82,447,0.8165548098
Male,Virginia,51,"Amelia County",51007,194,48,242,0.8016528926
Male,Virginia,51,"Amherst County",51009,610,110,720,0.8472222222
Male,Virginia,51,"Appomattox County",51011,302,71,373,0.8096514745
Male,Virginia,51,"Arlington County",51013,872,172,1044,0.8352490421
Male,Virginia,51,"Augusta County",51015,1468,215,1683,0.8722519311
Male,Virginia,51,"Bath County",51017,126,22,148,0.8513513514
Male,Virginia,51,"Bedford County",51019,1455,269,1724,0.8439675174
Male,Virginia,51,"Bland County",51021,164,32,196,0.8367346939
Male,Virginia,51,"Botetourt County",51023,573,124,697,0.8220946915
Male,Virginia,51,"Brunswick County",51025,303,61,364,0.8324175824
Male,Virginia,51,"Buchanan County",51027,607,152,759,0.7997364954
Male,Virginia,51,"Buckingham County",51029,280,60,340,0.8235294118
Male,Virginia,51,"Campbell County",51031,1043,191,1234,0.8452188006
Male,Virginia,51,"Caroline County",51033,386,76,462,0.8354978355
Male,Virginia,51,"Carroll County",51035,683,152,835,0.8179640719
Male,Virginia,51,"Charles City County",51036,123,17,140,0.8785714286
Male,Virginia,51,"Charlotte County",51037,281,60,341,0.8240469208
Male,Virginia,51,"Chesterfield County",51041,3659,640,4299,0.8511281693
Male,Virginia,51,"Clarke County",51043,230,29,259,0.888030888
Male,Virginia,51,"Craig County",51045,87,21,108,0.8055555556
Male,Virginia,51,"Culpeper County",51047,644,118,762,0.845144357
Male,Virginia,51,"Cumberland County",51049,162,39,201,0.8059701493
Male,Virginia,51,"Dickenson County",51051,430,95,525,0.819047619
Male,Virginia,51,"Dinwiddie County",51053,422,107,529,0.797731569
Male,Virginia,51,"Essex County",51057,212,48,260,0.8153846154
Male,Virginia,51,"Fairfax County",51059,5763,971,6734,0.8558063558
Male,Virginia,51,"Fauquier County",51061,800,142,942,0.8492569002
Male,Virginia,51,"Floyd County",51063,332,43,375,0.8853333333
Male,Virginia,51,"Fluvanna County",51065,461,64,525,0.8780952381
Male,Virginia,51,"Franklin County",51067,981,197,1178,0.8327674024
Male,Virginia,51,"Frederick County",51069,1214,172,1386,0.8759018759
Male,Virginia,51,"Giles County",51071,373,75,448,0.8325892857
Male,Virginia,51,"Gloucester County",51073,570,110,680,0.8382352941
Male,Virginia,51,"Goochland County",51075,383,74,457,0.8380743982
Male,Virginia,51,"Grayson County",51077,383,71,454,0.8436123348
Male,Virginia,51,"Greene County",51079,277,47,324,0.8549382716
Male,Virginia,51,"Greensville County",51081,156,41,197,0.7918781726
Male,Virginia,51,"Halifax County",51083,788,182,970,0.812371134
Male,Virginia,51,"Hanover County",51085,1460,247,1707,0.8553016989
Male,Virginia,51,"Henrico County",51087,3322,607,3929,0.8455077628
Male,Virginia,51,"Henry County",51089,1114,199,1313,0.84843869
Male,Virginia,51,"Highland County",51091,55,15,70,0.7857142857
Male,Virginia,51,"Isle of Wight County",51093,523,97,620,0.8435483871
Male,Virginia,51,"James City County",51095,1370,200,1570,0.872611465
Male,Virginia,51,"King and Queen County",51097,142,22,164,0.8658536585
Male,Virginia,51,"King George County",51099,221,40,261,0.846743295
Male,Virginia,51,"King William County",51101,336,50,386,0.8704663212
Male,Virginia,51,"Lancaster County",51103,301,60,361,0.8337950139
Male,Virginia,51,"Lee County",51105,515,98,613,0.8401305057
Male,Virginia,51,"Loudoun County",51107,1954,354,2308,0.8466204506
Male,Virginia,51,"Louisa County",51109,612,104,716,0.8547486034
Male,Virginia,51,"Lunenburg County",51111,246,44,290,0.8482758621
Male,Virginia,51,"Madison County",51113,235,35,270,0.8703703704
Male,Virginia,51,"Mathews County",51115,236,37,273,0.8644688645
Male,Virginia,51,"Mecklenburg County",51117,784,172,956,0.820083682
Male,Virginia,51,"Middlesex County",51119,286,48,334,0.8562874251
Male,Virginia,51,"Montgomery County",51121,947,220,1167,0.8114824336
Male,Virginia,51,"Nelson County",51125,337,47,384,0.8776041667
Male,Virginia,51,"New Kent County",51127,344,56,400,0.86
Male,Virginia,51,"Northampton County",51131,278,83,361,0.7700831025
Male,Virginia,51,"Northumberland County",51133,309,48,357,0.8655462185
Male,Virginia,51,"Nottoway County",51135,286,61,347,0.8242074928
Male,Virginia,51,"Orange County",51137,615,112,727,0.8459422283
Male,Virginia,51,"Page County",51139,496,74,570,0.8701754386
Male,Virginia,51,"Patrick County",51141,425,95,520,0.8173076923
Male,Virginia,51,"Pittsylvania County",51143,1233,245,1478,0.8342354533
Male,Virginia,51,"Powhatan County",51145,464,75,539,0.8608534323
Male,Virginia,51,"Prince Edward County",51147,310,73,383,0.8093994778
Male,Virginia,51,"Prince George County",51149,387,79,466,0.830472103
Male,Virginia,51,"Prince William County",51153,2270,401,2671,0.8498689629
Male,Virginia,51,"Pulaski County",51155,749,168,917,0.8167938931
Male,Virginia,51,"Rappahannock County",51157,139,23,162,0.8580246914
Male,Virginia,51,"Richmond County",51159,131,19,150,0.8733333333
Male,Virginia,51,"Roanoke County",51161,1607,289,1896,0.8475738397
Male,Virginia,51,"Rockbridge County",51163,470,97,567,0.8289241623
Male,Virginia,51,"Rockingham County",51165,1449,244,1693,0.8558771412
Male,Virginia,51,"Russell County",51167,666,125,791,0.8419721871
Male,Virginia,51,"Scott County",51169,418,70,488,0.856557377
Male,Virginia,51,"Shenandoah County",51171,851,127,978,0.8701431493
Male,Virginia,51,"Smyth County",51173,694,138,832,0.8341346154
Male,Virginia,51,"Southampton County",51175,291,67,358,0.812849162
Male,Virginia,51,"Spotsylvania County",51177,1347,226,1573,0.8563254927
Male,Virginia,51,"Stafford County",51179,873,201,1074,0.812849162
Male,Virginia,51,"Surry County",51181,98,17,115,0.852173913
Male,Virginia,51,"Sussex County",51183,176,45,221,0.7963800905
Male,Virginia,51,"Tazewell County",51185,963,214,1177,0.8181818182
Male,Virginia,51,"Warren County",51187,564,102,666,0.8468468468
Male,Virginia,51,"Washington County",51191,1053,234,1287,0.8181818182
Male,Virginia,51,"Westmoreland County",51193,340,73,413,0.8232445521
Male,Virginia,51,"Wise County",51195,766,184,950,0.8063157895
Male,Virginia,51,"Wythe County",51197,639,143,782,0.8171355499
Male,Virginia,51,"York County",51199,609,109,718,0.848189415
Male,Virginia,51,"Alexandria city",51510,689,128,817,0.8433292534
Male,Virginia,51,"Bristol city",51520,257,73,330,0.7787878788
Male,Virginia,51,"Buena Vista city",51530,128,17,145,0.8827586207
Male,Virginia,51,"Charlottesville city",51540,427,83,510,0.837254902
Male,Virginia,51,"Chesapeake city",51550,1777,396,2173,0.8177634606999999
Male,Virginia,51,"Colonial Heights city",51570,246,49,295,0.8338983051
Male,Virginia,51,"Covington city",51580,126,31,157,0.8025477707
Male,Virginia,51,"Danville city",51590,734,181,915,0.8021857923
Male,Virginia,51,"Emporia city",51595,78,22,100,0.78
Male,Virginia,51,"Fairfax city",51600,169,26,195,0.8666666667
Male,Virginia,51,"Falls Church city",51610,81,17,98,0.8265306122
Male,Virginia,51,"Franklin city",51620,145,46,191,0.7591623037
Male,Virginia,51,"Fredericksburg city",51630,240,66,306,0.7843137255
Male,Virginia,51,"Galax city",51640,161,34,195,0.8256410256
Male,Virginia,51,"Hampton city",51650,1039,265,1304,0.7967791411
Male,Virginia,51,"Harrisonburg city",51660,374,70,444,0.8423423423
Male,Virginia,51,"Hopewell city",51670,239,65,304,0.7861842105
Male,Virginia,51,"Lexington city",51678,91,18,109,0.8348623853
Male,Virginia,51,"Lynchburg city",51680,912,213,1125,0.8106666667
Male,Virginia,51,"Manassas city",51683,280,50,330,0.8484848485
Male,Virginia,51,"Manassas Park city",51685,74,13,87,0.8505747126
Male,Virginia,51,"Martinsville city",51690,266,61,327,0.8134556575
Male,Virginia,51,"Newport News city",51700,1339,261,1600,0.836875
Male,Virginia,51,"Norfolk city",51710,1377,351,1728,0.796875
Male,Virginia,51,"Norton city",51720,86,13,99,0.8686868687
Male,Virginia,51,"Petersburg city",51730,359,118,477,0.7526205451
Male,Virginia,51,"Poquoson city",51735,138,12,150,0.92
Male,Virginia,51,"Portsmouth city",51740,775,188,963,0.8047767394
Male,Virginia,51,"Radford city",51750,165,30,195,0.8461538462
Male,Virginia,51,"Richmond city",51760,1794,445,2239,0.8012505583
Male,Virginia,51,"Roanoke city",51770,1132,292,1424,0.7949438202
Male,Virginia,51,"Salem city",51775,400,85,485,0.824742268
Male,Virginia,51,"Staunton city",51790,466,100,566,0.8233215548
Male,Virginia,51,"Suffolk city",51800,953,188,1141,0.8352322524
Male,Virginia,51,"Virginia Beach city",51810,3293,649,3942,0.83536276
Male,Virginia,51,"Waynesboro city",51820,406,80,486,0.8353909465
Male,Virginia,51,"Williamsburg city",51830,169,32,201,0.8407960199
Male,Virginia,51,"Winchester city",51840,395,85,480,0.8229166667
Male,Virginia,51,,51867,.,0,.,1
Male,Virginia,51,,51999,48,25,73,0.6575342466
Male,Washington,53,"Adams County",53001,171,37,208,0.8221153846
Male,Washington,53,"Asotin County",53003,380,85,465,0.8172043011
Male,Washington,53,"Benton County",53005,2557,465,3022,0.8461283918
Male,Washington,53,"Chelan County",53007,824,174,998,0.8256513026
Male,Washington,53,"Clallam County",53009,1875,273,2148,0.8729050279
Male,Washington,53,"Clark County",53011,2838,484,3322,0.8543046358
Male,Washington,53,"Columbia County",53013,71,18,89,0.797752809
Male,Washington,53,"Cowlitz County",53015,1211,228,1439,0.8415566366
Male,Washington,53,"Douglas County",53017,457,83,540,0.8462962963
Male,Washington,53,"Ferry County",53019,114,29,143,0.7972027972
Male,Washington,53,"Franklin County",53021,712,169,881,0.8081725312
Male,Washington,53,"Garfield County",53023,.,.,.,0.8
Male,Washington,53,"Grant County",53025,1030,207,1237,0.8326596605
Male,Washington,53,"Grays Harbor County",53027,1401,291,1692,0.8280141844
Male,Washington,53,"Island County",53029,1093,162,1255,0.8709163347
Male,Washington,53,"Jefferson County",53031,831,132,963,0.8629283489
Male,Washington,53,"King County",53033,13628,2444,16072,0.8479342957
Male,Washington,53,"Kitsap County",53035,2180,407,2587,0.842674913
Male,Washington,53,"Kittitas County",53037,538,69,607,0.8863261944
Male,Washington,53,"Klickitat County",53039,394,72,466,0.8454935622
Male,Washington,53,"Lewis County",53041,1038,222,1260,0.8238095238
Male,Washington,53,"Lincoln County",53043,217,28,245,0.8857142857
Male,Washington,53,"Mason County",53045,861,184,1045,0.823923445
Male,Washington,53,"Okanogan County",53047,558,108,666,0.8378378378
Male,Washington,53,"Pacific County",53049,698,109,807,0.8649318463
Male,Washington,53,"Pend Oreille County",53051,225,42,267,0.8426966292
Male,Washington,53,"Pierce County",53053,6582,1265,7847,0.838791895
Male,Washington,53,"San Juan County",53055,335,47,382,0.8769633508
Male,Washington,53,"Skagit County",53057,1791,326,2117,0.8460085026
Male,Washington,53,"Skamania County",53059,152,33,185,0.8216216216
Male,Washington,53,"Snohomish County",53061,5458,1002,6460,0.8448916409
Male,Washington,53,"Spokane County",53063,3982,861,4843,0.8222176337
Male,Washington,53,"Stevens County",53065,717,149,866,0.8279445727
Male,Washington,53,"Thurston County",53067,2054,378,2432,0.8445723684
Male,Washington,53,"Wahkiakum County",53069,90,18,108,0.8333333333
Male,Washington,53,"Walla Walla County",53071,727,113,840,0.8654761905
Male,Washington,53,"Whatcom County",53073,2458,476,2934,0.8377641445
Male,Washington,53,"Whitman County",53075,326,76,402,0.8109452736
Male,Washington,53,"Yakima County",53077,2516,524,3040,0.8276315789
Male,Washington,53,,53999,.,.,.,0.8
Male,"West Virginia",54,"Barbour County",54001,327,56,383,0.8537859008
Male,"West Virginia",54,"Berkeley County",54003,1409,248,1657,0.8503319252
Male,"West Virginia",54,"Boone County",54005,367,99,466,0.7875536481
Male,"West Virginia",54,"Braxton County",54007,238,40,278,0.8561151079
Male,"West Virginia",54,"Brooke County",54009,439,98,537,0.8175046555
Male,"West Virginia",54,"Cabell County",54011,1290,273,1563,0.8253358925
Male,"West Virginia",54,"Calhoun County",54013,188,27,215,0.8744186047
Male,"West Virginia",54,"Clay County",54015,215,39,254,0.8464566929
Male,"West Virginia",54,"Doddridge County",54017,103,16,119,0.8655462185
Male,"West Virginia",54,"Fayette County",54019,722,150,872,0.8279816514
Male,"West Virginia",54,"Gilmer County",54021,113,24,137,0.8248175182
Male,"West Virginia",54,"Grant County",54023,272,45,317,0.858044164
Male,"West Virginia",54,"Greenbrier County",54025,659,135,794,0.8299748111
Male,"West Virginia",54,"Hampshire County",54027,483,68,551,0.8765880218
Male,"West Virginia",54,"Hancock County",54029,620,127,747,0.8299866131
Male,"West Virginia",54,"Hardy County",54031,259,51,310,0.835483871
Male,"West Virginia",54,"Harrison County",54033,980,204,1184,0.8277027027
Male,"West Virginia",54,"Jackson County",54035,512,90,602,0.8504983389
Male,"West Virginia",54,"Jefferson County",54037,652,129,781,0.8348271447
Male,"West Virginia",54,"Kanawha County",54039,3031,664,3695,0.8202976996
Male,"West Virginia",54,"Lewis County",54041,300,50,350,0.8571428571
Male,"West Virginia",54,"Lincoln County",54043,407,88,495,0.8222222222
Male,"West Virginia",54,"Logan County",54045,688,166,854,0.8056206089
Male,"West Virginia",54,"McDowell County",54047,500,131,631,0.7923930269
Male,"West Virginia",54,"Marion County",54049,846,131,977,0.8659160696
Male,"West Virginia",54,"Marshall County",54051,476,85,561,0.8484848485
Male,"West Virginia",54,"Mason County",54053,513,121,634,0.809148265
Male,"West Virginia",54,"Mercer County",54055,1112,262,1374,0.8093158661
Male,"West Virginia",54,"Mineral County",54057,691,97,788,0.8769035533
Male,"West Virginia",54,"Mingo County",54059,593,138,731,0.8112175103
Male,"West Virginia",54,"Monongalia County",54061,846,128,974,0.8685831622
Male,"West Virginia",54,"Monroe County",54063,273,40,313,0.8722044728
Male,"West Virginia",54,"Morgan County",54065,308,57,365,0.8438356164
Male,"West Virginia",54,"Nicholas County",54067,563,91,654,0.8608562691
Male,"West Virginia",54,"Ohio County",54069,565,107,672,0.8407738095
Male,"West Virginia",54,"Pendleton County",54071,166,21,187,0.8877005348
Male,"West Virginia",54,"Pleasants County",54073,151,29,180,0.8388888889
Male,"West Virginia",54,"Pocahontas County",54075,160,29,189,0.8465608466
Male,"West Virginia",54,"Preston County",54077,621,119,740,0.8391891892
Male,"West Virginia",54,"Putnam County",54079,889,199,1088,0.8170955882
Male,"West Virginia",54,"Raleigh County",54081,1260,282,1542,0.8171206226
Male,"West Virginia",54,"Randolph County",54083,589,109,698,0.8438395415
Male,"West Virginia",54,"Ritchie County",54085,195,38,233,0.8369098712
Male,"West Virginia",54,"Roane County",54087,311,65,376,0.8271276596
Male,"West Virginia",54,"Summers County",54089,256,60,316,0.8101265823
Male,"West Virginia",54,"Taylor County",54091,275,47,322,0.8540372671
Male,"West Virginia",54,"Tucker County",54093,178,30,208,0.8557692308
Male,"West Virginia",54,"Tyler County",54095,180,22,202,0.8910891089
Male,"West Virginia",54,"Upshur County",54097,432,76,508,0.8503937008
Male,"West Virginia",54,"Wayne County",54099,685,174,859,0.7974388824
Male,"West Virginia",54,"Webster County",54101,214,51,265,0.8075471698
Male,"West Virginia",54,"Wetzel County",54103,288,47,335,0.8597014925
Male,"West Virginia",54,"Wirt County",54105,131,23,154,0.8506493506
Male,"West Virginia",54,"Wood County",54107,1725,329,2054,0.8398247322
Male,"West Virginia",54,"Wyoming County",54109,515,116,631,0.8161648177
Male,"West Virginia",54,,54999,.,.,.,0.8125
Male,Wisconsin,55,"Adams County",55001,573,74,647,0.885625966
Male,Wisconsin,55,"Ashland County",55003,253,38,291,0.8694158076
Male,Wisconsin,55,"Barron County",55005,742,109,851,0.8719153937
Male,Wisconsin,55,"Bayfield County",55007,291,50,341,0.853372434
Male,Wisconsin,55,"Brown County",55009,2436,281,2717,0.8965771071
Male,Wisconsin,55,"Buffalo County",55011,280,35,315,0.8888888889
Male,Wisconsin,55,"Burnett County",55013,365,52,417,0.8752997602
Male,Wisconsin,55,"Calumet County",55015,399,50,449,0.8886414254
Male,Wisconsin,55,"Chippewa County",55017,965,116,1081,0.8926919519
Male,Wisconsin,55,"Clark County",55019,320,47,367,0.8719346049
Male,Wisconsin,55,"Columbia County",55021,876,103,979,0.8947906027
Male,Wisconsin,55,"Crawford County",55023,337,48,385,0.8753246753
Male,Wisconsin,55,"Dane County",55025,5027,589,5616,0.8951210826
Male,Wisconsin,55,"Dodge County",55027,1232,135,1367,0.9012435991
Male,Wisconsin,55,"Door County",55029,827,81,908,0.9107929515
Male,Wisconsin,55,"Douglas County",55031,576,77,653,0.8820826953
Male,Wisconsin,55,"Dunn County",55033,679,74,753,0.9017264276
Male,Wisconsin,55,"Eau Claire County",55035,1404,188,1592,0.8819095477
Male,Wisconsin,55,"Florence County",55037,104,20,124,0.8387096774
Male,Wisconsin,55,"Fond du Lac County",55039,1249,154,1403,0.8902352103
Male,Wisconsin,55,"Forest County",55041,156,29,185,0.8432432432
Male,Wisconsin,55,"Grant County",55043,660,87,747,0.8835341365
Male,Wisconsin,55,"Green County",55045,592,76,668,0.8862275449
Male,Wisconsin,55,"Green Lake County",55047,259,30,289,0.8961937716
Male,Wisconsin,55,"Iowa County",55049,319,56,375,0.8506666667
Male,Wisconsin,55,"Iron County",55051,132,20,152,0.8684210526
Male,Wisconsin,55,"Jackson County",55053,301,41,342,0.8801169591
Male,Wisconsin,55,"Jefferson County",55055,1219,164,1383,0.881417209
Male,Wisconsin,55,"Juneau County",55057,500,74,574,0.8710801394
Male,Wisconsin,55,"Kenosha County",55059,1890,287,2177,0.8681672026
Male,Wisconsin,55,"Kewaunee County",55061,264,32,296,0.8918918919
Male,Wisconsin,55,"La Crosse County",55063,1416,156,1572,0.9007633588
Male,Wisconsin,55,"Lafayette County",55065,268,28,296,0.9054054054
Male,Wisconsin,55,"Langlade County",55067,335,37,372,0.9005376344
Male,Wisconsin,55,"Lincoln County",55069,453,65,518,0.8745173745
Male,Wisconsin,55,"Manitowoc County",55071,1331,138,1469,0.9060585432
Male,Wisconsin,55,"Marathon County",55073,1515,207,1722,0.8797909408
Male,Wisconsin,55,"Marinette County",55075,809,130,939,0.8615548456
Male,Wisconsin,55,"Marquette County",55077,297,36,333,0.8918918919
Male,Wisconsin,55,"Menominee County",55078,46,13,59,0.7796610169
Male,Wisconsin,55,"Milwaukee County",55079,8397,1543,9940,0.8447686117
Male,Wisconsin,55,"Monroe County",55081,534,59,593,0.9005059022
Male,Wisconsin,55,"Oconto County",55083,561,81,642,0.8738317757
Male,Wisconsin,55,"Oneida County",55085,835,111,946,0.8826638478
Male,Wisconsin,55,"Outagamie County",55087,1398,178,1576,0.8870558376
Male,Wisconsin,55,"Ozaukee County",55089,1223,155,1378,0.8875181422
Male,Wisconsin,55,"Pepin County",55091,194,22,216,0.8981481481
Male,Wisconsin,55,"Pierce County",55093,419,63,482,0.8692946058
Male,Wisconsin,55,"Polk County",55095,667,107,774,0.8617571059
Male,Wisconsin,55,"Portage County",55097,856,131,987,0.8672745694
Male,Wisconsin,55,"Price County",55099,292,39,331,0.8821752266
Male,Wisconsin,55,"Racine County",55101,2476,418,2894,0.8555632343
Male,Wisconsin,55,"Richland County",55103,304,38,342,0.8888888889
Male,Wisconsin,55,"Rock County",55105,2581,337,2918,0.8845099383
Male,Wisconsin,55,"Rusk County",55107,264,34,298,0.8859060403
Male,Wisconsin,55,"St. Croix County",55109,956,115,1071,0.8926237162
Male,Wisconsin,55,"Sauk County",55111,952,107,1059,0.8989612842
Male,Wisconsin,55,"Sawyer County",55113,354,55,409,0.8655256724
Male,Wisconsin,55,"Shawano County",55115,512,70,582,0.8797250859
Male,Wisconsin,55,"Sheboygan County",55117,1502,186,1688,0.8898104265
Male,Wisconsin,55,"Taylor County",55119,247,28,275,0.8981818182
Male,Wisconsin,55,"Trempealeau County",55121,459,55,514,0.8929961089
Male,Wisconsin,55,"Vernon County",55123,428,47,475,0.9010526316
Male,Wisconsin,55,"Vilas County",55125,690,87,777,0.888030888
Male,Wisconsin,55,"Walworth County",55127,1588,227,1815,0.8749311295
Male,Wisconsin,55,"Washburn County",55129,350,58,408,0.8578431373
Male,Wisconsin,55,"Washington County",55131,2009,218,2227,0.9021104625
Male,Wisconsin,55,"Waukesha County",55133,5739,699,6438,0.8914259087
Male,Wisconsin,55,"Waupaca County",55135,652,76,728,0.8956043956
Male,Wisconsin,55,"Waushara County",55137,339,49,388,0.8737113402
Male,Wisconsin,55,"Winnebago County",55139,1552,204,1756,0.8838268793
Male,Wisconsin,55,"Wood County",55141,953,123,1076,0.8856877323
Male,Wisconsin,55,,55999,49,12,61,0.8032786885
Male,Wyoming,56,"Albany County",56001,280,73,353,0.7932011331
Male,Wyoming,56,"Big Horn County",56003,174,48,222,0.7837837838
Male,Wyoming,56,"Campbell County",56005,421,64,485,0.8680412371
Male,Wyoming,56,"Carbon County",56007,151,34,185,0.8162162162
Male,Wyoming,56,"Converse County",56009,210,26,236,0.8898305085
Male,Wyoming,56,"Crook County",56011,106,20,126,0.8412698413
Male,Wyoming,56,"Fremont County",56013,491,109,600,0.8183333333
Male,Wyoming,56,"Goshen County",56015,251,48,299,0.8394648829
Male,Wyoming,56,"Hot Springs County",56017,102,12,114,0.8947368421
Male,Wyoming,56,"Johnson County",56019,157,17,174,0.9022988506
Male,Wyoming,56,"Laramie County",56021,1062,229,1291,0.8226181255
Male,Wyoming,56,"Lincoln County",56023,212,42,254,0.8346456693
Male,Wyoming,56,"Natrona County",56025,932,162,1094,0.8519195612
Male,Wyoming,56,"Niobrara County",56027,40,12,52,0.7692307692
Male,Wyoming,56,"Park County",56029,563,105,668,0.8428143713
Male,Wyoming,56,"Platte County",56031,183,40,223,0.8206278027
Male,Wyoming,56,"Sheridan County",56033,343,65,408,0.8406862745
Male,Wyoming,56,"Sublette County",56035,86,14,100,0.86
Male,Wyoming,56,"Sweetwater County",56037,386,87,473,0.8160676533
Male,Wyoming,56,"Teton County",56039,164,43,207,0.7922705314
Male,Wyoming,56,"Uinta County",56041,222,33,255,0.8705882353
Male,Wyoming,56,"Washakie County",56043,154,29,183,0.8415300546
Male,Wyoming,56,"Weston County",56045,91,29,120,0.7583333333
Male,Wyoming,56,,56999,.,0,.,1
Female,Alabama,1,"Autauga County",1001,695,150,845,0.8224852071
Female,Alabama,1,"Baldwin County",1003,2954,541,3495,0.8452074392
Female,Alabama,1,"Barbour County",1005,526,147,673,0.7815750371
Female,Alabama,1,"Bibb County",1007,293,101,394,0.7436548223
Female,Alabama,1,"Blount County",1009,941,185,1126,0.8357015986
Female,Alabama,1,"Bullock County",1011,214,57,271,0.7896678967
Female,Alabama,1,"Butler County",1013,545,139,684,0.7967836257
Female,Alabama,1,"Calhoun County",1015,2059,460,2519,0.8173878523
Female,Alabama,1,"Chambers County",1017,830,223,1053,0.7882241216
Female,Alabama,1,"Cherokee County",1019,659,130,789,0.835234474
Female,Alabama,1,"Chilton County",1021,632,145,777,0.8133848134
Female,Alabama,1,"Choctaw County",1023,490,91,581,0.843373494
Female,Alabama,1,"Clarke County",1025,624,142,766,0.8146214099
Female,Alabama,1,"Clay County",1027,380,75,455,0.8351648352
Female,Alabama,1,"Cleburne County",1029,301,67,368,0.8179347826
Female,Alabama,1,"Coffee County",1031,744,200,944,0.7881355932
Female,Alabama,1,"Colbert County",1033,1357,329,1686,0.8048635824
Female,Alabama,1,"Conecuh County",1035,369,96,465,0.7935483871
Female,Alabama,1,"Coosa County",1037,281,95,376,0.7473404255
Female,Alabama,1,"Covington County",1039,961,289,1250,0.7688
Female,Alabama,1,"Crenshaw County",1041,300,69,369,0.8130081301
Female,Alabama,1,"Cullman County",1043,1857,292,2149,0.8641228478
Female,Alabama,1,"Dale County",1045,708,172,880,0.8045454545
Female,Alabama,1,"Dallas County",1047,974,314,1288,0.7562111801
Female,Alabama,1,"DeKalb County",1049,1387,299,1686,0.8226571767
Female,Alabama,1,"Elmore County",1051,993,222,1215,0.8172839506
Female,Alabama,1,"Escambia County",1053,827,217,1044,0.7921455939
Female,Alabama,1,"Etowah County",1055,2427,560,2987,0.812520924
Female,Alabama,1,"Fayette County",1057,438,120,558,0.7849462366
Female,Alabama,1,"Franklin County",1059,733,140,873,0.8396334479
Female,Alabama,1,"Geneva County",1061,525,153,678,0.7743362832
Female,Alabama,1,"Greene County",1063,231,70,301,0.7674418605
Female,Alabama,1,"Hale County",1065,397,122,519,0.7649325626
Female,Alabama,1,"Henry County",1067,404,100,504,0.8015873016
Female,Alabama,1,"Houston County",1069,2200,519,2719,0.8091210004
Female,Alabama,1,"Jackson County",1071,1294,272,1566,0.8263090677
Female,Alabama,1,"Jefferson County",1073,8367,1916,10283,0.8136730526
Female,Alabama,1,"Lamar County",1075,418,106,524,0.7977099237
Female,Alabama,1,"Lauderdale County",1077,2027,438,2465,0.8223123732
Female,Alabama,1,"Lawrence County",1079,800,161,961,0.8324661811
Female,Alabama,1,"Lee County",1081,1882,447,2329,0.808072134
Female,Alabama,1,"Limestone County",1083,1580,304,1884,0.838641189
Female,Alabama,1,"Lowndes County",1085,223,51,274,0.8138686131
Female,Alabama,1,"Macon County",1087,272,78,350,0.7771428571
Female,Alabama,1,"Madison County",1089,4120,863,4983,0.8268111579
Female,Alabama,1,"Marengo County",1091,576,169,745,0.7731543624
Female,Alabama,1,"Marion County",1093,769,198,967,0.7952430196
Female,Alabama,1,"Marshall County",1095,1976,376,2352,0.8401360544
Female,Alabama,1,"Mobile County",1097,5109,1198,6307,0.8100523228
Female,Alabama,1,"Monroe County",1099,520,154,674,0.7715133531
Female,Alabama,1,"Montgomery County",1101,2782,717,3499,0.7950843098
Female,Alabama,1,"Morgan County",1103,2482,516,2998,0.8278852568
Female,Alabama,1,"Perry County",1105,271,94,365,0.7424657534
Female,Alabama,1,"Pickens County",1107,508,117,625,0.8128
Female,Alabama,1,"Pike County",1109,489,128,617,0.7925445705
Female,Alabama,1,"Randolph County",1111,523,128,651,0.8033794163
Female,Alabama,1,"Russell County",1113,830,230,1060,0.7830188679
Female,Alabama,1,"St. Clair County",1115,1281,241,1522,0.8416557162
Female,Alabama,1,"Shelby County",1117,2612,476,3088,0.8458549223
Female,Alabama,1,"Sumter County",1119,353,102,455,0.7758241758
Female,Alabama,1,"Talladega County",1121,1738,425,2163,0.8035136385
Female,Alabama,1,"Tallapoosa County",1123,1037,307,1344,0.771577381
Female,Alabama,1,"Tuscaloosa County",1125,3147,707,3854,0.8165542294
Female,Alabama,1,"Walker County",1127,1216,286,1502,0.809587217
Female,Alabama,1,"Washington County",1129,387,108,495,0.7818181818
Female,Alabama,1,"Wilcox County",1131,321,89,410,0.7829268293
Female,Alabama,1,"Winston County",1133,654,111,765,0.8549019608
Female,Alabama,1,,1212,.,.,.,0.8
Female,Alabama,1,,1818,.,0,.,1
Female,Alabama,1,,1999,45,13,58,0.775862069
Female,Alaska,2,"Aleutians East Borough",2013,.,0,.,1
Female,Alaska,2,"Aleutians West Census Area",2016,.,.,.,0.875
Female,Alaska,2,"Anchorage Borough",2020,2439,457,2896,0.8421961326
Female,Alaska,2,"Bethel Census Area",2050,90,23,113,0.796460177
Female,Alaska,2,"Bristol Bay Borough",2060,.,.,.,0.8888888889
Female,Alaska,2,"Denali Borough (created after 1990)",2068,.,.,.,0.9
Female,Alaska,2,"Dillingham Census Area",2070,.,.,.,0.7096774194
Female,Alaska,2,"Fairbanks North Star Borough",2090,677,108,785,0.8624203822
Female,Alaska,2,"Haines Borough",2100,.,.,.,0.880952381
Female,Alaska,2,,2105,.,.,.,0.8695652174
Female,Alaska,2,"Juneau Borough",2110,384,75,459,0.8366013072
Female,Alaska,2,"Kenai Peninsula Borough",2122,788,142,930,0.847311828
Female,Alaska,2,"Ketchikan Gateway Borough",2130,174,27,201,0.8656716418
Female,Alaska,2,"Kodiak Island Borough",2150,79,13,92,0.8586956522
Female,Alaska,2,,2158,37,12,49,0.7551020408
Female,Alaska,2,"Lake and Peninsula Borough",2164,.,.,.,0.6666666667
Female,Alaska,2,"Matanuska-Susitna Borough",2170,976,184,1160,0.8413793103
Female,Alaska,2,"Nome Census Area",2180,.,.,.,0.7
Female,Alaska,2,"North Slope Borough",2185,.,.,.,0.8055555556
Female,Alaska,2,"Northwest Arctic Borough",2188,31,19,50,0.62
Female,Alaska,2,,2195,.,.,.,0.88
Female,Alaska,2,,2198,44,14,58,0.7586206897
Female,Alaska,2,"Sitka Borough",2220,89,22,111,0.8018018018
Female,Alaska,2,,2230,.,.,.,0.8461538462
Female,Alaska,2,"Southeast Fairbanks Census Area",2240,58,16,74,0.7837837838
Female,Alaska,2,"Valdez-Cordova Census Area",2261,91,12,103,0.8834951456
Female,Alaska,2,,2275,.,.,.,0.9545454545
Female,Alaska,2,"Yakutat Borough (created after 1990)",2282,.,.,.,0.875
Female,Alaska,2,"Yukon-Koyukuk Census Area",2290,26,14,40,0.65
Female,Alaska,2,,2626,0,.,.,0
Female,Alaska,2,,2727,.,.,.,0.6666666667
Female,Alaska,2,,2999,.,0,.,1
Female,Arizona,4,"Apache County",4001,389,202,591,0.6582064298
Female,Arizona,4,"Cochise County",4003,1420,317,1737,0.8175014393
Female,Arizona,4,"Coconino County",4005,861,223,1084,0.7942804428
Female,Arizona,4,"Gila County",4007,1188,272,1460,0.8136986301
Female,Arizona,4,"Graham County",4009,372,90,462,0.8051948052
Female,Arizona,4,"Greenlee County",4011,97,17,114,0.850877193
Female,Arizona,4,"La Paz County",4012,289,63,352,0.8210227273
Female,Arizona,4,"Maricopa County",4013,35576,6644,42220,0.8426338228
Female,Arizona,4,"Mohave County",4015,4370,861,5231,0.8354043204
Female,Arizona,4,"Navajo County",4017,1063,349,1412,0.7528328612
Female,Arizona,4,"Pima County",4019,9020,1773,10793,0.83572686
Female,Arizona,4,"Pinal County",4021,4262,897,5159,0.8261290948
Female,Arizona,4,"Santa Cruz County",4023,331,81,412,0.8033980583
Female,Arizona,4,"Yavapai County",4025,4376,800,5176,0.8454404946
Female,Arizona,4,"Yuma County",4027,2296,530,2826,0.8124557679
Female,Arizona,4,,4242,.,0,.,1
Female,Arizona,4,,4747,.,.,.,0.5
Female,Arizona,4,,4848,.,.,.,0.75
Female,Arizona,4,,4999,75,18,93,0.8064516129
Female,Arkansas,5,"Arkansas County",5001,410,103,513,0.7992202729
Female,Arkansas,5,"Ashley County",5003,570,165,735,0.7755102041
Female,Arkansas,5,"Baxter County",5005,1251,227,1478,0.8464140731
Female,Arkansas,5,"Benton County",5007,3050,574,3624,0.841611479
Female,Arkansas,5,"Boone County",5009,786,177,963,0.8161993769
Female,Arkansas,5,"Bradley County",5011,270,111,381,0.7086614173
Female,Arkansas,5,"Calhoun County",5013,115,47,162,0.7098765432
Female,Arkansas,5,"Carroll County",5015,475,107,582,0.8161512027
Female,Arkansas,5,"Chicot County",5017,297,87,384,0.7734375
Female,Arkansas,5,"Clark County",5019,370,75,445,0.8314606742
Female,Arkansas,5,"Clay County",5021,350,100,450,0.7777777778
Female,Arkansas,5,"Cleburne County",5023,788,170,958,0.8225469729
Female,Arkansas,5,"Cleveland County",5025,186,47,233,0.7982832618
Female,Arkansas,5,"Columbia County",5027,507,158,665,0.762406015
Female,Arkansas,5,"Conway County",5029,483,104,587,0.8228279387
Female,Arkansas,5,"Craighead County",5031,1659,398,2057,0.8065143413
Female,Arkansas,5,"Crawford County",5033,1043,238,1281,0.8142076503
Female,Arkansas,5,"Crittenden County",5035,888,275,1163,0.7635425623
Female,Arkansas,5,"Cross County",5037,330,94,424,0.7783018868
Female,Arkansas,5,"Dallas County",5039,163,52,215,0.7581395349
Female,Arkansas,5,"Desha County",5041,321,136,457,0.7024070022
Female,Arkansas,5,"Drew County",5043,409,155,564,0.725177305
Female,Arkansas,5,"Faulkner County",5045,1791,404,2195,0.8159453303
Female,Arkansas,5,"Franklin County",5047,365,81,446,0.8183856502
Female,Arkansas,5,"Fulton County",5049,320,96,416,0.7692307692
Female,Arkansas,5,"Garland County",5051,2138,552,2690,0.794795539
Female,Arkansas,5,"Grant County",5053,364,80,444,0.8198198198
Female,Arkansas,5,"Greene County",5055,850,206,1056,0.8049242424
Female,Arkansas,5,"Hempstead County",5057,433,124,557,0.7773788151
Female,Arkansas,5,"Hot Spring County",5059,725,154,879,0.8248009101
Female,Arkansas,5,"Howard County",5061,315,90,405,0.7777777778
Female,Arkansas,5,"Independence County",5063,976,222,1198,0.8146911519
Female,Arkansas,5,"Izard County",5065,373,96,469,0.7953091684
Female,Arkansas,5,"Jackson County",5067,428,102,530,0.8075471698
Female,Arkansas,5,"Jefferson County",5069,1241,424,1665,0.7453453453
Female,Arkansas,5,"Johnson County",5071,503,133,636,0.7908805031
Female,Arkansas,5,"Lafayette County",5073,167,69,236,0.7076271186
Female,Arkansas,5,"Lawrence County",5075,370,111,481,0.7692307692
Female,Arkansas,5,"Lee County",5077,205,68,273,0.7509157509
Female,Arkansas,5,"Lincoln County",5079,233,82,315,0.7396825397
Female,Arkansas,5,"Little River County",5081,281,81,362,0.7762430939
Female,Arkansas,5,"Logan County",5083,487,104,591,0.8240270728
Female,Arkansas,5,"Lonoke County",5085,1120,255,1375,0.8145454545
Female,Arkansas,5,"Madison County",5087,283,53,336,0.8422619048
Female,Arkansas,5,"Marion County",5089,380,71,451,0.8425720621
Female,Arkansas,5,"Miller County",5091,797,209,1006,0.7922465209
Female,Arkansas,5,"Mississippi County",5093,746,232,978,0.7627811861
Female,Arkansas,5,"Monroe County",5095,198,72,270,0.7333333333
Female,Arkansas,5,"Montgomery County",5097,199,42,241,0.8257261411
Female,Arkansas,5,"Nevada County",5099,189,42,231,0.8181818182
Female,Arkansas,5,"Newton County",5101,152,30,182,0.8351648352
Female,Arkansas,5,"Ouachita County",5103,598,180,778,0.7686375321
Female,Arkansas,5,"Perry County",5105,214,44,258,0.8294573643
Female,Arkansas,5,"Phillips County",5107,398,106,504,0.7896825397
Female,Arkansas,5,"Pike County",5109,251,76,327,0.7675840979
Female,Arkansas,5,"Poinsett County",5111,503,138,641,0.7847113885
Female,Arkansas,5,"Polk County",5113,466,101,567,0.8218694885
Female,Arkansas,5,"Pope County",5115,1187,250,1437,0.826026444
Female,Arkansas,5,"Prairie County",5117,282,57,339,0.8318584071
Female,Arkansas,5,"Pulaski County",5119,5870,1605,7475,0.7852842809
Female,Arkansas,5,"Randolph County",5121,389,120,509,0.7642436149
Female,Arkansas,5,"St. Francis County",5123,497,150,647,0.7681607419
Female,Arkansas,5,"Saline County",5125,2147,510,2657,0.8080541965
Female,Arkansas,5,"Scott County",5127,232,38,270,0.8592592593
Female,Arkansas,5,"Searcy County",5129,214,40,254,0.842519685
Female,Arkansas,5,"Sebastian County",5131,2127,491,2618,0.8124522536
Female,Arkansas,5,"Sevier County",5133,287,84,371,0.7735849057
Female,Arkansas,5,"Sharp County",5135,533,115,648,0.8225308642
Female,Arkansas,5,"Stone County",5137,431,96,527,0.8178368121
Female,Arkansas,5,"Union County",5139,976,316,1292,0.7554179567
Female,Arkansas,5,"Van Buren County",5141,421,83,504,0.8353174603
Female,Arkansas,5,"Washington County",5143,2640,489,3129,0.8437200384
Female,Arkansas,5,"White County",5145,1991,414,2405,0.8278586279
Female,Arkansas,5,"Woodruff County",5147,231,62,293,0.7883959044
Female,Arkansas,5,"Yell County",5149,421,114,535,0.7869158879
Female,Arkansas,5,,5353,.,0,.,1
Female,Arkansas,5,,5555,.,0,.,1
Female,Arkansas,5,,5999,42,12,54,0.7777777778
Female,California,6,California,6000,0,.,.,0
Female,California,6,"Alameda County",6001,10458,2100,12558,0.8327759197
Female,California,6,"Alpine County",6003,.,.,.,0.9444444444
Female,California,6,"Amador County",6005,882,159,1041,0.8472622478
Female,California,6,"Butte County",6007,3703,859,4562,0.8117053924
Female,California,6,"Calaveras County",6009,1018,152,1170,0.8700854701
Female,California,6,"Colusa County",6011,291,60,351,0.8290598291
Female,California,6,"Contra Costa County",6013,8356,1683,10039,0.8323538201
Female,California,6,"Del Norte County",6015,571,114,685,0.8335766423
Female,California,6,"El Dorado County",6017,2217,350,2567,0.8636540709
Female,California,6,"Fresno County",6019,9648,2170,11818,0.8163817905
Female,California,6,"Glenn County",6021,499,102,601,0.8302828619
Female,California,6,"Humboldt County",6023,2003,401,2404,0.8331946755
Female,California,6,"Imperial County",6025,2619,722,3341,0.7838970368
Female,California,6,"Inyo County",6027,290,74,364,0.7967032967
Female,California,6,"Kern County",6029,6440,1669,8109,0.7941793069
Female,California,6,"Kings County",6031,1367,317,1684,0.8117577197
Female,California,6,"Lake County",6033,1343,350,1693,0.793266391
Female,California,6,"Lassen County",6035,368,81,449,0.8195991091
Female,California,6,"Los Angeles County",6037,75980,16186,92166,0.8243820932
Female,California,6,"Madera County",6039,1675,361,2036,0.8226915521
Female,California,6,"Marin County",6041,2150,412,2562,0.8391881343
Female,California,6,"Mariposa County",6043,361,77,438,0.8242009132
Female,California,6,"Mendocino County",6045,1361,306,1667,0.8164367127
Female,California,6,"Merced County",6047,3005,787,3792,0.7924578059
Female,California,6,"Modoc County",6049,165,43,208,0.7932692308
Female,California,6,"Mono County",6051,68,18,86,0.7906976744
Female,California,6,"Monterey County",6053,4539,982,5521,0.8221336714
Female,California,6,"Napa County",6055,1436,280,1716,0.8368298368
Female,California,6,"Nevada County",6057,1531,345,1876,0.816098081
Female,California,6,"Orange County",6059,24709,4466,29175,0.8469237361
Female,California,6,"Placer County",6061,3730,639,4369,0.8537422751
Female,California,6,"Plumas County",6063,387,80,467,0.8286937901
Female,California,6,"Riverside County",6065,14577,3050,17627,0.8269699892
Female,California,6,"Sacramento County",6067,11275,2376,13651,0.8259468171
Female,California,6,"San Benito County",6069,651,144,795,0.8188679245
Female,California,6,"San Bernardino County",6071,10867,2686,13553,0.8018150963
Female,California,6,"San Diego County",6073,19384,3997,23381,0.829049228
Female,California,6,"San Francisco County",6075,7046,1252,8298,0.8491202699
Female,California,6,"San Joaquin County",6077,6936,1479,8415,0.8242424242
Female,California,6,"San Luis Obispo County",6079,4518,717,5235,0.8630372493
Female,California,6,"San Mateo County",6081,5512,929,6441,0.8557677379
Female,California,6,"Santa Barbara County",6083,4511,870,5381,0.8383200149
Female,California,6,"Santa Clara County",6085,14388,2553,16941,0.8493005135
Female,California,6,"Santa Cruz County",6087,3134,594,3728,0.8406652361
Female,California,6,"Shasta County",6089,3360,687,4047,0.8302446256
Female,California,6,"Sierra County",6091,56,13,69,0.8115942029
Female,California,6,"Siskiyou County",6093,945,180,1125,0.84
Female,California,6,"Solano County",6095,3278,668,3946,0.8307146477
Female,California,6,"Sonoma County",6097,4112,890,5002,0.8220711715
Female,California,6,"Stanislaus County",6099,5034,1121,6155,0.8178716491
Female,California,6,"Sutter County",6101,1519,335,1854,0.8193096009
Female,California,6,"Tehama County",6103,1209,259,1468,0.8235694823
Female,California,6,"Trinity County",6105,211,37,248,0.8508064516
Female,California,6,"Tulare County",6107,5304,1156,6460,0.8210526316
Female,California,6,"Tuolumne County",6109,1168,256,1424,0.8202247191
Female,California,6,"Ventura County",6111,8492,1736,10228,0.8302698475
Female,California,6,"Yolo County",6113,1716,309,2025,0.8474074074
Female,California,6,"Yuba County",6115,837,228,1065,0.785915493
Female,California,6,,6999,127,40,167,0.7604790419
Female,Colorado,8,"Adams County",8001,2006,401,2407,0.8334025758
Female,Colorado,8,"Alamosa County",8003,146,41,187,0.7807486631
Female,Colorado,8,"Arapahoe County",8005,3290,695,3985,0.8255959849
Female,Colorado,8,"Archuleta County",8007,160,31,191,0.8376963351
Female,Colorado,8,"Baca County",8009,100,20,120,0.8333333333
Female,Colorado,8,"Bent County",8011,60,11,71,0.8450704225
Female,Colorado,8,"Boulder County",8013,1876,382,2258,0.8308237378
Female,Colorado,8,,8014,381,63,444,0.8581081081
Female,Colorado,8,"Chaffee County",8015,265,50,315,0.8412698413
Female,Colorado,8,"Cheyenne County",8017,.,.,.,0.8913043478
Female,Colorado,8,"Clear Creek County",8019,.,.,.,0.8392857143
Female,Colorado,8,"Conejos County",8021,91,32,123,0.7398373984
Female,Colorado,8,"Costilla County",8023,42,13,55,0.7636363636
Female,Colorado,8,"Crowley County",8025,53,14,67,0.7910447761
Female,Colorado,8,"Custer County",8027,64,12,76,0.8421052632
Female,Colorado,8,"Delta County",8029,517,106,623,0.8298555377
Female,Colorado,8,"Denver County",8031,2837,683,3520,0.8059659091
Female,Colorado,8,"Dolores County",8033,.,.,.,0.8285714286
Female,Colorado,8,"Douglas County",8035,1931,380,2311,0.8355690177
Female,Colorado,8,"Eagle County",8037,192,38,230,0.8347826087
Female,Colorado,8,"Elbert County",8039,205,37,242,0.847107438
Female,Colorado,8,"El Paso County",8041,4200,772,4972,0.8447304907
Female,Colorado,8,"Fremont County",8043,604,110,714,0.8459383754
Female,Colorado,8,"Garfield County",8045,421,97,518,0.8127413127
Female,Colorado,8,"Gilpin County",8047,.,.,.,0.8787878788
Female,Colorado,8,"Grand County",8049,88,19,107,0.8224299065
Female,Colorado,8,"Gunnison County",8051,91,22,113,0.8053097345
Female,Colorado,8,"Hinsdale County",8053,.,.,.,0.8695652174
Female,Colorado,8,"Huerfano County",8055,123,25,148,0.8310810811
Female,Colorado,8,"Jackson County",8057,.,.,.,0.8333333333
Female,Colorado,8,"Jefferson County",8059,3121,600,3721,0.8387530234
Female,Colorado,8,"Kiowa County",8061,.,.,.,0.7837837838
Female,Colorado,8,"Kit Carson County",8063,111,22,133,0.8345864662
Female,Colorado,8,"Lake County",8065,.,.,.,0.925
Female,Colorado,8,"La Plata County",8067,511,103,614,0.832247557
Female,Colorado,8,"Larimer County",8069,3154,527,3681,0.8568323825
Female,Colorado,8,"Las Animas County",8071,164,54,218,0.752293578
Female,Colorado,8,"Lincoln County",8073,79,19,98,0.806122449
Female,Colorado,8,"Logan County",8075,317,65,382,0.8298429319
Female,Colorado,8,"Mesa County",8077,1648,293,1941,0.849046883
Female,Colorado,8,"Mineral County",8079,.,.,.,0.7777777778
Female,Colorado,8,"Moffat County",8081,133,25,158,0.8417721519
Female,Colorado,8,"Montezuma County",8083,403,63,466,0.864806867
Female,Colorado,8,"Montrose County",8085,624,112,736,0.847826087
Female,Colorado,8,"Morgan County",8087,443,83,526,0.8422053232
Female,Colorado,8,"Otero County",8089,300,71,371,0.8086253369
Female,Colorado,8,"Ouray County",8091,.,.,.,0.8367346939
Female,Colorado,8,"Park County",8093,106,22,128,0.828125
Female,Colorado,8,"Phillips County",8095,100,22,122,0.8196721311
Female,Colorado,8,"Pitkin County",8097,57,21,78,0.7307692308
Female,Colorado,8,"Prowers County",8099,203,41,244,0.8319672131
Female,Colorado,8,"Pueblo County",8101,1921,356,2277,0.8436539306
Female,Colorado,8,"Rio Blanco County",8103,75,24,99,0.7575757576
Female,Colorado,8,"Rio Grande County",8105,183,33,216,0.8472222222
Female,Colorado,8,"Routt County",8107,146,29,175,0.8342857143
Female,Colorado,8,"Saguache County",8109,.,.,.,0.8615384615
Female,Colorado,8,"San Juan County",8111,12,0,12,1
Female,Colorado,8,"San Miguel County",8113,.,.,.,0.8048780488
Female,Colorado,8,"Sedgwick County",8115,65,13,78,0.8333333333
Female,Colorado,8,"Summit County",8117,102,20,122,0.8360655738
Female,Colorado,8,"Teller County",8119,230,45,275,0.8363636364
Female,Colorado,8,"Washington County",8121,78,21,99,0.7878787879
Female,Colorado,8,"Weld County",8123,2630,442,3072,0.8561197917
Female,Colorado,8,"Yuma County",8125,199,28,227,0.8766519824
Female,Colorado,8,,8999,.,.,.,0.7096774194
Female,Connecticut,9,"Fairfield County",9001,12628,2056,14684,0.8599836557
Female,Connecticut,9,"Hartford County",9003,14143,2043,16186,0.8737798097
Female,Connecticut,9,"Litchfield County",9005,3440,453,3893,0.8836372977
Female,Connecticut,9,"Middlesex County",9007,3063,340,3403,0.9000881575
Female,Connecticut,9,"New Haven County",9009,13485,2119,15604,0.8642014868
Female,Connecticut,9,"New London County",9011,4777,639,5416,0.8820162482
Female,Connecticut,9,"Tolland County",9013,2294,265,2559,0.8964439234
Female,Connecticut,9,"Windham County",9015,2187,249,2436,0.8977832512
Female,Connecticut,9,,9999,.,.,.,0.76
Female,Delaware,10,"Kent County",10001,3867,650,4517,0.8560991809
Female,Delaware,10,"New Castle County",10003,9331,1623,10954,0.8518349461
Female,Delaware,10,"Sussex County",10005,7437,1048,8485,0.8764879199
Female,Delaware,10,,10011,.,0,.,1
Female,Delaware,10,,10999,.,.,.,0.9333333333
Female,"District of Columbia",11,"District of Columbia",11001,4585,1297,5882,0.7794967698
Female,"District of Columbia",11,,11999,0,.,.,0
Female,Florida,12,"Alachua County",12001,2573,536,3109,0.8275972982
Female,Florida,12,"Baker County",12003,356,72,428,0.8317757009
Female,Florida,12,"Bay County",12005,2674,595,3269,0.817987152
Female,Florida,12,"Bradford County",12007,417,110,527,0.7912713472
Female,Florida,12,"Brevard County",12009,8657,1744,10401,0.832323815
Female,Florida,12,"Broward County",12011,15041,3302,18343,0.8199858257
Female,Florida,12,"Calhoun County",12013,263,61,324,0.8117283951
Female,Florida,12,"Charlotte County",12015,5120,837,5957,0.8594930334
Female,Florida,12,"Citrus County",12017,4129,728,4857,0.8501132386
Female,Florida,12,"Clay County",12019,2380,521,2901,0.8204067563
Female,Florida,12,"Collier County",12021,7419,1217,8636,0.859078277
Female,Florida,12,"Columbia County",12023,1015,260,1275,0.7960784314
Female,Florida,12,"DeSoto County",12027,615,130,745,0.8255033557
Female,Florida,12,"Dixie County",12029,235,66,301,0.780730897
Female,Florida,12,"Duval County",12031,10461,2721,13182,0.7935821575
Female,Florida,12,"Escambia County",12033,3919,926,4845,0.808875129
Female,Florida,12,"Flagler County",12035,1990,354,2344,0.8489761092
Female,Florida,12,"Franklin County",12037,205,41,246,0.8333333333
Female,Florida,12,"Gadsden County",12039,500,146,646,0.773993808
Female,Florida,12,"Gilchrist County",12041,255,54,309,0.8252427184
Female,Florida,12,"Glades County",12043,211,54,265,0.7962264151
Female,Florida,12,"Gulf County",12045,324,93,417,0.7769784173
Female,Florida,12,"Hamilton County",12047,262,58,320,0.81875
Female,Florida,12,"Hardee County",12049,382,85,467,0.817987152
Female,Florida,12,"Hendry County",12051,477,111,588,0.8112244898
Female,Florida,12,"Hernando County",12053,3569,674,4243,0.8411501296
Female,Florida,12,"Highlands County",12055,2777,563,3340,0.8314371257
Female,Florida,12,"Hillsborough County",12057,12489,2484,14973,0.8341013825
Female,Florida,12,"Holmes County",12059,346,105,451,0.7671840355
Female,Florida,12,"Indian River County",12061,3890,696,4586,0.8482337549
Female,Florida,12,"Jackson County",12063,848,202,1050,0.8076190476
Female,Florida,12,"Jefferson County",12065,197,56,253,0.7786561265
Female,Florida,12,"Lafayette County",12067,102,24,126,0.8095238095
Female,Florida,12,"Lake County",12069,7417,1300,8717,0.8508661237
Female,Florida,12,"Lee County",12071,14533,2360,16893,0.8602971645
Female,Florida,12,"Leon County",12073,1808,443,2251,0.8031985784
Female,Florida,12,"Levy County",12075,776,181,957,0.8108672936
Female,Florida,12,"Liberty County",12077,97,22,119,0.8151260504
Female,Florida,12,"Madison County",12079,334,104,438,0.7625570776
Female,Florida,12,"Manatee County",12081,6701,1157,7858,0.8527615169
Female,Florida,12,"Marion County",12083,8193,1500,9693,0.8452491489
Female,Florida,12,"Martin County",12085,3045,479,3524,0.8640749149
Female,Florida,12,,12086,24953,4852,29805,0.8372085221
Female,Florida,12,"Monroe County",12087,1064,187,1251,0.8505195843
Female,Florida,12,"Nassau County",12089,1391,266,1657,0.8394689197
Female,Florida,12,"Okaloosa County",12091,1915,460,2375,0.8063157895
Female,Florida,12,"Okeechobee County",12093,719,200,919,0.7823721436
Female,Florida,12,"Orange County",12095,9902,2406,12308,0.8045173871
Female,Florida,12,"Osceola County",12097,2850,691,3541,0.8048573849
Female,Florida,12,"Palm Beach County",12099,21572,4085,25657,0.8407841914
Female,Florida,12,"Pasco County",12101,7284,1311,8595,0.847469459
Female,Florida,12,"Pinellas County",12103,13341,2553,15894,0.8393733484
Female,Florida,12,"Polk County",12105,9346,1924,11270,0.8292812777
Female,Florida,12,"Putnam County",12107,1479,329,1808,0.8180309735
Female,Florida,12,"St. Johns County",12109,3917,624,4541,0.8625853336
Female,Florida,12,"St. Lucie County",12111,5198,1032,6230,0.8343499197
Female,Florida,12,"Santa Rosa County",12113,1924,433,2357,0.8162918965
Female,Florida,12,"Sarasota County",12115,11146,1725,12871,0.8659777795
Female,Florida,12,"Seminole County",12117,5012,1034,6046,0.8289778366
Female,Florida,12,"Sumter County",12119,5175,818,5993,0.8635074253
Female,Florida,12,"Suwannee County",12121,812,199,1011,0.803165183
Female,Florida,12,"Taylor County",12123,418,100,518,0.8069498069
Female,Florida,12,"Union County",12125,130,31,161,0.8074534161
Female,Florida,12,"Volusia County",12127,7706,1445,9151,0.8420937602
Female,Florida,12,"Wakulla County",12129,268,57,325,0.8246153846
Female,Florida,12,"Walton County",12131,1050,241,1291,0.8133230054
Female,Florida,12,"Washington County",12133,523,108,631,0.8288431062
Female,Florida,12,,12999,225,48,273,0.8241758242
Female,Georgia,13,"Appling County",13001,322,91,413,0.7796610169
Female,Georgia,13,"Atkinson County",13003,129,38,167,0.7724550898
Female,Georgia,13,"Bacon County",13005,218,65,283,0.7703180212
Female,Georgia,13,"Baker County",13007,.,.,.,0.8181818182
Female,Georgia,13,"Baldwin County",13009,567,138,705,0.8042553191
Female,Georgia,13,"Banks County",13011,309,63,372,0.8306451613
Female,Georgia,13,"Barrow County",13013,1015,199,1214,0.8360790774
Female,Georgia,13,"Bartow County",13015,1480,366,1846,0.8017334778
Female,Georgia,13,"Ben Hill County",13017,338,91,429,0.7878787879
Female,Georgia,13,"Berrien County",13019,301,89,390,0.7717948718
Female,Georgia,13,"Bibb County",13021,2275,654,2929,0.7767156026
Female,Georgia,13,"Bleckley County",13023,188,51,239,0.7866108787
Female,Georgia,13,"Brantley County",13025,275,77,352,0.78125
Female,Georgia,13,"Brooks County",13027,331,99,430,0.7697674419
Female,Georgia,13,"Bryan County",13029,311,77,388,0.8015463918
Female,Georgia,13,"Bulloch County",13031,894,251,1145,0.7807860262
Female,Georgia,13,"Burke County",13033,386,107,493,0.7829614604
Female,Georgia,13,"Butts County",13035,342,90,432,0.7916666667
Female,Georgia,13,"Calhoun County",13037,94,31,125,0.752
Female,Georgia,13,"Camden County",13039,529,109,638,0.829153605
Female,Georgia,13,"Candler County",13043,203,43,246,0.825203252
Female,Georgia,13,"Carroll County",13045,1614,378,1992,0.8102409639
Female,Georgia,13,"Catoosa County",13047,1171,231,1402,0.835235378
Female,Georgia,13,"Charlton County",13049,195,48,243,0.8024691358
Female,Georgia,13,"Chatham County",13051,2792,717,3509,0.7956682816
Female,Georgia,13,"Chattahoochee County",13053,.,.,.,0.7631578947
Female,Georgia,13,"Chattooga County",13055,495,112,607,0.8154859967
Female,Georgia,13,"Cherokee County",13057,2664,488,3152,0.845177665
Female,Georgia,13,"Clarke County",13059,1195,257,1452,0.8230027548
Female,Georgia,13,"Clay County",13061,56,13,69,0.8115942029
Female,Georgia,13,"Clayton County",13063,1783,590,2373,0.7513695744
Female,Georgia,13,"Clinch County",13065,139,47,186,0.747311828
Female,Georgia,13,"Cobb County",13067,6466,1373,7839,0.8248501084
Female,Georgia,13,"Coffee County",13069,781,221,1002,0.7794411178
Female,Georgia,13,"Colquitt County",13071,823,229,1052,0.7823193916
Female,Georgia,13,"Columbia County",13073,1222,256,1478,0.8267929635
Female,Georgia,13,"Cook County",13075,325,79,404,0.8044554455
Female,Georgia,13,"Coweta County",13077,1543,298,1841,0.8381314503
Female,Georgia,13,"Crawford County",13079,192,32,224,0.8571428571
Female,Georgia,13,"Crisp County",13081,378,105,483,0.7826086957
Female,Georgia,13,"Dade County",13083,290,60,350,0.8285714286
Female,Georgia,13,"Dawson County",13085,370,88,458,0.807860262
Female,Georgia,13,"Decatur County",13087,535,159,694,0.7708933718
Female,Georgia,13,"DeKalb County",13089,5434,1369,6803,0.7987652506
Female,Georgia,13,"Dodge County",13091,390,100,490,0.7959183673
Female,Georgia,13,"Dooly County",13093,174,38,212,0.820754717
Female,Georgia,13,"Dougherty County",13095,1194,312,1506,0.7928286853
Female,Georgia,13,"Douglas County",13097,1479,376,1855,0.7973045822
Female,Georgia,13,"Early County",13099,220,36,256,0.859375
Female,Georgia,13,"Echols County",13101,.,.,.,0.9102564103
Female,Georgia,13,"Effingham County",13103,645,141,786,0.820610687
Female,Georgia,13,"Elbert County",13105,391,85,476,0.8214285714
Female,Georgia,13,"Emanuel County",13107,419,98,517,0.8104448743
Female,Georgia,13,"Evans County",13109,184,38,222,0.8288288288
Female,Georgia,13,"Fannin County",13111,619,101,720,0.8597222222
Female,Georgia,13,"Fayette County",13113,1366,279,1645,0.8303951368
Female,Georgia,13,"Floyd County",13115,1857,460,2317,0.8014674148
Female,Georgia,13,"Forsyth County",13117,2085,406,2491,0.8370132477
Female,Georgia,13,"Franklin County",13119,468,113,581,0.8055077453
Female,Georgia,13,"Fulton County",13121,7857,2008,9865,0.7964521034
Female,Georgia,13,"Gilmer County",13123,683,126,809,0.8442521632
Female,Georgia,13,"Glascock County",13125,49,20,69,0.7101449275
Female,Georgia,13,"Glynn County",13127,1348,325,1673,0.8057381949
Female,Georgia,13,"Gordon County",13129,1036,253,1289,0.8037238169
Female,Georgia,13,"Grady County",13131,434,142,576,0.7534722222
Female,Georgia,13,"Greene County",13133,408,87,495,0.8242424242
Female,Georgia,13,"Gwinnett County",13135,6102,1250,7352,0.8299782372
Female,Georgia,13,"Habersham County",13137,796,159,955,0.8335078534
Female,Georgia,13,"Hall County",13139,2851,619,3470,0.8216138329
Female,Georgia,13,"Hancock County",13141,153,58,211,0.7251184834
Female,Georgia,13,"Haralson County",13143,554,140,694,0.7982708934
Female,Georgia,13,"Harris County",13145,404,94,498,0.8112449799
Female,Georgia,13,"Hart County",13147,585,140,725,0.8068965517
Female,Georgia,13,"Heard County",13149,162,45,207,0.7826086957
Female,Georgia,13,"Henry County",13151,2148,555,2703,0.794672586
Female,Georgia,13,"Houston County",13153,1422,329,1751,0.8121073672
Female,Georgia,13,"Irwin County",13155,166,46,212,0.7830188679
Female,Georgia,13,"Jackson County",13157,1104,211,1315,0.8395437262
Female,Georgia,13,"Jasper County",13159,214,44,258,0.8294573643
Female,Georgia,13,"Jeff Davis County",13161,305,78,383,0.7963446475
Female,Georgia,13,"Jefferson County",13163,318,101,419,0.7589498807
Female,Georgia,13,"Jenkins County",13165,139,53,192,0.7239583333
Female,Georgia,13,"Johnson County",13167,193,47,240,0.8041666667
Female,Georgia,13,"Jones County",13169,439,113,552,0.7952898551
Female,Georgia,13,"Lamar County",13171,232,61,293,0.7918088737
Female,Georgia,13,"Lanier County",13173,169,33,202,0.8366336634
Female,Georgia,13,"Laurens County",13175,926,277,1203,0.7697423109
Female,Georgia,13,"Lee County",13177,295,65,360,0.8194444444
Female,Georgia,13,"Liberty County",13179,323,106,429,0.7529137529
Female,Georgia,13,"Lincoln County",13181,148,25,173,0.8554913295
Female,Georgia,13,"Long County",13183,92,34,126,0.7301587302
Female,Georgia,13,"Lowndes County",13185,1546,398,1944,0.7952674897
Female,Georgia,13,"Lumpkin County",13187,540,115,655,0.8244274809
Female,Georgia,13,"McDuffie County",13189,337,69,406,0.8300492611
Female,Georgia,13,"McIntosh County",13191,240,55,295,0.813559322
Female,Georgia,13,"Macon County",13193,189,61,250,0.756
Female,Georgia,13,"Madison County",13195,500,107,607,0.823723229
Female,Georgia,13,"Marion County",13197,123,30,153,0.8039215686
Female,Georgia,13,"Meriwether County",13199,421,75,496,0.8487903226
Female,Georgia,13,"Miller County",13201,113,33,146,0.7739726027
Female,Georgia,13,"Mitchell County",13205,368,103,471,0.7813163482
Female,Georgia,13,"Monroe County",13207,407,103,510,0.7980392157
Female,Georgia,13,"Montgomery County",13209,147,33,180,0.8166666667
Female,Georgia,13,"Morgan County",13211,325,81,406,0.8004926108
Female,Georgia,13,"Murray County",13213,770,183,953,0.8079748164
Female,Georgia,13,"Muscogee County",13215,2068,566,2634,0.7851176917
Female,Georgia,13,"Newton County",13217,1364,322,1686,0.8090154211
Female,Georgia,13,"Oconee County",13219,475,72,547,0.8683729433
Female,Georgia,13,"Oglethorpe County",13221,265,44,309,0.857605178
Female,Georgia,13,"Paulding County",13223,1646,354,2000,0.823
Female,Georgia,13,"Peach County",13225,417,103,520,0.8019230769
Female,Georgia,13,"Pickens County",13227,721,154,875,0.824
Female,Georgia,13,"Pierce County",13229,426,105,531,0.802259887
Female,Georgia,13,"Pike County",13231,206,37,243,0.8477366255
Female,Georgia,13,"Polk County",13233,781,236,1017,0.7679449361
Female,Georgia,13,"Pulaski County",13235,175,41,216,0.8101851852
Female,Georgia,13,"Putnam County",13237,409,82,491,0.83299389
Female,Georgia,13,"Quitman County",13239,58,20,78,0.7435897436
Female,Georgia,13,"Rabun County",13241,498,103,601,0.8286189684
Female,Georgia,13,"Randolph County",13243,110,27,137,0.802919708
Female,Georgia,13,"Richmond County",13245,2013,575,2588,0.777820711
Female,Georgia,13,"Rockdale County",13247,1009,256,1265,0.7976284585
Female,Georgia,13,"Schley County",13249,67,14,81,0.8271604938
Female,Georgia,13,"Screven County",13251,293,67,360,0.8138888889
Female,Georgia,13,"Seminole County",13253,211,54,265,0.7962264151
Female,Georgia,13,"Spalding County",13255,1014,293,1307,0.7758224943
Female,Georgia,13,"Stephens County",13257,624,165,789,0.7908745247
Female,Georgia,13,"Stewart County",13259,90,18,108,0.8333333333
Female,Georgia,13,"Sumter County",13261,510,98,608,0.8388157895
Female,Georgia,13,"Talbot County",13263,110,33,143,0.7692307692
Female,Georgia,13,"Taliaferro County",13265,.,.,.,0.775
Female,Georgia,13,"Tattnall County",13267,268,75,343,0.7813411079
Female,Georgia,13,"Taylor County",13269,160,28,188,0.8510638298
Female,Georgia,13,"Telfair County",13271,244,69,313,0.7795527157
Female,Georgia,13,"Terrell County",13273,149,40,189,0.7883597884
Female,Georgia,13,"Thomas County",13275,818,227,1045,0.7827751196
Female,Georgia,13,"Tift County",13277,571,170,741,0.7705802969
Female,Georgia,13,"Toombs County",13279,511,123,634,0.8059936909
Female,Georgia,13,"Towns County",13281,379,66,445,0.8516853933
Female,Georgia,13,"Treutlen County",13283,129,38,167,0.7724550898
Female,Georgia,13,"Troup County",13285,1103,286,1389,0.7940964723
Female,Georgia,13,"Turner County",13287,150,36,186,0.8064516129
Female,Georgia,13,"Twiggs County",13289,162,55,217,0.7465437788
Female,Georgia,13,"Union County",13291,665,128,793,0.8385876419
Female,Georgia,13,"Upson County",13293,456,139,595,0.7663865546
Female,Georgia,13,"Walker County",13295,1274,288,1562,0.8156209987
Female,Georgia,13,"Walton County",13297,1381,301,1682,0.8210463734
Female,Georgia,13,"Ware County",13299,804,280,1084,0.741697417
Female,Georgia,13,"Warren County",13301,111,38,149,0.744966443
Female,Georgia,13,"Washington County",13303,402,97,499,0.8056112224
Female,Georgia,13,"Wayne County",13305,494,140,634,0.7791798107
Female,Georgia,13,"Webster County",13307,.,.,.,0.8367346939
Female,Georgia,13,"Wheeler County",13309,98,33,131,0.7480916031
Female,Georgia,13,"White County",13311,638,135,773,0.8253557568
Female,Georgia,13,"Whitfield County",13313,1461,377,1838,0.7948857454
Female,Georgia,13,"Wilcox County",13315,133,33,166,0.8012048193
Female,Georgia,13,"Wilkes County",13317,227,53,280,0.8107142857
Female,Georgia,13,"Wilkinson County",13319,190,44,234,0.811965812
Female,Georgia,13,"Worth County",13321,340,76,416,0.8173076923
Female,Georgia,13,,13999,71,20,91,0.7802197802
Female,Hawaii,15,"Hawaii County",15001,2305,375,2680,0.8600746269
Female,Hawaii,15,"Honolulu County",15003,5621,979,6600,0.8516666667
Female,Hawaii,15,"Kauai County",15007,631,115,746,0.845844504
Female,Hawaii,15,"Maui County",15009,1009,202,1211,0.833195706
Female,Hawaii,15,,15999,.,.,.,0.75
Female,Idaho,16,"Ada County",16001,3304,543,3847,0.8588510528
Female,Idaho,16,"Adams County",16003,64,13,77,0.8311688312
Female,Idaho,16,"Bannock County",16005,751,176,927,0.8101402373
Female,Idaho,16,"Bear Lake County",16007,101,23,124,0.814516129
Female,Idaho,16,"Benewah County",16009,132,30,162,0.8148148148
Female,Idaho,16,"Bingham County",16011,418,116,534,0.7827715356
Female,Idaho,16,"Blaine County",16013,148,54,202,0.7326732673
Female,Idaho,16,"Boise County",16015,73,16,89,0.8202247191
Female,Idaho,16,"Bonner County",16017,585,123,708,0.8262711864
Female,Idaho,16,"Bonneville County",16019,1158,215,1373,0.8434085943
Female,Idaho,16,"Boundary County",16021,163,31,194,0.8402061856
Female,Idaho,16,"Butte County",16023,.,.,.,0.8269230769
Female,Idaho,16,"Camas County",16025,.,.,.,0.6666666667
Female,Idaho,16,"Canyon County",16027,1703,338,2041,0.8343949045
Female,Idaho,16,"Caribou County",16029,124,22,146,0.8493150685
Female,Idaho,16,"Cassia County",16031,249,63,312,0.7980769231
Female,Idaho,16,"Clark County",16033,.,.,.,0.75
Female,Idaho,16,"Clearwater County",16035,199,33,232,0.8577586207
Female,Idaho,16,"Custer County",16037,72,12,84,0.8571428571
Female,Idaho,16,"Elmore County",16039,244,48,292,0.8356164384
Female,Idaho,16,"Franklin County",16041,153,35,188,0.8138297872
Female,Idaho,16,"Fremont County",16043,151,34,185,0.8162162162
Female,Idaho,16,"Gem County",16045,197,36,233,0.8454935622
Female,Idaho,16,"Gooding County",16047,192,32,224,0.8571428571
Female,Idaho,16,"Idaho County",16049,315,63,378,0.8333333333
Female,Idaho,16,"Jefferson County",16051,239,52,291,0.8213058419
Female,Idaho,16,"Jerome County",16053,209,36,245,0.8530612245
Female,Idaho,16,"Kootenai County",16055,2091,404,2495,0.8380761523
Female,Idaho,16,"Latah County",16057,355,65,420,0.8452380952
Female,Idaho,16,"Lemhi County",16059,156,28,184,0.847826087
Female,Idaho,16,"Lewis County",16061,84,19,103,0.8155339806
Female,Idaho,16,"Lincoln County",16063,.,.,.,0.8727272727
Female,Idaho,16,"Madison County",16065,230,36,266,0.8646616541
Female,Idaho,16,"Minidoka County",16067,245,51,296,0.8277027027
Female,Idaho,16,"Nez Perce County",16069,676,145,821,0.8233861145
Female,Idaho,16,"Oneida County",16071,.,.,.,0.8630136986
Female,Idaho,16,"Owyhee County",16073,98,18,116,0.8448275862
Female,Idaho,16,"Payette County",16075,362,74,436,0.8302752294
Female,Idaho,16,"Power County",16077,82,24,106,0.7735849057
Female,Idaho,16,"Shoshone County",16079,340,61,401,0.8478802993
Female,Idaho,16,"Teton County",16081,.,.,.,0.890625
Female,Idaho,16,"Twin Falls County",16083,1050,167,1217,0.8627773213
Female,Idaho,16,"Valley County",16085,109,23,132,0.8257575758
Female,Idaho,16,"Washington County",16087,192,38,230,0.8347826087
Female,Idaho,16,,16999,.,.,.,0.625
Female,Illinois,17,"Adams County",17001,1813,271,2084,0.8699616123
Female,Illinois,17,"Alexander County",17003,160,39,199,0.8040201005
Female,Illinois,17,"Bond County",17005,452,62,514,0.8793774319
Female,Illinois,17,"Boone County",17007,902,146,1048,0.8606870229
Female,Illinois,17,"Brown County",17009,140,22,162,0.8641975309
Female,Illinois,17,"Bureau County",17011,938,124,1062,0.8832391714
Female,Illinois,17,"Calhoun County",17013,147,31,178,0.8258426966
Female,Illinois,17,"Carroll County",17015,450,64,514,0.8754863813
Female,Illinois,17,"Cass County",17017,341,59,400,0.8525
Female,Illinois,17,"Champaign County",17019,2415,418,2833,0.8524532298
Female,Illinois,17,"Christian County",17021,950,153,1103,0.861287398
Female,Illinois,17,"Clark County",17023,474,102,576,0.8229166667
Female,Illinois,17,"Clay County",17025,472,51,523,0.9024856597
Female,Illinois,17,"Clinton County",17027,801,138,939,0.8530351438
Female,Illinois,17,"Coles County",17029,1307,191,1498,0.8724966622
Female,Illinois,17,"Cook County",17031,72743,14634,87377,0.8325188551
Female,Illinois,17,"Crawford County",17033,605,92,697,0.8680057389
Female,Illinois,17,"Cumberland County",17035,345,57,402,0.8582089552
Female,Illinois,17,"DeKalb County",17037,1785,262,2047,0.8720078163
Female,Illinois,17,"De Witt County",17039,416,45,461,0.9023861171
Female,Illinois,17,"Douglas County",17041,438,64,502,0.8725099602
Female,Illinois,17,"DuPage County",17043,14551,2213,16764,0.867990933
Female,Illinois,17,"Edgar County",17045,616,112,728,0.8461538462
Female,Illinois,17,"Edwards County",17047,183,33,216,0.8472222222
Female,Illinois,17,"Effingham County",17049,1042,162,1204,0.865448505
Female,Illinois,17,"Fayette County",17051,596,110,706,0.8441926346
Female,Illinois,17,"Ford County",17053,317,55,372,0.8521505376
Female,Illinois,17,"Franklin County",17055,1139,202,1341,0.8493661447
Female,Illinois,17,"Fulton County",17057,670,105,775,0.864516129
Female,Illinois,17,"Gallatin County",17059,165,41,206,0.8009708738
Female,Illinois,17,"Greene County",17061,388,69,457,0.8490153173
Female,Illinois,17,"Grundy County",17063,850,120,970,0.8762886598
Female,Illinois,17,"Hamilton County",17065,239,29,268,0.8917910448
Female,Illinois,17,"Hancock County",17067,546,68,614,0.8892508143
Female,Illinois,17,"Hardin County",17069,123,21,144,0.8541666667
Female,Illinois,17,"Henderson County",17071,207,31,238,0.8697478992
Female,Illinois,17,"Henry County",17073,1275,139,1414,0.9016973126
Female,Illinois,17,"Iroquois County",17075,858,124,982,0.8737270876
Female,Illinois,17,"Jackson County",17077,1082,210,1292,0.8374613003
Female,Illinois,17,"Jasper County",17079,329,42,371,0.8867924528
Female,Illinois,17,"Jefferson County",17081,1035,165,1200,0.8625
Female,Illinois,17,"Jersey County",17083,645,134,779,0.8279845956
Female,Illinois,17,"Jo Daviess County",17085,415,59,474,0.8755274262
Female,Illinois,17,"Johnson County",17087,321,49,370,0.8675675676
Female,Illinois,17,"Kane County",17089,7954,1163,9117,0.8724361084
Female,Illinois,17,"Kankakee County",17091,2397,450,2847,0.841938883
Female,Illinois,17,"Kendall County",17093,1596,217,1813,0.8803088803
Female,Illinois,17,"Knox County",17095,1240,182,1422,0.8720112518
Female,Illinois,17,"Lake County",17097,10367,1689,12056,0.8599037823
Female,Illinois,17,"La Salle County",17099,2642,358,3000,0.8806666667
Female,Illinois,17,"Lawrence County",17101,439,73,512,0.857421875
Female,Illinois,17,"Lee County",17103,944,139,1083,0.8716528163
Female,Illinois,17,"Livingston County",17105,912,116,1028,0.8871595331
Female,Illinois,17,"Logan County",17107,732,94,826,0.8861985472
Female,Illinois,17,"McDonough County",17109,691,87,778,0.8881748072
Female,Illinois,17,"McHenry County",17111,6019,890,6909,0.8711825156
Female,Illinois,17,"McLean County",17113,2681,356,3037,0.8827790583
Female,Illinois,17,"Macon County",17115,3178,524,3702,0.8584548892
Female,Illinois,17,"Macoupin County",17117,1333,227,1560,0.8544871795
Female,Illinois,17,"Madison County",17119,5076,862,5938,0.8548332772
Female,Illinois,17,"Marion County",17121,1211,251,1462,0.8283173735
Female,Illinois,17,"Marshall County",17123,308,36,344,0.8953488372
Female,Illinois,17,"Mason County",17125,332,56,388,0.8556701031
Female,Illinois,17,"Massac County",17127,436,74,510,0.8549019608
Female,Illinois,17,"Menard County",17129,332,50,382,0.8691099476
Female,Illinois,17,"Mercer County",17131,384,54,438,0.8767123288
Female,Illinois,17,"Monroe County",17133,625,95,720,0.8680555556
Female,Illinois,17,"Montgomery County",17135,884,132,1016,0.8700787402
Female,Illinois,17,"Morgan County",17137,951,133,1084,0.8773062731
Female,Illinois,17,"Moultrie County",17139,424,67,491,0.8635437882
Female,Illinois,17,"Ogle County",17141,1114,155,1269,0.87785658
Female,Illinois,17,"Peoria County",17143,2875,447,3322,0.8654425045
Female,Illinois,17,"Perry County",17145,513,104,617,0.8314424635
Female,Illinois,17,"Piatt County",17147,348,44,392,0.887755102
Female,Illinois,17,"Pike County",17149,495,83,578,0.8564013841
Female,Illinois,17,"Pope County",17151,109,19,128,0.8515625
Female,Illinois,17,"Pulaski County",17153,151,48,199,0.7587939698
Female,Illinois,17,"Putnam County",17155,136,22,158,0.8607594937
Female,Illinois,17,"Randolph County",17157,910,138,1048,0.8683206107
Female,Illinois,17,"Richland County",17159,487,85,572,0.8513986014
Female,Illinois,17,"Rock Island County",17161,3037,396,3433,0.884648995
Female,Illinois,17,"St. Clair County",17163,4091,844,4935,0.8289766971
Female,Illinois,17,"Saline County",17165,721,141,862,0.8364269142
Female,Illinois,17,"Sangamon County",17167,4753,792,5545,0.8571686204
Female,Illinois,17,"Schuyler County",17169,220,41,261,0.8429118774
Female,Illinois,17,"Scott County",17171,140,17,157,0.8917197452
Female,Illinois,17,"Shelby County",17173,703,116,819,0.8583638584
Female,Illinois,17,"Stark County",17175,124,20,144,0.8611111111
Female,Illinois,17,"Stephenson County",17177,1183,163,1346,0.8789004458
Female,Illinois,17,"Tazewell County",17179,2474,316,2790,0.8867383513
Female,Illinois,17,"Union County",17181,520,95,615,0.8455284553
Female,Illinois,17,"Vermilion County",17183,1760,292,2052,0.8576998051
Female,Illinois,17,"Wabash County",17185,369,55,424,0.8702830189
Female,Illinois,17,"Warren County",17187,440,48,488,0.9016393443
Female,Illinois,17,"Washington County",17189,405,76,481,0.841995842
Female,Illinois,17,"Wayne County",17191,440,86,526,0.8365019011
Female,Illinois,17,"White County",17193,444,81,525,0.8457142857
Female,Illinois,17,"Whiteside County",17195,1840,240,2080,0.8846153846
Female,Illinois,17,"Will County",17197,10031,1650,11681,0.8587449705
Female,Illinois,17,"Williamson County",17199,1806,369,2175,0.8303448276
Female,Illinois,17,"Winnebago County",17201,5603,856,6459,0.8674717449
Female,Illinois,17,"Woodford County",17203,775,87,862,0.8990719258
Female,Illinois,17,,17999,95,17,112,0.8482142857
Female,Indiana,18,"Adams County",18001,566,73,639,0.8857589984
Female,Indiana,18,"Allen County",18003,4477,811,5288,0.846633888
Female,Indiana,18,"Bartholomew County",18005,1578,259,1837,0.8590092542
Female,Indiana,18,"Benton County",18007,204,39,243,0.8395061728
Female,Indiana,18,"Blackford County",18009,373,46,419,0.8902147971
Female,Indiana,18,"Boone County",18011,1129,186,1315,0.8585551331
Female,Indiana,18,"Brown County",18013,297,51,348,0.8534482759
Female,Indiana,18,"Carroll County",18015,428,69,497,0.861167002
Female,Indiana,18,"Cass County",18017,902,141,1043,0.8648130393
Female,Indiana,18,"Clark County",18019,2083,442,2525,0.824950495
Female,Indiana,18,"Clay County",18021,722,136,858,0.8414918415
Female,Indiana,18,"Clinton County",18023,705,100,805,0.8757763975
Female,Indiana,18,"Crawford County",18025,247,41,288,0.8576388889
Female,Indiana,18,"Daviess County",18027,523,101,624,0.8381410256
Female,Indiana,18,"Dearborn County",18029,874,153,1027,0.8510223953
Female,Indiana,18,"Decatur County",18031,586,94,680,0.8617647059
Female,Indiana,18,"De Kalb County",18033,583,119,702,0.8304843305
Female,Indiana,18,"Delaware County",18035,2550,446,2996,0.8511348465
Female,Indiana,18,"Dubois County",18037,1033,110,1143,0.9037620297
Female,Indiana,18,"Elkhart County",18039,2872,482,3354,0.8562909958
Female,Indiana,18,"Fayette County",18041,797,133,930,0.8569892473
Female,Indiana,18,"Floyd County",18043,1537,334,1871,0.8214858365
Female,Indiana,18,"Fountain County",18045,464,83,547,0.8482632541
Female,Indiana,18,"Franklin County",18047,440,66,506,0.8695652174
Female,Indiana,18,"Fulton County",18049,435,61,496,0.877016129
Female,Indiana,18,"Gibson County",18051,660,120,780,0.8461538462
Female,Indiana,18,"Grant County",18053,1881,295,2176,0.8644301471
Female,Indiana,18,"Greene County",18055,696,115,811,0.8581997534
Female,Indiana,18,"Hamilton County",18057,3889,503,4392,0.8854735883
Female,Indiana,18,"Hancock County",18059,1463,190,1653,0.8850574713
Female,Indiana,18,"Harrison County",18061,809,149,958,0.8444676409
Female,Indiana,18,"Hendricks County",18063,2508,396,2904,0.8636363636
Female,Indiana,18,"Henry County",18065,1310,225,1535,0.8534201954
Female,Indiana,18,"Howard County",18067,2111,375,2486,0.8491552695
Female,Indiana,18,"Huntington County",18069,618,99,717,0.8619246862
Female,Indiana,18,"Jackson County",18071,992,147,1139,0.8709394205
Female,Indiana,18,"Jasper County",18073,762,131,893,0.8533034714
Female,Indiana,18,"Jay County",18075,487,86,573,0.84991274
Female,Indiana,18,"Jefferson County",18077,743,136,879,0.8452787258
Female,Indiana,18,"Jennings County",18079,619,117,736,0.8410326087
Female,Indiana,18,"Johnson County",18081,2831,375,3206,0.8830318153
Female,Indiana,18,"Knox County",18083,901,158,1059,0.850802644
Female,Indiana,18,"Kosciusko County",18085,1179,198,1377,0.8562091503
Female,Indiana,18,"Lagrange County",18087,414,68,482,0.8589211618
Female,Indiana,18,"Lake County",18089,10115,2020,12135,0.833539349
Female,Indiana,18,"La Porte County",18091,2456,483,2939,0.8356583872
Female,Indiana,18,"Lawrence County",18093,1095,179,1274,0.8594976452
Female,Indiana,18,"Madison County",18095,3162,486,3648,0.8667763158
Female,Indiana,18,"Marion County",18097,12848,2532,15380,0.8353706112
Female,Indiana,18,"Marshall County",18099,870,131,1001,0.8691308691
Female,Indiana,18,"Martin County",18101,219,23,242,0.9049586777
Female,Indiana,18,"Miami County",18103,779,117,896,0.8694196429
Female,Indiana,18,"Monroe County",18105,1861,303,2164,0.8599815157
Female,Indiana,18,"Montgomery County",18107,848,133,981,0.8644240571
Female,Indiana,18,"Morgan County",18109,1493,239,1732,0.8620092379
Female,Indiana,18,"Newton County",18111,348,50,398,0.8743718593
Female,Indiana,18,"Noble County",18113,719,92,811,0.8865598027
Female,Indiana,18,"Ohio County",18115,119,27,146,0.8150684932
Female,Indiana,18,"Orange County",18117,449,65,514,0.873540856
Female,Indiana,18,"Owen County",18119,447,85,532,0.8402255639
Female,Indiana,18,"Parke County",18121,445,71,516,0.8624031008
Female,Indiana,18,"Perry County",18123,452,83,535,0.8448598131
Female,Indiana,18,"Pike County",18125,288,33,321,0.8971962617
Female,Indiana,18,"Porter County",18127,3443,610,4053,0.8494942018
Female,Indiana,18,"Posey County",18129,595,86,681,0.8737151248
Female,Indiana,18,"Pulaski County",18131,334,48,382,0.8743455497
Female,Indiana,18,"Putnam County",18133,772,144,916,0.8427947598
Female,Indiana,18,"Randolph County",18135,687,111,798,0.8609022556
Female,Indiana,18,"Ripley County",18137,629,111,740,0.85
Female,Indiana,18,"Rush County",18139,478,69,547,0.873857404
Female,Indiana,18,"St. Joseph County",18141,3921,622,4543,0.8630860665
Female,Indiana,18,"Scott County",18143,621,140,761,0.8160315375
Female,Indiana,18,"Shelby County",18145,955,180,1135,0.8414096916
Female,Indiana,18,"Spencer County",18147,429,73,502,0.8545816733
Female,Indiana,18,"Starke County",18149,622,74,696,0.8936781609
Female,Indiana,18,"Steuben County",18151,630,103,733,0.8594815825
Female,Indiana,18,"Sullivan County",18153,569,97,666,0.8543543544
Female,Indiana,18,"Switzerland County",18155,203,26,229,0.8864628821
Female,Indiana,18,"Tippecanoe County",18157,2456,398,2854,0.8605466013
Female,Indiana,18,"Tipton County",18159,428,59,487,0.8788501027
Female,Indiana,18,"Union County",18161,199,22,221,0.9004524887
Female,Indiana,18,"Vanderburgh County",18163,3437,617,4054,0.8478046374
Female,Indiana,18,"Vermillion County",18165,515,95,610,0.8442622951
Female,Indiana,18,"Vigo County",18167,2879,614,3493,0.8242198683
Female,Indiana,18,"Wabash County",18169,698,100,798,0.8746867168
Female,Indiana,18,"Warren County",18171,219,42,261,0.8390804598
Female,Indiana,18,"Warrick County",18173,1156,192,1348,0.8575667656
Female,Indiana,18,"Washington County",18175,590,107,697,0.8464849354
Female,Indiana,18,"Wayne County",18177,1927,402,2329,0.8273937312
Female,Indiana,18,"Wells County",18179,516,62,578,0.892733564
Female,Indiana,18,"White County",18181,662,103,765,0.8653594771
Female,Indiana,18,"Whitley County",18183,475,66,541,0.8780036969
Female,Indiana,18,,18999,64,17,81,0.7901234568
Female,Iowa,19,"Adair County",19001,188,29,217,0.866359447
Female,Iowa,19,"Adams County",19003,.,.,.,0.9380530973
Female,Iowa,19,"Allamakee County",19005,395,45,440,0.8977272727
Female,Iowa,19,"Appanoose County",19007,353,56,409,0.8630806846
Female,Iowa,19,"Audubon County",19009,227,25,252,0.9007936508
Female,Iowa,19,"Benton County",19011,627,70,697,0.8995695839
Female,Iowa,19,"Black Hawk County",19013,2968,364,3332,0.8907563025
Female,Iowa,19,"Boone County",19015,620,72,692,0.8959537572
Female,Iowa,19,"Bremer County",19017,715,84,799,0.8948685857
Female,Iowa,19,"Buchanan County",19019,570,59,629,0.906200318
Female,Iowa,19,"Buena Vista County",19021,385,51,436,0.8830275229
Female,Iowa,19,"Butler County",19023,494,60,554,0.8916967509
Female,Iowa,19,"Calhoun County",19025,312,38,350,0.8914285714
Female,Iowa,19,"Carroll County",19027,641,71,712,0.9002808989
Female,Iowa,19,"Cass County",19029,486,49,535,0.908411215
Female,Iowa,19,"Cedar County",19031,366,52,418,0.8755980861
Female,Iowa,19,"Cerro Gordo County",19033,1359,195,1554,0.8745173745
Female,Iowa,19,"Cherokee County",19035,322,33,355,0.9070422535
Female,Iowa,19,"Chickasaw County",19037,333,35,368,0.9048913043
Female,Iowa,19,"Clarke County",19039,252,34,286,0.8811188811
Female,Iowa,19,"Clay County",19041,530,45,575,0.9217391304
Female,Iowa,19,"Clayton County",19043,464,53,517,0.8974854932
Female,Iowa,19,"Clinton County",19045,1306,171,1477,0.88422478
Female,Iowa,19,"Crawford County",19047,398,44,442,0.9004524887
Female,Iowa,19,"Dallas County",19049,1153,143,1296,0.8896604938
Female,Iowa,19,"Davis County",19051,227,29,256,0.88671875
Female,Iowa,19,"Decatur County",19053,200,26,226,0.8849557522
Female,Iowa,19,"Delaware County",19055,405,57,462,0.8766233766
Female,Iowa,19,"Des Moines County",19057,1118,158,1276,0.8761755486
Female,Iowa,19,"Dickinson County",19059,629,58,687,0.9155749636
Female,Iowa,19,"Dubuque County",19061,1511,171,1682,0.8983353151
Female,Iowa,19,"Emmet County",19063,324,40,364,0.8901098901
Female,Iowa,19,"Fayette County",19065,609,52,661,0.9213313162
Female,Iowa,19,"Floyd County",19067,479,52,531,0.9020715631
Female,Iowa,19,"Franklin County",19069,288,49,337,0.8545994065
Female,Iowa,19,"Fremont County",19071,222,36,258,0.8604651163
Female,Iowa,19,"Greene County",19073,279,27,306,0.9117647059
Female,Iowa,19,"Grundy County",19075,359,33,392,0.9158163265
Female,Iowa,19,"Guthrie County",19077,275,25,300,0.9166666667
Female,Iowa,19,"Hamilton County",19079,444,61,505,0.8792079208
Female,Iowa,19,"Hancock County",19081,321,35,356,0.9016853933
Female,Iowa,19,"Hardin County",19083,522,57,579,0.9015544041
Female,Iowa,19,"Harrison County",19085,356,53,409,0.8704156479
Female,Iowa,19,"Henry County",19087,547,73,620,0.8822580645
Female,Iowa,19,"Howard County",19089,303,39,342,0.8859649123
Female,Iowa,19,"Humboldt County",19091,257,33,290,0.8862068966
Female,Iowa,19,"Ida County",19093,183,24,207,0.884057971
Female,Iowa,19,"Iowa County",19095,415,37,452,0.9181415929
Female,Iowa,19,"Jackson County",19097,455,47,502,0.906374502
Female,Iowa,19,"Jasper County",19099,828,120,948,0.8734177215
Female,Iowa,19,"Jefferson County",19101,381,42,423,0.9007092199
Female,Iowa,19,"Johnson County",19103,1573,201,1774,0.8866967306
Female,Iowa,19,"Jones County",19105,535,60,595,0.8991596639
Female,Iowa,19,"Keokuk County",19107,248,39,287,0.8641114983
Female,Iowa,19,"Kossuth County",19109,483,41,524,0.9217557252
Female,Iowa,19,"Lee County",19111,1031,140,1171,0.8804440649
Female,Iowa,19,"Linn County",19113,4348,494,4842,0.897976043
Female,Iowa,19,"Louisa County",19115,268,41,309,0.8673139159
Female,Iowa,19,"Lucas County",19117,227,27,254,0.8937007874
Female,Iowa,19,"Lyon County",19119,273,24,297,0.9191919192
Female,Iowa,19,"Madison County",19121,269,34,303,0.8877887789
Female,Iowa,19,"Mahaska County",19123,464,60,524,0.8854961832
Female,Iowa,19,"Marion County",19125,719,101,820,0.8768292683
Female,Iowa,19,"Marshall County",19127,894,111,1005,0.8895522388
Female,Iowa,19,"Mills County",19129,304,38,342,0.8888888889
Female,Iowa,19,"Mitchell County",19131,312,47,359,0.8690807799
Female,Iowa,19,"Monona County",19133,304,34,338,0.899408284
Female,Iowa,19,"Monroe County",19135,214,29,243,0.8806584362
Female,Iowa,19,"Montgomery County",19137,338,62,400,0.845
Female,Iowa,19,"Muscatine County",19139,915,115,1030,0.8883495146
Female,Iowa,19,O,19141,430,50,480,0.8958333333
Female,Iowa,19,"Osceola County",19143,183,30,213,0.8591549296
Female,Iowa,19,"Page County",19145,507,78,585,0.8666666667
Female,Iowa,19,"Palo Alto County",19147,325,28,353,0.9206798867
Female,Iowa,19,"Plymouth County",19149,583,62,645,0.903875969
Female,Iowa,19,"Pocahontas County",19151,255,28,283,0.9010600707
Female,Iowa,19,"Polk County",19153,6795,988,7783,0.873056662
Female,Iowa,19,"Pottawattamie County",19155,1917,284,2201,0.8709677419
Female,Iowa,19,"Poweshiek County",19157,500,55,555,0.9009009009
Female,Iowa,19,"Ringgold County",19159,167,12,179,0.9329608939
Female,Iowa,19,"Sac County",19161,320,37,357,0.8963585434
Female,Iowa,19,"Scott County",19163,2803,434,3237,0.8659252394
Female,Iowa,19,"Shelby County",19165,386,51,437,0.8832951945
Female,Iowa,19,"Sioux County",19167,795,67,862,0.9222737819
Female,Iowa,19,"Story County",19169,1272,157,1429,0.8901329601
Female,Iowa,19,"Tama County",19171,457,60,517,0.8839458414
Female,Iowa,19,"Taylor County",19173,187,26,213,0.8779342723
Female,Iowa,19,"Union County",19175,350,66,416,0.8413461538
Female,Iowa,19,"Van Buren County",19177,174,43,217,0.801843318
Female,Iowa,19,"Wapello County",19179,933,156,1089,0.8567493113
Female,Iowa,19,"Warren County",19181,878,126,1004,0.874501992
Female,Iowa,19,"Washington County",19183,562,69,631,0.8906497623
Female,Iowa,19,"Wayne County",19185,177,25,202,0.8762376238
Female,Iowa,19,"Webster County",19187,955,125,1080,0.8842592593
Female,Iowa,19,"Winnebago County",19189,329,18,347,0.9481268012
Female,Iowa,19,"Winneshiek County",19191,507,48,555,0.9135135135
Female,Iowa,19,"Woodbury County",19193,1696,286,1982,0.8557013118
Female,Iowa,19,"Worth County",19195,193,35,228,0.8464912281
Female,Iowa,19,"Wright County",19197,371,41,412,0.9004854369
Female,Iowa,19,,19999,.,.,.,0.9565217391
Female,Kansas,20,"Allen County",20001,319,74,393,0.8117048346
Female,Kansas,20,"Anderson County",20003,185,44,229,0.807860262
Female,Kansas,20,"Atchison County",20005,361,55,416,0.8677884615
Female,Kansas,20,"Barber County",20007,121,21,142,0.8521126761
Female,Kansas,20,"Barton County",20009,661,97,758,0.8720316623
Female,Kansas,20,"Bourbon County",20011,338,72,410,0.8243902439
Female,Kansas,20,"Brown County",20013,269,46,315,0.853968254
Female,Kansas,20,"Butler County",20015,1043,147,1190,0.8764705882
Female,Kansas,20,"Chase County",20017,.,.,.,0.9012345679
Female,Kansas,20,"Chautauqua County",20019,95,14,109,0.871559633
Female,Kansas,20,"Cherokee County",20021,437,93,530,0.8245283019
Female,Kansas,20,"Cheyenne County",20023,81,22,103,0.786407767
Female,Kansas,20,"Clark County",20025,.,.,.,0.880952381
Female,Kansas,20,"Clay County",20027,213,26,239,0.8912133891
Female,Kansas,20,"Cloud County",20029,280,39,319,0.8777429467
Female,Kansas,20,"Coffey County",20031,206,43,249,0.8273092369
Female,Kansas,20,"Comanche County",20033,.,.,.,0.9
Female,Kansas,20,"Cowley County",20035,691,164,855,0.8081871345
Female,Kansas,20,"Crawford County",20037,817,169,986,0.8286004057
Female,Kansas,20,"Decatur County",20039,81,15,96,0.84375
Female,Kansas,20,"Dickinson County",20041,453,74,527,0.8595825427
Female,Kansas,20,"Doniphan County",20043,156,25,181,0.861878453
Female,Kansas,20,"Douglas County",20045,1349,185,1534,0.8794002608
Female,Kansas,20,"Edwards County",20047,80,24,104,0.7692307692
Female,Kansas,20,"Elk County",20049,77,15,92,0.8369565217
Female,Kansas,20,"Ellis County",20051,622,80,702,0.886039886
Female,Kansas,20,"Ellsworth County",20053,161,37,198,0.8131313131
Female,Kansas,20,"Finney County",20055,406,86,492,0.825203252
Female,Kansas,20,"Ford County",20057,476,76,552,0.8623188406
Female,Kansas,20,"Franklin County",20059,467,85,552,0.8460144928
Female,Kansas,20,"Geary County",20061,242,46,288,0.8402777778
Female,Kansas,20,"Gove County",20063,75,19,94,0.7978723404
Female,Kansas,20,"Graham County",20065,75,15,90,0.8333333333
Female,Kansas,20,"Grant County",20067,118,26,144,0.8194444444
Female,Kansas,20,"Gray County",20069,138,17,155,0.8903225806
Female,Kansas,20,"Greeley County",20071,.,.,.,0.9649122807
Female,Kansas,20,"Greenwood County",20073,197,45,242,0.8140495868
Female,Kansas,20,"Hamilton County",20075,.,.,.,0.8604651163
Female,Kansas,20,"Harper County",20077,161,20,181,0.8895027624
Female,Kansas,20,"Harvey County",20079,792,145,937,0.8452508004
Female,Kansas,20,"Haskell County",20081,66,12,78,0.8461538462
Female,Kansas,20,"Hodgeman County",20083,.,.,.,0.8412698413
Female,Kansas,20,"Jackson County",20085,262,45,307,0.8534201954
Female,Kansas,20,"Jefferson County",20087,343,48,391,0.8772378517
Female,Kansas,20,"Jewell County",20089,111,17,128,0.8671875
Female,Kansas,20,"Johnson County",20091,6305,991,7296,0.8641721491
Female,Kansas,20,"Kearny County",20093,.,.,.,0.8831168831
Female,Kansas,20,"Kingman County",20095,186,38,224,0.8303571429
Female,Kansas,20,"Kiowa County",20097,.,.,.,0.8769230769
Female,Kansas,20,"Labette County",20099,428,92,520,0.8230769231
Female,Kansas,20,"Lane County",20101,56,12,68,0.8235294118
Female,Kansas,20,"Leavenworth County",20103,882,158,1040,0.8480769231
Female,Kansas,20,"Lincoln County",20105,119,19,138,0.8623188406
Female,Kansas,20,"Linn County",20107,177,35,212,0.8349056604
Female,Kansas,20,"Logan County",20109,.,.,.,0.91
Female,Kansas,20,"Lyon County",20111,662,84,746,0.8873994638
Female,Kansas,20,"McPherson County",20113,675,104,779,0.8664955071
Female,Kansas,20,"Marion County",20115,379,51,430,0.8813953488
Female,Kansas,20,"Marshall County",20117,272,46,318,0.8553459119
Female,Kansas,20,"Meade County",20119,84,13,97,0.8659793814
Female,Kansas,20,"Miami County",20121,573,78,651,0.8801843318
Female,Kansas,20,"Mitchell County",20123,229,23,252,0.9087301587
Female,Kansas,20,"Montgomery County",20125,761,152,913,0.8335158817
Female,Kansas,20,"Morris County",20127,136,25,161,0.8447204969
Female,Kansas,20,"Morton County",20129,74,18,92,0.8043478261
Female,Kansas,20,"Nemaha County",20131,261,30,291,0.8969072165
Female,Kansas,20,"Neosho County",20133,392,76,468,0.8376068376
Female,Kansas,20,"Ness County",20135,98,13,111,0.8828828829
Female,Kansas,20,"Norton County",20137,134,23,157,0.8535031847
Female,Kansas,20,"Osage County",20139,383,63,446,0.8587443946
Female,Kansas,20,"Osborne County",20141,151,19,170,0.8882352941
Female,Kansas,20,"Ottawa County",20143,154,19,173,0.8901734104
Female,Kansas,20,"Pawnee County",20145,150,39,189,0.7936507937
Female,Kansas,20,"Phillips County",20147,185,22,207,0.8937198068
Female,Kansas,20,"Pottawatomie County",20149,331,63,394,0.8401015228
Female,Kansas,20,"Pratt County",20151,232,39,271,0.8560885609
Female,Kansas,20,"Rawlins County",20153,73,16,89,0.8202247191
Female,Kansas,20,"Reno County",20155,1502,250,1752,0.8573059361
Female,Kansas,20,"Republic County",20157,176,15,191,0.9214659686
Female,Kansas,20,"Rice County",20159,242,36,278,0.8705035971
Female,Kansas,20,"Riley County",20161,659,77,736,0.8953804348
Female,Kansas,20,"Rooks County",20163,139,24,163,0.8527607362
Female,Kansas,20,"Rush County",20165,120,15,135,0.8888888889
Female,Kansas,20,"Russell County",20167,218,32,250,0.872
Female,Kansas,20,"Saline County",20169,1320,223,1543,0.8554763448
Female,Kansas,20,"Scott County",20171,.,.,.,0.9344262295
Female,Kansas,20,"Sedgwick County",20173,7012,1424,8436,0.8311996207
Female,Kansas,20,"Seward County",20175,202,47,249,0.8112449799
Female,Kansas,20,"Shawnee County",20177,3531,560,4091,0.863114153
Female,Kansas,20,"Sheridan County",20179,101,12,113,0.8938053097
Female,Kansas,20,"Sherman County",20181,139,26,165,0.8424242424
Female,Kansas,20,"Smith County",20183,125,26,151,0.8278145695
Female,Kansas,20,"Stafford County",20185,94,20,114,0.8245614035
Female,Kansas,20,"Stanton County",20187,.,.,.,0.7916666667
Female,Kansas,20,"Stevens County",20189,93,13,106,0.8773584906
Female,Kansas,20,"Sumner County",20191,458,99,557,0.8222621185
Female,Kansas,20,"Thomas County",20193,176,36,212,0.8301886792
Female,Kansas,20,"Trego County",20195,119,19,138,0.8623188406
Female,Kansas,20,"Wabaunsee County",20197,153,25,178,0.8595505618
Female,Kansas,20,"Wallace County",20199,.,.,.,0.8333333333
Female,Kansas,20,"Washington County",20201,182,20,202,0.900990099
Female,Kansas,20,"Wichita County",20203,.,.,.,0.8636363636
Female,Kansas,20,"Wilson County",20205,259,60,319,0.8119122257
Female,Kansas,20,"Woodson County",20207,86,18,104,0.8269230769
Female,Kansas,20,"Wyandotte County",20209,1705,363,2068,0.8244680851
Female,Kansas,20,,20999,.,.,.,0.8333333333
Female,Kentucky,21,"Adair County",21001,475,82,557,0.8527827648
Female,Kentucky,21,"Allen County",21003,461,127,588,0.7840136054
Female,Kentucky,21,"Anderson County",21005,379,75,454,0.8348017621
Female,Kentucky,21,"Ballard County",21007,251,44,295,0.8508474576
Female,Kentucky,21,"Barren County",21009,1240,269,1509,0.8217362492
Female,Kentucky,21,"Bath County",21011,299,68,367,0.8147138965
Female,Kentucky,21,"Bell County",21013,797,183,980,0.8132653061
Female,Kentucky,21,"Boone County",21015,1413,236,1649,0.8568829594
Female,Kentucky,21,"Bourbon County",21017,468,98,566,0.8268551237
Female,Kentucky,21,"Boyd County",21019,1249,315,1564,0.7985933504
Female,Kentucky,21,"Boyle County",21021,671,139,810,0.8283950617
Female,Kentucky,21,"Bracken County",21023,157,38,195,0.8051282051
Female,Kentucky,21,"Breathitt County",21025,332,70,402,0.8258706468
Female,Kentucky,21,"Breckinridge County",21027,498,90,588,0.8469387755
Female,Kentucky,21,"Bullitt County",21029,1400,290,1690,0.8284023669
Female,Kentucky,21,"Butler County",21031,268,69,337,0.7952522255
Female,Kentucky,21,"Caldwell County",21033,336,73,409,0.8215158924
Female,Kentucky,21,"Calloway County",21035,820,151,971,0.8444902163
Female,Kentucky,21,"Campbell County",21037,1220,211,1431,0.8525506639
Female,Kentucky,21,"Carlisle County",21039,137,36,173,0.7919075145
Female,Kentucky,21,"Carroll County",21041,204,66,270,0.7555555556
Female,Kentucky,21,"Carter County",21043,700,201,901,0.7769145394
Female,Kentucky,21,"Casey County",21045,445,88,533,0.8348968105
Female,Kentucky,21,"Christian County",21047,999,313,1312,0.7614329268
Female,Kentucky,21,"Clark County",21049,649,146,795,0.8163522013
Female,Kentucky,21,"Clay County",21051,587,124,711,0.8255977496
Female,Kentucky,21,"Clinton County",21053,293,79,372,0.7876344086
Female,Kentucky,21,"Crittenden County",21055,232,42,274,0.8467153285
Female,Kentucky,21,"Cumberland County",21057,203,48,251,0.8087649402
Female,Kentucky,21,"Daviess County",21059,2226,449,2675,0.8321495327
Female,Kentucky,21,"Edmonson County",21061,314,50,364,0.8626373626
Female,Kentucky,21,"Elliott County",21063,122,21,143,0.8531468531
Female,Kentucky,21,"Estill County",21065,348,84,432,0.8055555556
Female,Kentucky,21,"Fayette County",21067,3797,778,4575,0.8299453552
Female,Kentucky,21,"Fleming County",21069,340,79,419,0.8114558473
Female,Kentucky,21,"Floyd County",21071,1056,253,1309,0.8067226891
Female,Kentucky,21,"Franklin County",21073,1225,242,1467,0.8350374915
Female,Kentucky,21,"Fulton County",21075,202,51,253,0.7984189723
Female,Kentucky,21,"Gallatin County",21077,122,24,146,0.8356164384
Female,Kentucky,21,"Garrard County",21079,386,104,490,0.787755102
Female,Kentucky,21,"Grant County",21081,395,83,478,0.8263598326
Female,Kentucky,21,"Graves County",21083,921,213,1134,0.8121693122
Female,Kentucky,21,"Grayson County",21085,707,115,822,0.8600973236
Female,Kentucky,21,"Green County",21087,359,71,430,0.8348837209
Female,Kentucky,21,"Greenup County",21089,1037,242,1279,0.8107896794
Female,Kentucky,21,"Hancock County",21091,184,36,220,0.8363636364
Female,Kentucky,21,"Hardin County",21093,1617,358,1975,0.8187341772
Female,Kentucky,21,"Harlan County",21095,733,203,936,0.7831196581
Female,Kentucky,21,"Harrison County",21097,440,94,534,0.8239700375
Female,Kentucky,21,"Hart County",21099,518,131,649,0.7981510015
Female,Kentucky,21,"Henderson County",21101,969,183,1152,0.8411458333
Female,Kentucky,21,"Henry County",21103,306,53,359,0.852367688
Female,Kentucky,21,"Hickman County",21105,158,31,189,0.835978836
Female,Kentucky,21,"Hopkins County",21107,1029,222,1251,0.8225419664
Female,Kentucky,21,"Jackson County",21109,328,88,416,0.7884615385
Female,Kentucky,21,"Jefferson County",21111,12587,2769,15356,0.8196796041
Female,Kentucky,21,"Jessamine County",21113,766,140,906,0.8454746137
Female,Kentucky,21,"Johnson County",21115,652,174,826,0.789346247
Female,Kentucky,21,"Kenton County",21117,2062,415,2477,0.8324586193
Female,Kentucky,21,"Knott County",21119,433,94,527,0.8216318786
Female,Kentucky,21,"Knox County",21121,907,259,1166,0.7778730703
Female,Kentucky,21,"Larue County",21123,390,77,467,0.835117773
Female,Kentucky,21,"Laurel County",21125,1524,381,1905,0.8
Female,Kentucky,21,"Lawrence County",21127,409,107,516,0.7926356589
Female,Kentucky,21,"Lee County",21129,182,48,230,0.7913043478
Female,Kentucky,21,"Leslie County",21131,326,73,399,0.8170426065
Female,Kentucky,21,"Letcher County",21133,580,151,731,0.7934336525
Female,Kentucky,21,"Lewis County",21135,354,70,424,0.8349056604
Female,Kentucky,21,"Lincoln County",21137,637,126,763,0.8348623853
Female,Kentucky,21,"Livingston County",21139,243,56,299,0.8127090301
Female,Kentucky,21,"Logan County",21141,698,176,874,0.7986270023
Female,Kentucky,21,"Lyon County",21143,226,41,267,0.8464419476
Female,Kentucky,21,"McCracken County",21145,1701,363,2064,0.824127907
Female,Kentucky,21,"McCreary County",21147,417,92,509,0.8192534381
Female,Kentucky,21,"McLean County",21149,209,38,247,0.8461538462
Female,Kentucky,21,"Madison County",21151,1522,328,1850,0.8227027027
Female,Kentucky,21,"Magoffin County",21153,322,83,405,0.7950617284
Female,Kentucky,21,"Marion County",21155,430,91,521,0.8253358925
Female,Kentucky,21,"Marshall County",21157,887,163,1050,0.8447619048
Female,Kentucky,21,"Martin County",21159,256,61,317,0.8075709779
Female,Kentucky,21,"Mason County",21161,412,69,481,0.8565488565
Female,Kentucky,21,"Meade County",21163,430,103,533,0.8067542214
Female,Kentucky,21,"Menifee County",21165,177,27,204,0.8676470588
Female,Kentucky,21,"Mercer County",21167,521,96,617,0.8444084279
Female,Kentucky,21,"Metcalfe County",21169,289,59,348,0.8304597701
Female,Kentucky,21,"Monroe County",21171,293,61,354,0.8276836158
Female,Kentucky,21,"Montgomery County",21173,572,121,693,0.8253968254
Female,Kentucky,21,"Morgan County",21175,305,64,369,0.8265582656
Female,Kentucky,21,"Muhlenberg County",21177,881,182,1063,0.8287864534
Female,Kentucky,21,"Nelson County",21179,1065,228,1293,0.8236658933
Female,Kentucky,21,"Nicholas County",21181,206,45,251,0.8207171315
Female,Kentucky,21,"Ohio County",21183,469,134,603,0.7777777778
Female,Kentucky,21,"Oldham County",21185,780,155,935,0.8342245989
Female,Kentucky,21,"Owen County",21187,214,44,258,0.8294573643
Female,Kentucky,21,"Owsley County",21189,112,32,144,0.7777777778
Female,Kentucky,21,"Pendleton County",21191,277,44,321,0.8629283489
Female,Kentucky,21,"Perry County",21193,750,200,950,0.7894736842
Female,Kentucky,21,"Pike County",21195,1509,424,1933,0.7806518365
Female,Kentucky,21,"Powell County",21197,292,71,363,0.8044077135
Female,Kentucky,21,"Pulaski County",21199,1730,397,2127,0.8133521392
Female,Kentucky,21,"Robertson County",21201,61,15,76,0.8026315789
Female,Kentucky,21,"Rockcastle County",21203,490,104,594,0.8249158249
Female,Kentucky,21,"Rowan County",21205,509,135,644,0.7903726708
Female,Kentucky,21,"Russell County",21207,454,121,575,0.7895652174
Female,Kentucky,21,"Scott County",21209,747,157,904,0.8263274336
Female,Kentucky,21,"Shelby County",21211,749,151,900,0.8322222222
Female,Kentucky,21,"Simpson County",21213,419,100,519,0.8073217726
Female,Kentucky,21,"Spencer County",21215,277,68,345,0.8028985507
Female,Kentucky,21,"Taylor County",21217,714,146,860,0.8302325581
Female,Kentucky,21,"Todd County",21219,256,51,307,0.8338762215
Female,Kentucky,21,"Trigg County",21221,322,72,394,0.8172588832
Female,Kentucky,21,"Trimble County",21223,183,38,221,0.8280542986
Female,Kentucky,21,"Union County",21225,323,65,388,0.8324742268
Female,Kentucky,21,"Warren County",21227,2035,483,2518,0.8081810961
Female,Kentucky,21,"Washington County",21229,319,52,371,0.8598382749
Female,Kentucky,21,"Wayne County",21231,541,148,689,0.7851959361
Female,Kentucky,21,"Webster County",21233,267,44,311,0.8585209003
Female,Kentucky,21,"Whitley County",21235,1012,301,1313,0.7707539985
Female,Kentucky,21,"Wolfe County",21237,212,41,253,0.837944664
Female,Kentucky,21,"Woodford County",21239,414,101,515,0.8038834951
Female,Kentucky,21,,21999,53,16,69,0.768115942
Female,Louisiana,22,"Acadia Parish",22001,1251,269,1520,0.8230263158
Female,Louisiana,22,"Allen Parish",22003,439,129,568,0.7728873239
Female,Louisiana,22,"Ascension Parish",22005,961,226,1187,0.8096040438
Female,Louisiana,22,"Assumption Parish",22007,515,129,644,0.799689441
Female,Louisiana,22,"Avoyelles Parish",22009,1010,252,1262,0.8003169572
Female,Louisiana,22,"Beauregard Parish",22011,617,196,813,0.7589175892
Female,Louisiana,22,"Bienville Parish",22013,323,99,422,0.7654028436
Female,Louisiana,22,"Bossier Parish",22015,1378,369,1747,0.788780767
Female,Louisiana,22,"Caddo Parish",22017,3844,1264,5108,0.7525450274
Female,Louisiana,22,"Calcasieu Parish",22019,2938,908,3846,0.7639105564
Female,Louisiana,22,"Caldwell Parish",22021,216,68,284,0.7605633803
Female,Louisiana,22,"Cameron Parish",22023,104,30,134,0.776119403
Female,Louisiana,22,"Catahoula Parish",22025,231,68,299,0.7725752508
Female,Louisiana,22,"Claiborne Parish",22027,350,124,474,0.7383966245
Female,Louisiana,22,"Concordia Parish",22029,464,145,609,0.7619047619
Female,Louisiana,22,"De Soto Parish",22031,538,197,735,0.7319727891
Female,Louisiana,22,"East Baton Rouge Parish",22033,5012,1272,6284,0.7975811585
Female,Louisiana,22,"East Carroll Parish",22035,174,50,224,0.7767857143
Female,Louisiana,22,"East Feliciana Parish",22037,395,126,521,0.7581573896
Female,Louisiana,22,"Evangeline Parish",22039,784,242,1026,0.7641325536
Female,Louisiana,22,"Franklin Parish",22041,430,153,583,0.7375643225
Female,Louisiana,22,"Grant Parish",22043,362,100,462,0.7835497835
Female,Louisiana,22,"Iberia Parish",22045,1447,336,1783,0.8115535614
Female,Louisiana,22,"Iberville Parish",22047,422,106,528,0.7992424242
Female,Louisiana,22,"Jackson Parish",22049,369,105,474,0.7784810127
Female,Louisiana,22,"Jefferson Parish",22051,3951,906,4857,0.8134651019
Female,Louisiana,22,"Jefferson Davis Parish",22053,677,164,841,0.8049940547
Female,Louisiana,22,"Lafayette Parish",22055,3609,762,4371,0.8256691833
Female,Louisiana,22,"Lafourche Parish",22057,2263,418,2681,0.8440880269
Female,Louisiana,22,"La Salle Parish",22059,349,105,454,0.768722467
Female,Louisiana,22,"Lincoln Parish",22061,693,187,880,0.7875
Female,Louisiana,22,"Livingston Parish",22063,1315,287,1602,0.8208489388
Female,Louisiana,22,"Madison Parish",22065,183,77,260,0.7038461538
Female,Louisiana,22,"Morehouse Parish",22067,594,154,748,0.7941176471
Female,Louisiana,22,"Natchitoches Parish",22069,760,232,992,0.7661290323
Female,Louisiana,22,"Orleans Parish",22071,3283,996,4279,0.7672353354
Female,Louisiana,22,"Ouachita Parish",22073,3008,798,3806,0.7903310562
Female,Louisiana,22,"Plaquemines Parish",22075,150,33,183,0.8196721311
Female,Louisiana,22,"Pointe Coupee Parish",22077,388,130,518,0.749034749
Female,Louisiana,22,"Rapides Parish",22079,2735,719,3454,0.791835553
Female,Louisiana,22,"Red River Parish",22081,189,70,259,0.7297297297
Female,Louisiana,22,"Richland Parish",22083,480,154,634,0.7570977918
Female,Louisiana,22,"Sabine Parish",22085,554,133,687,0.8064046579
Female,Louisiana,22,"St. Bernard Parish",22087,359,100,459,0.7821350763
Female,Louisiana,22,"St. Charles Parish",22089,445,128,573,0.7766143106
Female,Louisiana,22,"St. Helena Parish",22091,253,65,318,0.7955974843
Female,Louisiana,22,"St. James Parish",22093,372,101,473,0.7864693446
Female,Louisiana,22,"St. John the Baptist Parish",22095,474,157,631,0.7511885895
Female,Louisiana,22,"St. Landry Parish",22097,2025,553,2578,0.7854926299
Female,Louisiana,22,"St. Martin Parish",22099,898,234,1132,0.7932862191
Female,Louisiana,22,"St. Mary Parish",22101,1017,303,1320,0.7704545455
Female,Louisiana,22,"St. Tammany Parish",22103,2851,625,3476,0.8201956272
Female,Louisiana,22,"Tangipahoa Parish",22105,1992,493,2485,0.8016096579
Female,Louisiana,22,"Tensas Parish",22107,137,50,187,0.7326203209
Female,Louisiana,22,"Terrebonne Parish",22109,2374,462,2836,0.8370944993
Female,Louisiana,22,"Union Parish",22111,529,135,664,0.796686747
Female,Louisiana,22,"Vermilion Parish",22113,1058,238,1296,0.8163580247
Female,Louisiana,22,"Vernon Parish",22115,618,202,820,0.7536585366
Female,Louisiana,22,"Washington Parish",22117,1199,303,1502,0.7982689747
Female,Louisiana,22,"Webster Parish",22119,1049,245,1294,0.8106646059
Female,Louisiana,22,"West Baton Rouge Parish",22121,313,77,390,0.8025641026
Female,Louisiana,22,"West Carroll Parish",22123,337,69,406,0.8300492611
Female,Louisiana,22,"West Feliciana Parish",22125,148,69,217,0.6820276498
Female,Louisiana,22,"Winn Parish",22127,351,108,459,0.7647058824
Female,Louisiana,22,,22999,33,12,45,0.7333333333
Female,Maine,23,"Androscoggin County",23001,1744,226,1970,0.8852791878
Female,Maine,23,"Aroostook County",23003,2504,277,2781,0.9003955412
Female,Maine,23,"Cumberland County",23005,4246,582,4828,0.8794531897
Female,Maine,23,"Franklin County",23007,610,82,692,0.8815028902
Female,Maine,23,"Hancock County",23009,1144,167,1311,0.8726163234
Female,Maine,23,"Kennebec County",23011,2000,290,2290,0.8733624454
Female,Maine,23,"Knox County",23013,829,142,971,0.8537590113
Female,Maine,23,"Lincoln County",23015,691,87,778,0.8881748072
Female,Maine,23,"Oxford County",23017,1219,150,1369,0.8904309715
Female,Maine,23,"Penobscot County",23019,3046,456,3502,0.8697886922
Female,Maine,23,"Piscataquis County",23021,418,62,480,0.8708333333
Female,Maine,23,"Sagadahoc County",23023,574,87,661,0.8683812405
Female,Maine,23,"Somerset County",23025,1214,190,1404,0.8646723647
Female,Maine,23,"Waldo County",23027,817,116,933,0.8756698821
Female,Maine,23,"Washington County",23029,991,156,1147,0.8639930253
Female,Maine,23,"York County",23031,3831,485,4316,0.8876274328
Female,Maine,23,,23999,.,.,.,0.8181818182
Female,Maryland,24,"Allegany County",24001,2156,419,2575,0.8372815534
Female,Maryland,24,"Anne Arundel County",24003,7631,1182,8813,0.8658799501
Female,Maryland,24,"Baltimore County",24005,15336,2824,18160,0.8444933921
Female,Maryland,24,"Calvert County",24009,1091,208,1299,0.8398768283
Female,Maryland,24,"Caroline County",24011,755,161,916,0.8242358079
Female,Maryland,24,"Carroll County",24013,3166,451,3617,0.8753110312
Female,Maryland,24,"Cecil County",24015,1825,377,2202,0.8287920073
Female,Maryland,24,"Charles County",24017,1416,311,1727,0.8199189346
Female,Maryland,24,"Dorchester County",24019,1025,193,1218,0.841543514
Female,Maryland,24,"Frederick County",24021,3710,567,4277,0.8674304419
Female,Maryland,24,"Garrett County",24023,893,127,1020,0.8754901961
Female,Maryland,24,"Harford County",24025,4327,738,5065,0.8542941757
Female,Maryland,24,"Howard County",24027,3327,500,3827,0.8693493598
Female,Maryland,24,"Kent County",24029,547,97,644,0.849378882
Female,Maryland,24,"Montgomery County",24031,10340,1828,12168,0.8497698882
Female,Maryland,24,"Prince George",24033,6932,1730,8662,0.8002770723
Female,Maryland,24,"Queen Anne",24035,978,116,1094,0.8939670932
Female,Maryland,24,"St. Mary",24037,1093,220,1313,0.8324447829
Female,Maryland,24,"Somerset County",24039,623,130,753,0.8273572377
Female,Maryland,24,"Talbot County",24041,1211,164,1375,0.8807272727
Female,Maryland,24,"Washington County",24043,2817,465,3282,0.8583180987
Female,Maryland,24,"Wicomico County",24045,2205,395,2600,0.8480769231
Female,Maryland,24,"Worcester County",24047,1479,260,1739,0.8504887867
Female,Maryland,24,"Baltimore city",24510,9083,2589,11672,0.7781871145
Female,Maryland,24,,24999,42,11,53,0.7924528302
Female,Massachusetts,25,"Barnstable County",25001,6760,910,7670,0.8813559322
Female,Massachusetts,25,"Berkshire County",25003,3156,495,3651,0.8644207067
Female,Massachusetts,25,"Bristol County",25005,12779,1906,14685,0.8702076949
Female,Massachusetts,25,"Dukes County",25007,381,57,438,0.8698630137
Female,Massachusetts,25,"Essex County",25009,14850,1919,16769,0.8855626454
Female,Massachusetts,25,"Franklin County",25011,1315,199,1514,0.8685601057
Female,Massachusetts,25,"Hampden County",25013,8366,1224,9590,0.872367049
Female,Massachusetts,25,"Hampshire County",25015,2510,337,2847,0.8816297857
Female,Massachusetts,25,"Middlesex County",25017,22467,3072,25539,0.8797133795
Female,Massachusetts,25,"Nantucket County",25019,172,41,213,0.8075117371
Female,Massachusetts,25,"Norfolk County",25021,12071,1663,13734,0.878913645
Female,Massachusetts,25,"Plymouth County",25023,11057,1572,12629,0.8755245863
Female,Massachusetts,25,"Suffolk County",25025,9713,1606,11319,0.8581146744
Female,Massachusetts,25,"Worcester County",25027,11988,1688,13676,0.8765720971
Female,Massachusetts,25,,25999,.,.,.,0.8260869565
Female,Michigan,26,"Alcona County",26001,373,57,430,0.8674418605
Female,Michigan,26,"Alger County",26003,159,27,186,0.8548387097
Female,Michigan,26,"Allegan County",26005,1267,202,1469,0.8624914908
Female,Michigan,26,"Alpena County",26007,923,153,1076,0.8578066914
Female,Michigan,26,"Antrim County",26009,532,87,619,0.859450727
Female,Michigan,26,"Arenac County",26011,428,62,490,0.8734693878
Female,Michigan,26,"Baraga County",26013,179,19,198,0.904040404
Female,Michigan,26,"Barry County",26015,849,135,984,0.862804878
Female,Michigan,26,"Bay County",26017,2605,403,3008,0.8660239362
Female,Michigan,26,"Benzie County",26019,332,44,376,0.8829787234
Female,Michigan,26,"Berrien County",26021,2931,543,3474,0.8436960276
Female,Michigan,26,"Branch County",26023,956,135,1091,0.8762603116
Female,Michigan,26,"Calhoun County",26025,2477,452,2929,0.8456811198
Female,Michigan,26,"Cass County",26027,1019,170,1189,0.8570227082
Female,Michigan,26,"Charlevoix County",26029,569,84,653,0.8713629403
Female,Michigan,26,"Cheboygan County",26031,594,92,686,0.8658892128
Female,Michigan,26,"Chippewa County",26033,622,79,701,0.8873038516
Female,Michigan,26,"Clare County",26035,874,121,995,0.8783919598
Female,Michigan,26,"Clinton County",26037,1062,138,1200,0.885
Female,Michigan,26,"Crawford County",26039,320,49,369,0.8672086721
Female,Michigan,26,"Delta County",26041,925,125,1050,0.880952381
Female,Michigan,26,"Dickinson County",26043,526,72,598,0.8795986622
Female,Michigan,26,"Eaton County",26045,1755,315,2070,0.847826087
Female,Michigan,26,"Emmet County",26047,593,88,681,0.8707782673
Female,Michigan,26,"Genesee County",26049,8194,1854,10048,0.8154856688
Female,Michigan,26,"Gladwin County",26051,810,123,933,0.8681672026
Female,Michigan,26,"Gogebic County",26053,425,40,465,0.9139784946
Female,Michigan,26,"Grand Traverse County",26055,1383,192,1575,0.8780952381
Female,Michigan,26,"Gratiot County",26057,902,150,1052,0.8574144487
Female,Michigan,26,"Hillsdale County",26059,979,158,1137,0.8610378188
Female,Michigan,26,"Houghton County",26061,575,91,666,0.8633633634
Female,Michigan,26,"Huron County",26063,1037,171,1208,0.8584437086
Female,Michigan,26,"Ingham County",26065,3468,653,4121,0.8415433147
Female,Michigan,26,"Ionia County",26067,909,139,1048,0.8673664122
Female,Michigan,26,"Iosco County",26069,802,119,921,0.8707926167
Female,Michigan,26,"Iron County",26071,381,65,446,0.8542600897
Female,Michigan,26,"Isabella County",26073,931,139,1070,0.8700934579
Female,Michigan,26,"Jackson County",26075,3327,599,3926,0.847427407
Female,Michigan,26,"Kalamazoo County",26077,3597,650,4247,0.8469507888
Female,Michigan,26,"Kalkaska County",26079,342,47,389,0.8791773779
Female,Michigan,26,"Kent County",26081,6216,979,7195,0.863933287
Female,Michigan,26,"Keweenaw County",26083,.,.,.,0.9107142857
Female,Michigan,26,"Lake County",26085,284,53,337,0.8427299703
Female,Michigan,26,"Lapeer County",26087,1803,263,2066,0.8727008712
Female,Michigan,26,"Leelanau County",26089,386,58,444,0.8693693694
Female,Michigan,26,"Lenawee County",26091,2028,301,2329,0.8707599828
Female,Michigan,26,"Livingston County",26093,2367,366,2733,0.8660812294
Female,Michigan,26,"Luce County",26095,144,20,164,0.8780487805
Female,Michigan,26,"Mackinac County",26097,270,47,317,0.8517350158
Female,Michigan,26,"Macomb County",26099,17104,2734,19838,0.8621836879
Female,Michigan,26,"Manistee County",26101,531,79,610,0.8704918033
Female,Michigan,26,"Marquette County",26103,956,127,1083,0.8827331487
Female,Michigan,26,"Mason County",26105,699,98,797,0.8770388959
Female,Michigan,26,"Mecosta County",26107,692,106,798,0.8671679198
Female,Michigan,26,"Menominee County",26109,533,63,596,0.894295302
Female,Michigan,26,"Midland County",26111,1971,233,2204,0.8942831216
Female,Michigan,26,"Missaukee County",26113,316,39,355,0.8901408451
Female,Michigan,26,"Monroe County",26115,3046,514,3560,0.8556179775
Female,Michigan,26,"Montcalm County",26117,1000,167,1167,0.8568980291
Female,Michigan,26,"Montmorency County",26119,289,59,348,0.8304597701
Female,Michigan,26,"Muskegon County",26121,2586,493,3079,0.8398830789
Female,Michigan,26,"Newaygo County",26123,728,111,839,0.8676996424
Female,Michigan,26,"Oakland County",26125,19131,3472,22603,0.8463920718
Female,Michigan,26,"Oceana County",26127,423,89,512,0.826171875
Female,Michigan,26,"Ogemaw County",26129,661,101,762,0.8674540682
Female,Michigan,26,"Ontonagon County",26131,171,40,211,0.8104265403
Female,Michigan,26,"Osceola County",26133,464,71,535,0.8672897196
Female,Michigan,26,"Oscoda County",26135,231,41,272,0.8492647059
Female,Michigan,26,"Otsego County",26137,552,70,622,0.8874598071
Female,Michigan,26,"Ottawa County",26139,2497,345,2842,0.8786066151
Female,Michigan,26,"Presque Isle County",26141,441,74,515,0.8563106796
Female,Michigan,26,"Roscommon County",26143,849,130,979,0.8672114402
Female,Michigan,26,"Saginaw County",26145,4283,809,5092,0.8411233307
Female,Michigan,26,"St. Clair County",26147,3295,510,3805,0.8659658344
Female,Michigan,26,"St. Joseph County",26149,1158,181,1339,0.8648244959
Female,Michigan,26,"Sanilac County",26151,978,156,1134,0.8624338624
Female,Michigan,26,"Schoolcraft County",26153,244,30,274,0.8905109489
Female,Michigan,26,"Shiawassee County",26155,1367,223,1590,0.8597484277
Female,Michigan,26,"Tuscola County",26157,1381,231,1612,0.8566997519
Female,Michigan,26,"Van Buren County",26159,1309,199,1508,0.8680371353
Female,Michigan,26,"Washtenaw County",26161,3227,586,3813,0.8463152373
Female,Michigan,26,"Wayne County",26163,28559,6721,35280,0.8094954649
Female,Michigan,26,"Wexford County",26165,658,103,761,0.864651774
Female,Michigan,26,,26999,73,18,91,0.8021978022
Female,Minnesota,27,"Aitkin County",27001,250,26,276,0.9057971014
Female,Minnesota,27,"Anoka County",27003,3306,437,3743,0.883248731
Female,Minnesota,27,"Becker County",27005,611,78,689,0.8867924528
Female,Minnesota,27,"Beltrami County",27007,757,98,855,0.885380117
Female,Minnesota,27,"Benton County",27009,489,65,554,0.8826714801
Female,Minnesota,27,"Big Stone County",27011,138,13,151,0.9139072848
Female,Minnesota,27,"Blue Earth County",27013,1000,88,1088,0.9191176471
Female,Minnesota,27,"Brown County",27015,683,68,751,0.9094540613
Female,Minnesota,27,"Carlton County",27017,464,52,516,0.8992248062
Female,Minnesota,27,"Carver County",27019,737,89,826,0.892251816
Female,Minnesota,27,"Cass County",27021,523,71,594,0.8804713805
Female,Minnesota,27,"Chippewa County",27023,265,24,289,0.9169550173
Female,Minnesota,27,"Chisago County",27025,604,70,674,0.8961424332
Female,Minnesota,27,"Clay County",27027,836,87,923,0.9057421452
Female,Minnesota,27,"Clearwater County",27029,172,20,192,0.8958333333
Female,Minnesota,27,"Cook County",27031,.,.,.,0.9078947368
Female,Minnesota,27,"Cottonwood County",27033,265,23,288,0.9201388889
Female,Minnesota,27,"Crow Wing County",27035,1170,162,1332,0.8783783784
Female,Minnesota,27,"Dakota County",27037,4134,517,4651,0.8888411094
Female,Minnesota,27,"Dodge County",27039,205,23,228,0.899122807
Female,Minnesota,27,"Douglas County",27041,745,85,830,0.8975903614
Female,Minnesota,27,"Faribault County",27043,368,41,409,0.8997555012
Female,Minnesota,27,"Fillmore County",27045,404,43,447,0.903803132
Female,Minnesota,27,"Freeborn County",27047,587,81,668,0.878742515
Female,Minnesota,27,"Goodhue County",27049,516,70,586,0.8805460751
Female,Minnesota,27,"Grant County",27051,140,15,155,0.9032258065
Female,Minnesota,27,"Hennepin County",27053,10993,1629,12622,0.8709396292
Female,Minnesota,27,"Houston County",27055,399,36,435,0.9172413793
Female,Minnesota,27,"Hubbard County",27057,478,63,541,0.8835489834
Female,Minnesota,27,"Isanti County",27059,535,68,603,0.8872305141
Female,Minnesota,27,"Itasca County",27061,698,77,775,0.9006451613
Female,Minnesota,27,"Jackson County",27063,277,33,310,0.8935483871
Female,Minnesota,27,"Kanabec County",27065,208,32,240,0.8666666667
Female,Minnesota,27,"Kandiyohi County",27067,703,75,778,0.9035989717
Female,Minnesota,27,"Kittson County",27069,.,.,.,0.9224137931
Female,Minnesota,27,"Koochiching County",27071,265,30,295,0.8983050847
Female,Minnesota,27,"Lac qui Parle County",27073,186,17,203,0.9162561576
Female,Minnesota,27,"Lake County",27075,182,23,205,0.887804878
Female,Minnesota,27,"Lake of the Woods County",27077,.,.,.,0.8888888889
Female,Minnesota,27,"Le Sueur County",27079,288,35,323,0.8916408669
Female,Minnesota,27,"Lincoln County",27081,149,16,165,0.903030303
Female,Minnesota,27,"Lyon County",27083,485,59,544,0.8915441176
Female,Minnesota,27,"McLeod County",27085,508,54,562,0.9039145907
Female,Minnesota,27,"Mahnomen County",27087,103,18,121,0.8512396694
Female,Minnesota,27,"Marshall County",27089,203,30,233,0.8712446352
Female,Minnesota,27,"Martin County",27091,575,63,638,0.9012539185
Female,Minnesota,27,"Meeker County",27093,236,34,270,0.8740740741
Female,Minnesota,27,"Mille Lacs County",27095,290,57,347,0.8357348703
Female,Minnesota,27,"Morrison County",27097,557,73,630,0.8841269841
Female,Minnesota,27,"Mower County",27099,641,85,726,0.8829201102
Female,Minnesota,27,"Murray County",27101,242,29,271,0.8929889299
Female,Minnesota,27,"Nicollet County",27103,545,57,602,0.9053156146
Female,Minnesota,27,"Nobles County",27105,433,40,473,0.9154334038
Female,Minnesota,27,"Norman County",27107,.,.,.,0.9425287356
Female,Minnesota,27,"Olmsted County",27109,1601,226,1827,0.8762999453
Female,Minnesota,27,"Otter Tail County",27111,1222,141,1363,0.8965517241
Female,Minnesota,27,"Pennington County",27113,237,22,259,0.9150579151
Female,Minnesota,27,"Pine County",27115,371,45,416,0.8918269231
Female,Minnesota,27,"Pipestone County",27117,237,25,262,0.9045801527
Female,Minnesota,27,"Polk County",27119,642,78,720,0.8916666667
Female,Minnesota,27,"Pope County",27121,268,28,296,0.9054054054
Female,Minnesota,27,"Ramsey County",27123,5384,861,6245,0.8621297038
Female,Minnesota,27,"Red Lake County",27125,71,11,82,0.8658536585
Female,Minnesota,27,"Redwood County",27127,344,41,385,0.8935064935
Female,Minnesota,27,"Renville County",27129,372,43,415,0.8963855422
Female,Minnesota,27,"Rice County",27131,646,62,708,0.9124293785
Female,Minnesota,27,"Rock County",27133,191,21,212,0.9009433962
Female,Minnesota,27,"Roseau County",27135,270,34,304,0.8881578947
Female,Minnesota,27,"St. Louis County",27137,2524,340,2864,0.8812849162
Female,Minnesota,27,"Scott County",27139,1184,155,1339,0.8842419716
Female,Minnesota,27,"Sherburne County",27141,855,93,948,0.9018987342
Female,Minnesota,27,"Sibley County",27143,180,20,200,0.9
Female,Minnesota,27,"Stearns County",27145,1887,212,2099,0.8989995236
Female,Minnesota,27,"Steele County",27147,711,65,776,0.9162371134
Female,Minnesota,27,"Stevens County",27149,169,21,190,0.8894736842
Female,Minnesota,27,"Swift County",27151,241,17,258,0.9341085271
Female,Minnesota,27,"Todd County",27153,375,43,418,0.8971291866
Female,Minnesota,27,"Traverse County",27155,.,.,.,0.8876404494
Female,Minnesota,27,"Wabasha County",27157,336,37,373,0.9008042895
Female,Minnesota,27,"Wadena County",27159,321,36,357,0.8991596639
Female,Minnesota,27,"Waseca County",27161,351,29,380,0.9236842105
Female,Minnesota,27,"Washington County",27163,2717,341,3058,0.8884892086
Female,Minnesota,27,"Watonwan County",27165,233,34,267,0.872659176
Female,Minnesota,27,"Wilkin County",27167,146,17,163,0.8957055215
Female,Minnesota,27,"Winona County",27169,862,106,968,0.8904958678
Female,Minnesota,27,"Wright County",27171,1371,150,1521,0.9013806706
Female,Minnesota,27,"Yellow Medicine County",27173,177,18,195,0.9076923077
Female,Minnesota,27,,27999,.,.,.,0.8235294118
Female,Mississippi,28,"Adams County",28001,793,225,1018,0.778978389
Female,Mississippi,28,"Alcorn County",28003,1096,261,1357,0.8076639646
Female,Mississippi,28,"Amite County",28005,272,95,367,0.7411444142
Female,Mississippi,28,"Attala County",28007,472,135,607,0.7775947282
Female,Mississippi,28,"Benton County",28009,216,56,272,0.7941176471
Female,Mississippi,28,"Bolivar County",28011,843,306,1149,0.7336814621
Female,Mississippi,28,"Calhoun County",28013,417,107,524,0.7958015267
Female,Mississippi,28,"Carroll County",28015,302,87,389,0.7763496144
Female,Mississippi,28,"Chickasaw County",28017,505,152,657,0.7686453577
Female,Mississippi,28,"Choctaw County",28019,260,63,323,0.8049535604
Female,Mississippi,28,"Claiborne County",28021,112,62,174,0.6436781609
Female,Mississippi,28,"Clarke County",28023,445,124,569,0.7820738137
Female,Mississippi,28,"Clay County",28025,519,131,650,0.7984615385
Female,Mississippi,28,"Coahoma County",28027,625,188,813,0.7687576876
Female,Mississippi,28,"Copiah County",28029,461,150,611,0.7545008183
Female,Mississippi,28,"Covington County",28031,414,126,540,0.7666666667
Female,Mississippi,28,"DeSoto County",28033,2699,639,3338,0.8085680048
Female,Mississippi,28,"Forrest County",28035,1289,287,1576,0.817893401
Female,Mississippi,28,"Franklin County",28037,217,54,271,0.8007380074
Female,Mississippi,28,"George County",28039,456,127,583,0.782161235
Female,Mississippi,28,"Greene County",28041,238,78,316,0.753164557
Female,Mississippi,28,"Grenada County",28043,624,168,792,0.7878787879
Female,Mississippi,28,"Hancock County",28045,794,184,978,0.8118609407
Female,Mississippi,28,"Harrison County",28047,2654,745,3399,0.7808178876
Female,Mississippi,28,"Hinds County",28049,3214,978,4192,0.7666984733
Female,Mississippi,28,"Holmes County",28051,443,179,622,0.7122186495
Female,Mississippi,28,"Humphreys County",28053,227,72,299,0.7591973244
Female,Mississippi,28,"Issaquena County",28055,.,.,.,0.75
Female,Mississippi,28,"Itawamba County",28057,678,141,819,0.8278388278
Female,Mississippi,28,"Jackson County",28059,2180,567,2747,0.7935930106
Female,Mississippi,28,"Jasper County",28061,469,138,607,0.7726523888
Female,Mississippi,28,"Jefferson County",28063,190,84,274,0.6934306569
Female,Mississippi,28,"Jefferson Davis County",28065,310,110,420,0.7380952381
Female,Mississippi,28,"Jones County",28067,1604,425,2029,0.7905372104
Female,Mississippi,28,"Kemper County",28069,230,69,299,0.7692307692
Female,Mississippi,28,"Lafayette County",28071,857,229,1086,0.7891344383
Female,Mississippi,28,"Lamar County",28073,905,229,1134,0.7980599647
Female,Mississippi,28,"Lauderdale County",28075,1539,432,1971,0.7808219178
Female,Mississippi,28,"Lawrence County",28077,333,96,429,0.7762237762
Female,Mississippi,28,"Leake County",28079,414,105,519,0.7976878613
Female,Mississippi,28,"Lee County",28081,2062,496,2558,0.8060985145
Female,Mississippi,28,"Leflore County",28083,884,255,1139,0.776119403
Female,Mississippi,28,"Lincoln County",28085,798,215,1013,0.7877591313
Female,Mississippi,28,"Lowndes County",28087,1321,332,1653,0.7991530551
Female,Mississippi,28,"Madison County",28089,1508,353,1861,0.8103170339
Female,Mississippi,28,"Marion County",28091,668,189,857,0.7794632439
Female,Mississippi,28,"Marshall County",28093,751,216,967,0.7766287487
Female,Mississippi,28,"Monroe County",28095,1040,229,1269,0.8195429472
Female,Mississippi,28,"Montgomery County",28097,357,84,441,0.8095238095
Female,Mississippi,28,"Neshoba County",28099,570,150,720,0.7916666667
Female,Mississippi,28,"Newton County",28101,522,123,645,0.8093023256
Female,Mississippi,28,"Noxubee County",28103,281,92,373,0.7533512064
Female,Mississippi,28,"Oktibbeha County",28105,689,204,893,0.771556551
Female,Mississippi,28,"Panola County",28107,804,260,1064,0.7556390977
Female,Mississippi,28,"Pearl River County",28109,1052,267,1319,0.7975739196
Female,Mississippi,28,"Perry County",28111,266,87,353,0.7535410765
Female,Mississippi,28,"Pike County",28113,846,242,1088,0.7775735294
Female,Mississippi,28,"Pontotoc County",28115,808,184,992,0.814516129
Female,Mississippi,28,"Prentiss County",28117,796,207,1003,0.7936191426
Female,Mississippi,28,"Quitman County",28119,236,67,303,0.7788778878
Female,Mississippi,28,"Rankin County",28121,2269,563,2832,0.801200565
Female,Mississippi,28,"Scott County",28123,548,159,707,0.775106082
Female,Mississippi,28,"Sharkey County",28125,137,32,169,0.8106508876
Female,Mississippi,28,"Simpson County",28127,585,163,748,0.7820855615
Female,Mississippi,28,"Smith County",28129,356,79,435,0.8183908046
Female,Mississippi,28,"Stone County",28131,324,88,412,0.786407767
Female,Mississippi,28,"Sunflower County",28133,606,234,840,0.7214285714
Female,Mississippi,28,"Tallahatchie County",28135,320,100,420,0.7619047619
Female,Mississippi,28,"Tate County",28137,637,147,784,0.8125
Female,Mississippi,28,"Tippah County",28139,643,146,789,0.8149556401
Female,Mississippi,28,"Tishomingo County",28141,672,124,796,0.8442211055
Female,Mississippi,28,"Tunica County",28143,202,51,253,0.7984189723
Female,Mississippi,28,"Union County",28145,713,199,912,0.7817982456
Female,Mississippi,28,"Walthall County",28147,416,111,527,0.789373814
Female,Mississippi,28,"Warren County",28149,715,228,943,0.7582184517
Female,Mississippi,28,"Washington County",28151,1137,354,1491,0.7625754527
Female,Mississippi,28,"Wayne County",28153,527,114,641,0.8221528861
Female,Mississippi,28,"Webster County",28155,331,79,410,0.8073170732
Female,Mississippi,28,"Wilkinson County",28157,204,76,280,0.7285714286
Female,Mississippi,28,"Winston County",28159,467,114,581,0.8037865749
Female,Mississippi,28,"Yalobusha County",28161,413,119,532,0.7763157895
Female,Mississippi,28,"Yazoo County",28163,489,138,627,0.7799043062
Female,Mississippi,28,,28999,36,13,49,0.7346938776
Female,Missouri,29,"Adair County",29001,587,96,683,0.859443631
Female,Missouri,29,"Andrew County",29003,385,67,452,0.8517699115
Female,Missouri,29,"Atchison County",29005,207,22,229,0.903930131
Female,Missouri,29,"Audrain County",29007,670,128,798,0.8395989975
Female,Missouri,29,"Barry County",29009,578,119,697,0.8292682927
Female,Missouri,29,"Barton County",29011,274,42,316,0.8670886076
Female,Missouri,29,"Bates County",29013,360,77,437,0.823798627
Female,Missouri,29,"Benton County",29015,538,120,658,0.8176291793
Female,Missouri,29,"Bollinger County",29017,257,48,305,0.8426229508
Female,Missouri,29,"Boone County",29019,2057,361,2418,0.8507030604
Female,Missouri,29,"Buchanan County",29021,1877,367,2244,0.8364527629
Female,Missouri,29,"Butler County",29023,1150,263,1413,0.813871196
Female,Missouri,29,"Caldwell County",29025,194,42,236,0.8220338983
Female,Missouri,29,"Callaway County",29027,813,136,949,0.856691254
Female,Missouri,29,"Camden County",29029,1032,147,1179,0.8753180662
Female,Missouri,29,"Cape Girardeau County",29031,1670,301,1971,0.8472856418
Female,Missouri,29,"Carroll County",29033,235,34,269,0.873605948
Female,Missouri,29,"Carter County",29035,168,38,206,0.8155339806
Female,Missouri,29,"Cass County",29037,1258,253,1511,0.8325612177
Female,Missouri,29,"Cedar County",29039,290,61,351,0.8262108262
Female,Missouri,29,"Chariton County",29041,223,37,260,0.8576923077
Female,Missouri,29,"Christian County",29043,1111,171,1282,0.8666146646
Female,Missouri,29,"Clark County",29045,205,28,233,0.8798283262
Female,Missouri,29,"Clay County",29047,3443,571,4014,0.8577478824
Female,Missouri,29,"Clinton County",29049,434,61,495,0.8767676768
Female,Missouri,29,"Cole County",29051,1358,237,1595,0.8514106583
Female,Missouri,29,"Cooper County",29053,345,87,432,0.7986111111
Female,Missouri,29,"Crawford County",29055,524,107,631,0.8304278922
Female,Missouri,29,"Dade County",29057,144,31,175,0.8228571429
Female,Missouri,29,"Dallas County",29059,273,59,332,0.8222891566
Female,Missouri,29,"Daviess County",29061,220,32,252,0.873015873
Female,Missouri,29,"DeKalb County",29063,243,55,298,0.8154362416
Female,Missouri,29,"Dent County",29065,462,88,550,0.84
Female,Missouri,29,"Douglas County",29067,176,30,206,0.854368932
Female,Missouri,29,"Dunklin County",29069,874,173,1047,0.8347659981
Female,Missouri,29,"Franklin County",29071,1585,265,1850,0.8567567568
Female,Missouri,29,"Gasconade County",29073,396,77,473,0.8372093023
Female,Missouri,29,"Gentry County",29075,190,28,218,0.871559633
Female,Missouri,29,"Greene County",29077,3808,656,4464,0.853046595
Female,Missouri,29,"Grundy County",29079,337,56,393,0.8575063613
Female,Missouri,29,"Harrison County",29081,277,45,322,0.8602484472
Female,Missouri,29,"Henry County",29083,537,110,647,0.829984544
Female,Missouri,29,"Hickory County",29085,189,32,221,0.8552036199
Female,Missouri,29,"Holt County",29087,130,31,161,0.8074534161
Female,Missouri,29,"Howard County",29089,175,42,217,0.8064516129
Female,Missouri,29,"Howell County",29091,1046,192,1238,0.844911147
Female,Missouri,29,"Iron County",29093,363,56,419,0.8663484487
Female,Missouri,29,"Jackson County",29095,8043,1602,9645,0.833903577
Female,Missouri,29,"Jasper County",29097,2136,445,2581,0.8275862069
Female,Missouri,29,"Jefferson County",29099,2973,573,3546,0.8384094755
Female,Missouri,29,"Johnson County",29101,616,128,744,0.8279569892
Female,Missouri,29,"Knox County",29103,130,26,156,0.8333333333
Female,Missouri,29,"Laclede County",29105,561,113,674,0.8323442136
Female,Missouri,29,"Lafayette County",29107,584,107,691,0.8451519537
Female,Missouri,29,"Lawrence County",29109,563,104,667,0.844077961
Female,Missouri,29,"Lewis County",29111,271,49,320,0.846875
Female,Missouri,29,"Lincoln County",29113,854,168,1022,0.8356164384
Female,Missouri,29,"Linn County",29115,390,57,447,0.8724832215
Female,Missouri,29,"Livingston County",29117,420,50,470,0.8936170213
Female,Missouri,29,"McDonald County",29119,301,81,382,0.7879581152
Female,Missouri,29,"Macon County",29121,442,78,520,0.85
Female,Missouri,29,"Madison County",29123,350,69,419,0.8353221957
Female,Missouri,29,"Maries County",29125,187,25,212,0.8820754717
Female,Missouri,29,"Marion County",29127,807,133,940,0.8585106383
Female,Missouri,29,"Mercer County",29129,88,19,107,0.8224299065
Female,Missouri,29,"Miller County",29131,520,98,618,0.8414239482
Female,Missouri,29,"Mississippi County",29133,400,77,477,0.8385744235
Female,Missouri,29,"Moniteau County",29135,291,42,333,0.8738738739
Female,Missouri,29,"Monroe County",29137,261,42,303,0.8613861386
Female,Missouri,29,"Montgomery County",29139,326,63,389,0.8380462725
Female,Missouri,29,"Morgan County",29141,442,87,529,0.8355387524
Female,Missouri,29,"New Madrid County",29143,509,108,617,0.8249594814
Female,Missouri,29,"Newton County",29145,1068,236,1304,0.8190184049
Female,Missouri,29,"Nodaway County",29147,459,83,542,0.8468634686
Female,Missouri,29,"Oregon County",29149,301,67,368,0.8179347826
Female,Missouri,29,"Osage County",29151,286,29,315,0.9079365079
Female,Missouri,29,"Ozark County",29153,211,38,249,0.8473895582
Female,Missouri,29,"Pemiscot County",29155,417,127,544,0.7665441176
Female,Missouri,29,"Perry County",29157,454,68,522,0.8697318008
Female,Missouri,29,"Pettis County",29159,916,162,1078,0.8497217069
Female,Missouri,29,"Phelps County",29161,883,153,1036,0.8523166023
Female,Missouri,29,"Pike County",29163,403,81,484,0.8326446281
Female,Missouri,29,"Platte County",29165,1313,221,1534,0.8559322034
Female,Missouri,29,"Polk County",29167,492,92,584,0.8424657534
Female,Missouri,29,"Pulaski County",29169,381,96,477,0.7987421384
Female,Missouri,29,"Putnam County",29171,161,30,191,0.8429319372
Female,Missouri,29,"Ralls County",29173,333,24,357,0.9327731092
Female,Missouri,29,"Randolph County",29175,585,110,695,0.8417266187
Female,Missouri,29,"Ray County",29177,538,88,626,0.8594249201
Female,Missouri,29,"Reynolds County",29179,193,35,228,0.8464912281
Female,Missouri,29,"Ripley County",29181,391,93,484,0.8078512397
Female,Missouri,29,"St. Charles County",29183,5164,774,5938,0.8696530818
Female,Missouri,29,"St. Clair County",29185,255,45,300,0.85
Female,Missouri,29,"Ste. Genevieve County",29186,437,77,514,0.8501945525
Female,Missouri,29,"St. Francois County",29187,1711,305,2016,0.8487103175
Female,Missouri,29,"St. Louis County",29189,14595,2844,17439,0.8369172544
Female,Missouri,29,"Saline County",29195,523,88,611,0.8559738134
Female,Missouri,29,"Schuyler County",29197,129,23,152,0.8486842105
Female,Missouri,29,"Scotland County",29199,120,24,144,0.8333333333
Female,Missouri,29,"Scott County",29201,1130,219,1349,0.8376575241
Female,Missouri,29,"Shannon County",29203,179,32,211,0.8483412322
Female,Missouri,29,"Shelby County",29205,194,32,226,0.8584070796
Female,Missouri,29,"Stoddard County",29207,841,152,993,0.8469284995
Female,Missouri,29,"Stone County",29209,685,129,814,0.8415233415
Female,Missouri,29,"Sullivan County",29211,190,25,215,0.8837209302
Female,Missouri,29,"Taney County",29213,1103,209,1312,0.8407012195
Female,Missouri,29,"Texas County",29215,526,111,637,0.8257456829
Female,Missouri,29,"Vernon County",29217,456,104,560,0.8142857143
Female,Missouri,29,"Warren County",29219,542,104,646,0.8390092879
Female,Missouri,29,"Washington County",29221,577,140,717,0.8047419805
Female,Missouri,29,"Wayne County",29223,342,55,397,0.8614609572
Female,Missouri,29,"Webster County",29225,474,92,566,0.8374558304
Female,Missouri,29,"Worth County",29227,.,.,.,0.8904109589
Female,Missouri,29,"Wright County",29229,334,64,398,0.8391959799
Female,Missouri,29,"St. Louis city",29510,3430,904,4334,0.7914167051
Female,Missouri,29,,29999,69,18,87,0.7931034483
Female,Montana,30,"Beaverhead County",30001,173,18,191,0.9057591623
Female,Montana,30,"Big Horn County",30003,90,31,121,0.7438016529
Female,Montana,30,"Blaine County",30005,76,20,96,0.7916666667
Female,Montana,30,"Broadwater County",30007,104,13,117,0.8888888889
Female,Montana,30,"Carbon County",30009,136,26,162,0.8395061728
Female,Montana,30,"Carter County",30011,.,.,.,0.8387096774
Female,Montana,30,"Cascade County",30013,1156,196,1352,0.8550295858
Female,Montana,30,"Chouteau County",30015,109,23,132,0.8257575758
Female,Montana,30,"Custer County",30017,208,34,242,0.8595041322
Female,Montana,30,"Daniels County",30019,56,0,56,1
Female,Montana,30,"Dawson County",30021,212,25,237,0.8945147679
Female,Montana,30,"Deer Lodge County",30023,211,40,251,0.8406374502
Female,Montana,30,"Fallon County",30025,.,.,.,0.8805970149
Female,Montana,30,"Fergus County",30027,202,39,241,0.8381742739
Female,Montana,30,"Flathead County",30029,1403,243,1646,0.8523693803
Female,Montana,30,"Gallatin County",30031,734,115,849,0.8645465253
Female,Montana,30,"Garfield County",30033,.,.,.,0.8275862069
Female,Montana,30,"Glacier County",30035,86,38,124,0.6935483871
Female,Montana,30,"Golden Valley County",30037,.,.,.,0.8823529412
Female,Montana,30,"Granite County",30039,.,.,.,0.8571428571
Female,Montana,30,"Hill County",30041,270,52,322,0.8385093168
Female,Montana,30,"Jefferson County",30043,139,23,162,0.8580246914
Female,Montana,30,"Judith Basin County",30045,.,.,.,0.8139534884
Female,Montana,30,"Lake County",30047,458,83,541,0.8465804067
Female,Montana,30,"Lewis and Clark County",30049,1031,128,1159,0.8895599655
Female,Montana,30,"Liberty County",30051,.,.,.,0.9245283019
Female,Montana,30,"Lincoln County",30053,369,67,436,0.8463302752
Female,Montana,30,"McCone County",30055,.,.,.,0.875
Female,Montana,30,"Madison County",30057,155,24,179,0.8659217877
Female,Montana,30,"Meagher County",30059,.,.,.,0.9069767442
Female,Montana,30,"Mineral County",30061,104,17,121,0.8595041322
Female,Montana,30,"Missoula County",30063,1539,219,1758,0.8754266212
Female,Montana,30,"Musselshell County",30065,97,17,114,0.850877193
Female,Montana,30,"Park County",30067,237,42,279,0.8494623656
Female,Montana,30,"Petroleum County",30069,.,.,.,0.9
Female,Montana,30,"Phillips County",30071,.,.,.,0.9014084507
Female,Montana,30,"Pondera County",30073,108,26,134,0.8059701493
Female,Montana,30,"Powder River County",30075,.,.,.,0.962962963
Female,Montana,30,"Powell County",30077,111,22,133,0.8345864662
Female,Montana,30,"Prairie County",30079,.,.,.,0.8235294118
Female,Montana,30,"Ravalli County",30081,733,115,848,0.8643867925
Female,Montana,30,"Richland County",30083,266,39,305,0.8721311475
Female,Montana,30,"Roosevelt County",30085,117,38,155,0.7548387097
Female,Montana,30,"Rosebud County",30087,100,26,126,0.7936507937
Female,Montana,30,"Sanders County",30089,279,49,328,0.8506097561
Female,Montana,30,"Sheridan County",30091,85,16,101,0.8415841584
Female,Montana,30,"Silver Bow County",30093,521,93,614,0.848534202
Female,Montana,30,"Stillwater County",30095,128,17,145,0.8827586207
Female,Montana,30,"Sweet Grass County",30097,.,.,.,0.8795180723
Female,Montana,30,"Teton County",30099,.,.,.,0.9405940594
Female,Montana,30,"Toole County",30101,77,24,101,0.7623762376
Female,Montana,30,"Treasure County",30103,.,.,.,0.9375
Female,Montana,30,"Valley County",30105,133,28,161,0.8260869565
Female,Montana,30,"Wheatland County",30107,.,.,.,0.8857142857
Female,Montana,30,"Wibaux County",30109,.,.,.,0.8409090909
Female,Montana,30,"Yellowstone County",30111,2182,325,2507,0.8703629836
Female,Montana,30,,30999,.,.,.,0.9
Female,Nebraska,31,"Adams County",31001,884,128,1012,0.8735177866
Female,Nebraska,31,"Antelope County",31003,290,39,329,0.8814589666
Female,Nebraska,31,"Arthur County",31005,.,.,.,0.8333333333
Female,Nebraska,31,"Banner County",31007,.,.,.,0.9
Female,Nebraska,31,"Blaine County",31009,.,.,.,0.9230769231
Female,Nebraska,31,"Boone County",31011,210,26,236,0.8898305085
Female,Nebraska,31,"Box Butte County",31013,250,46,296,0.8445945946
Female,Nebraska,31,"Boyd County",31015,.,.,.,0.8915662651
Female,Nebraska,31,"Brown County",31017,116,17,133,0.8721804511
Female,Nebraska,31,"Buffalo County",31019,990,141,1131,0.875331565
Female,Nebraska,31,"Burt County",31021,204,30,234,0.8717948718
Female,Nebraska,31,"Butler County",31023,215,29,244,0.881147541
Female,Nebraska,31,"Cass County",31025,438,61,499,0.877755511
Female,Nebraska,31,"Cedar County",31027,236,24,260,0.9076923077
Female,Nebraska,31,"Chase County",31029,.,.,.,0.9417475728
Female,Nebraska,31,"Cherry County",31031,159,19,178,0.893258427
Female,Nebraska,31,"Cheyenne County",31033,204,48,252,0.8095238095
Female,Nebraska,31,"Clay County",31035,197,28,225,0.8755555556
Female,Nebraska,31,"Colfax County",31037,195,34,229,0.8515283843
Female,Nebraska,31,"Cuming County",31039,249,23,272,0.9154411765
Female,Nebraska,31,"Custer County",31041,356,58,414,0.8599033816
Female,Nebraska,31,"Dakota County",31043,292,45,337,0.8664688427
Female,Nebraska,31,"Dawes County",31045,158,17,175,0.9028571429
Female,Nebraska,31,"Dawson County",31047,472,70,542,0.8708487085
Female,Nebraska,31,"Deuel County",31049,.,.,.,0.8870967742
Female,Nebraska,31,"Dixon County",31051,.,.,.,0.928057554
Female,Nebraska,31,"Dodge County",31053,888,144,1032,0.8604651163
Female,Nebraska,31,"Douglas County",31055,7532,1112,8644,0.8713558538
Female,Nebraska,31,"Dundy County",31057,.,.,.,0.8888888889
Female,Nebraska,31,"Fillmore County",31059,183,34,217,0.8433179724
Female,Nebraska,31,"Franklin County",31061,115,20,135,0.8518518519
Female,Nebraska,31,"Frontier County",31063,.,.,.,0.9315068493
Female,Nebraska,31,"Furnas County",31065,179,26,205,0.8731707317
Female,Nebraska,31,"Gage County",31067,664,92,756,0.8783068783
Female,Nebraska,31,"Garden County",31069,61,15,76,0.8026315789
Female,Nebraska,31,"Garfield County",31071,.,.,.,0.875
Female,Nebraska,31,"Gosper County",31073,.,.,.,0.8507462687
Female,Nebraska,31,"Grant County",31075,.,.,.,0.8823529412
Female,Nebraska,31,"Greeley County",31077,81,11,92,0.8804347826
Female,Nebraska,31,"Hall County",31079,1183,202,1385,0.8541516245
Female,Nebraska,31,"Hamilton County",31081,279,44,323,0.8637770898
Female,Nebraska,31,"Harlan County",31083,103,15,118,0.8728813559
Female,Nebraska,31,"Hayes County",31085,.,.,.,0.8571428571
Female,Nebraska,31,"Hitchcock County",31087,85,18,103,0.8252427184
Female,Nebraska,31,"Holt County",31089,386,62,448,0.8616071429
Female,Nebraska,31,"Hooker County",31091,.,.,.,0.7777777778
Female,Nebraska,31,"Howard County",31093,166,20,186,0.8924731183
Female,Nebraska,31,"Jefferson County",31095,233,39,272,0.8566176471
Female,Nebraska,31,"Johnson County",31097,.,.,.,0.9259259259
Female,Nebraska,31,"Kearney County",31099,166,21,187,0.8877005348
Female,Nebraska,31,"Keith County",31101,244,28,272,0.8970588235
Female,Nebraska,31,"Keya Paha County",31103,.,.,.,0.7714285714
Female,Nebraska,31,"Kimball County",31105,104,20,124,0.8387096774
Female,Nebraska,31,"Knox County",31107,292,26,318,0.9182389937
Female,Nebraska,31,"Lancaster County",31109,5411,756,6167,0.8774120318
Female,Nebraska,31,"Lincoln County",31111,850,217,1067,0.7966260544
Female,Nebraska,31,"Logan County",31113,.,.,.,0.6666666667
Female,Nebraska,31,"Loup County",31115,.,.,.,0.8947368421
Female,Nebraska,31,"McPherson County",31117,.,0,.,1
Female,Nebraska,31,"Madison County",31119,820,117,937,0.8751334045
Female,Nebraska,31,"Merrick County",31121,215,32,247,0.8704453441
Female,Nebraska,31,"Morrill County",31123,69,15,84,0.8214285714
Female,Nebraska,31,"Nance County",31125,115,16,131,0.8778625954
Female,Nebraska,31,"Nemaha County",31127,202,22,224,0.9017857143
Female,Nebraska,31,"Nuckolls County",31129,160,20,180,0.8888888889
Female,Nebraska,31,"Otoe County",31131,389,57,446,0.8721973094
Female,Nebraska,31,"Pawnee County",31133,86,16,102,0.8431372549
Female,Nebraska,31,"Perkins County",31135,92,12,104,0.8846153846
Female,Nebraska,31,"Phelps County",31137,305,46,351,0.8689458689
Female,Nebraska,31,"Pierce County",31139,209,32,241,0.867219917
Female,Nebraska,31,"Platte County",31141,1017,101,1118,0.9096601073
Female,Nebraska,31,"Polk County",31143,182,24,206,0.8834951456
Female,Nebraska,31,"Red Willow County",31145,324,34,358,0.905027933
Female,Nebraska,31,"Richardson County",31147,319,58,377,0.8461538462
Female,Nebraska,31,"Rock County",31149,.,.,.,0.9032258065
Female,Nebraska,31,"Saline County",31151,294,49,343,0.8571428571
Female,Nebraska,31,"Sarpy County",31153,2039,299,2338,0.872112917
Female,Nebraska,31,"Saunders County",31155,448,64,512,0.875
Female,Nebraska,31,"Scotts Bluff County",31157,807,158,965,0.8362694301
Female,Nebraska,31,"Seward County",31159,412,52,464,0.8879310345
Female,Nebraska,31,"Sheridan County",31161,143,26,169,0.8461538462
Female,Nebraska,31,"Sherman County",31163,93,17,110,0.8454545455
Female,Nebraska,31,"Sioux County",31165,.,.,.,0.8421052632
Female,Nebraska,31,"Stanton County",31167,121,19,140,0.8642857143
Female,Nebraska,31,"Thayer County",31169,192,28,220,0.8727272727
Female,Nebraska,31,"Thomas County",31171,.,.,.,0.7666666667
Female,Nebraska,31,"Thurston County",31173,79,26,105,0.7523809524
Female,Nebraska,31,"Valley County",31175,126,22,148,0.8513513514
Female,Nebraska,31,"Washington County",31177,439,52,491,0.8940936864
Female,Nebraska,31,"Wayne County",31179,175,16,191,0.9162303665
Female,Nebraska,31,"Webster County",31181,133,30,163,0.8159509202
Female,Nebraska,31,"Wheeler County",31183,.,.,.,0.8235294118
Female,Nebraska,31,"York County",31185,417,57,474,0.8797468354
Female,Nebraska,31,,31999,.,.,.,0.8125
Female,Nevada,32,"Churchill County",32001,367,87,454,0.8083700441
Female,Nevada,32,"Clark County",32003,16956,4165,21121,0.8028028976
Female,Nevada,32,"Douglas County",32005,921,174,1095,0.8410958904
Female,Nevada,32,"Elko County",32007,305,89,394,0.7741116751
Female,Nevada,32,"Esmeralda County",32009,.,.,.,0.7692307692
Female,Nevada,32,"Eureka County",32011,.,.,.,0.7857142857
Female,Nevada,32,"Humboldt County",32013,186,38,224,0.8303571429
Female,Nevada,32,"Lander County",32015,45,13,58,0.775862069
Female,Nevada,32,"Lincoln County",32017,.,.,.,0.9042553191
Female,Nevada,32,"Lyon County",32019,798,165,963,0.8286604361
Female,Nevada,32,"Mineral County",32021,90,19,109,0.8256880734
Female,Nevada,32,"Nye County",32023,568,136,704,0.8068181818
Female,Nevada,32,"Pershing County",32027,68,14,82,0.8292682927
Female,Nevada,32,"Storey County",32029,.,.,.,0.8571428571
Female,Nevada,32,"Washoe County",32031,4015,847,4862,0.8257918552
Female,Nevada,32,"White Pine County",32033,119,27,146,0.8150684932
Female,Nevada,32,"Carson City",32510,913,187,1100,0.83
Female,Nevada,32,,32999,.,.,.,0.8421052632
Female,"New Hampshire",33,"Belknap County",33001,1481,233,1714,0.8640606768
Female,"New Hampshire",33,"Carroll County",33003,1262,173,1435,0.8794425087
Female,"New Hampshire",33,"Cheshire County",33005,1496,172,1668,0.896882494
Female,"New Hampshire",33,"Coos County",33007,914,143,1057,0.8647114475
Female,"New Hampshire",33,"Grafton County",33009,1692,239,1931,0.8762299327
Female,"New Hampshire",33,"Hillsborough County",33011,6758,924,7682,0.8797188232
Female,"New Hampshire",33,"Merrimack County",33013,3118,402,3520,0.8857954545
Female,"New Hampshire",33,"Rockingham County",33015,5572,743,6315,0.8823436263
Female,"New Hampshire",33,"Strafford County",33017,1931,348,2279,0.847301448
Female,"New Hampshire",33,"Sullivan County",33019,1057,147,1204,0.8779069767
Female,"New Hampshire",33,,33999,.,.,.,0.9230769231
Female,"New Jersey",34,"Atlantic County",34001,6026,1094,7120,0.8463483146
Female,"New Jersey",34,"Bergen County",34003,15263,2516,17779,0.8584847292
Female,"New Jersey",34,"Burlington County",34005,8017,1252,9269,0.8649260977
Female,"New Jersey",34,"Camden County",34007,8475,1508,9983,0.8489432034
Female,"New Jersey",34,"Cape May County",34009,3033,437,3470,0.8740634006
Female,"New Jersey",34,"Cumberland County",34011,2925,525,3450,0.847826087
Female,"New Jersey",34,"Essex County",34013,9274,2232,11506,0.8060142534
Female,"New Jersey",34,"Gloucester County",34015,5304,814,6118,0.8669499837
Female,"New Jersey",34,"Hudson County",34017,6842,1548,8390,0.8154946365
Female,"New Jersey",34,"Hunterdon County",34019,2280,322,2602,0.8762490392
Female,"New Jersey",34,"Mercer County",34021,6267,1132,7399,0.8470063522
Female,"New Jersey",34,"Middlesex County",34023,12740,2200,14940,0.8527443106
Female,"New Jersey",34,"Monmouth County",34025,11418,1968,13386,0.8529807261
Female,"New Jersey",34,"Morris County",34027,8366,1278,9644,0.8674823725
Female,"New Jersey",34,"Ocean County",34029,16139,2385,18524,0.8712481106
Female,"New Jersey",34,"Passaic County",34031,7682,1493,9175,0.8372752044
Female,"New Jersey",34,"Salem County",34033,1494,271,1765,0.8464589235
Female,"New Jersey",34,"Somerset County",34035,5447,821,6268,0.8690172304
Female,"New Jersey",34,"Sussex County",34037,2800,414,3214,0.8711885501
Female,"New Jersey",34,"Union County",34039,7663,1523,9186,0.8342042238
Female,"New Jersey",34,"Warren County",34041,2533,359,2892,0.8758644537
Female,"New Jersey",34,,34999,69,16,85,0.8117647059
Female,"New Mexico",35,"Bernalillo County",35001,4087,873,4960,0.8239919355
Female,"New Mexico",35,"Catron County",35003,67,11,78,0.858974359
Female,"New Mexico",35,"Chaves County",35005,1052,264,1316,0.7993920973
Female,"New Mexico",35,"Cibola County",35006,213,52,265,0.8037735849
Female,"New Mexico",35,"Colfax County",35007,162,45,207,0.7826086957
Female,"New Mexico",35,"Curry County",35009,688,145,833,0.8259303721
Female,"New Mexico",35,"DeBaca County",35011,.,.,.,0.9
Female,"New Mexico",35,"Dona Ana County",35013,2025,427,2452,0.8258564437
Female,"New Mexico",35,"Eddy County",35015,897,216,1113,0.8059299191
Female,"New Mexico",35,"Grant County",35017,405,82,487,0.8316221766
Female,"New Mexico",35,"Guadalupe County",35019,81,15,96,0.84375
Female,"New Mexico",35,"Harding County",35021,.,.,.,0.6875
Female,"New Mexico",35,"Hidalgo County",35023,69,12,81,0.8518518519
Female,"New Mexico",35,"Lea County",35025,911,248,1159,0.7860224331
Female,"New Mexico",35,"Lincoln County",35027,314,65,379,0.8284960422
Female,"New Mexico",35,"Los Alamos County",35028,62,13,75,0.8266666667
Female,"New Mexico",35,"Luna County",35029,400,81,481,0.8316008316
Female,"New Mexico",35,"McKinley County",35031,274,110,384,0.7135416667
Female,"New Mexico",35,"Mora County",35033,60,19,79,0.7594936709
Female,"New Mexico",35,"Otero County",35035,622,145,767,0.8109517601
Female,"New Mexico",35,"Quay County",35037,206,44,250,0.824
Female,"New Mexico",35,"Rio Arriba County",35039,292,71,363,0.8044077135
Female,"New Mexico",35,"Roosevelt County",35041,313,88,401,0.7805486284
Female,"New Mexico",35,"Sandoval County",35043,960,214,1174,0.8177172061
Female,"New Mexico",35,"San Juan County",35045,1271,358,1629,0.7802332719
Female,"New Mexico",35,"San Miguel County",35047,330,85,415,0.7951807229
Female,"New Mexico",35,"Santa Fe County",35049,1207,329,1536,0.7858072917
Female,"New Mexico",35,"Sierra County",35051,231,54,285,0.8105263158
Female,"New Mexico",35,"Socorro County",35053,158,52,210,0.7523809524
Female,"New Mexico",35,"Taos County",35055,336,90,426,0.7887323944
Female,"New Mexico",35,"Torrance County",35057,118,39,157,0.7515923567
Female,"New Mexico",35,"Union County",35059,81,26,107,0.7570093458
Female,"New Mexico",35,"Valencia County",35061,476,119,595,0.8
Female,"New Mexico",35,,35999,.,.,.,0.6956521739
Female,"New York",36,"Albany County",36001,3741,558,4299,0.8702023726
Female,"New York",36,"Allegany County",36003,793,125,918,0.8638344227
Female,"New York",36,"Bronx County",36005,10539,2412,12951,0.8137595552
Female,"New York",36,"Broome County",36007,3707,511,4218,0.8788525367
Female,"New York",36,"Cattaraugus County",36009,1165,173,1338,0.8707025411
Female,"New York",36,"Cayuga County",36011,1166,180,1346,0.8662704309
Female,"New York",36,"Chautauqua County",36013,2297,345,2642,0.8694171083
Female,"New York",36,"Chemung County",36015,1581,212,1793,0.8817624094
Female,"New York",36,"Chenango County",36017,872,138,1010,0.8633663366
Female,"New York",36,"Clinton County",36019,1514,279,1793,0.8443948689
Female,"New York",36,"Columbia County",36021,1118,156,1274,0.8775510204
Female,"New York",36,"Cortland County",36023,608,100,708,0.8587570621
Female,"New York",36,"Delaware County",36025,1083,155,1238,0.8747980614
Female,"New York",36,"Dutchess County",36027,5290,831,6121,0.8642378696
Female,"New York",36,"Erie County",36029,8744,1549,10293,0.8495093753
Female,"New York",36,"Essex County",36031,717,99,816,0.8786764706
Female,"New York",36,"Franklin County",36033,1025,125,1150,0.8913043478
Female,"New York",36,"Fulton County",36035,915,134,1049,0.8722592946
Female,"New York",36,"Genesee County",36037,729,102,831,0.8772563177
Female,"New York",36,"Greene County",36039,938,148,1086,0.8637200737
Female,"New York",36,"Hamilton County",36041,115,16,131,0.8778625954
Female,"New York",36,"Herkimer County",36043,1024,142,1166,0.8782161235
Female,"New York",36,"Jefferson County",36045,1607,235,1842,0.8724212812
Female,"New York",36,"Kings County",36047,30983,6779,37762,0.8204809067
Female,"New York",36,"Lewis County",36049,488,60,548,0.8905109489
Female,"New York",36,"Livingston County",36051,649,101,750,0.8653333333
Female,"New York",36,"Madison County",36053,903,124,1027,0.8792599805
Female,"New York",36,"Monroe County",36055,6003,1176,7179,0.8361888842
Female,"New York",36,"Montgomery County",36057,901,131,1032,0.8730620155
Female,"New York",36,"Nassau County",36059,23396,4000,27396,0.8539932837
Female,"New York",36,"New York County",36061,16215,3485,19700,0.8230964467
Female,"New York",36,"Niagara County",36063,2606,404,3010,0.8657807309
Female,"New York",36,"Oneida County",36065,3523,572,4095,0.8603174603
Female,"New York",36,"Onondaga County",36067,6526,1003,7529,0.8667817771
Female,"New York",36,"Ontario County",36069,1149,156,1305,0.8804597701
Female,"New York",36,"Orange County",36071,6081,1170,7251,0.8386429458
Female,"New York",36,"Orleans County",36073,593,107,700,0.8471428571
Female,"New York",36,"Oswego County",36075,1766,267,2033,0.8686669946
Female,"New York",36,"Otsego County",36077,1207,171,1378,0.8759071118
Female,"New York",36,"Putnam County",36079,1660,254,1914,0.8672936259
Female,"New York",36,"Queens County",36081,23793,4976,28769,0.8270360457
Female,"New York",36,"Rensselaer County",36083,1944,294,2238,0.8686327078
Female,"New York",36,"Richmond County",36085,5955,1010,6965,0.8549892319
Female,"New York",36,"Rockland County",36087,5108,823,5931,0.8612375653
Female,"New York",36,"St. Lawrence County",36089,2102,305,2407,0.8732862484
Female,"New York",36,"Saratoga County",36091,2959,377,3336,0.8869904077
Female,"New York",36,"Schenectady County",36093,1898,320,2218,0.8557258792
Female,"New York",36,"Schoharie County",36095,589,80,669,0.8804185351
Female,"New York",36,"Schuyler County",36097,394,44,438,0.899543379
Female,"New York",36,"Seneca County",36099,534,73,607,0.8797364086
Female,"New York",36,"Steuben County",36101,1922,273,2195,0.8756264237
Female,"New York",36,"Suffolk County",36103,30323,5010,35333,0.8582062095
Female,"New York",36,"Sullivan County",36105,1545,289,1834,0.8424209378
Female,"New York",36,"Tioga County",36107,923,135,1058,0.8724007561
Female,"New York",36,"Tompkins County",36109,1024,182,1206,0.8490878939
Female,"New York",36,"Ulster County",36111,3300,573,3873,0.8520526723
Female,"New York",36,"Warren County",36113,1006,170,1176,0.8554421769
Female,"New York",36,"Washington County",36115,869,139,1008,0.8621031746
Female,"New York",36,"Wayne County",36117,940,189,1129,0.832595217
Female,"New York",36,"Westchester County",36119,14834,2588,17422,0.8514521869
Female,"New York",36,"Wyoming County",36121,465,81,546,0.8516483516
Female,"New York",36,"Yates County",36123,292,44,336,0.869047619
Female,"New York",36,,36999,102,19,121,0.8429752066
Female,"North Carolina",37,"Alamance County",37001,2208,399,2607,0.8469505178
Female,"North Carolina",37,"Alexander County",37003,729,165,894,0.8154362416
Female,"North Carolina",37,"Alleghany County",37005,265,48,313,0.8466453674
Female,"North Carolina",37,"Anson County",37007,596,133,729,0.817558299
Female,"North Carolina",37,"Ashe County",37009,757,156,913,0.8291347207
Female,"North Carolina",37,"Avery County",37011,378,67,445,0.8494382022
Female,"North Carolina",37,"Beaufort County",37013,1324,256,1580,0.8379746835
Female,"North Carolina",37,"Bertie County",37015,652,166,818,0.7970660147
Female,"North Carolina",37,"Bladen County",37017,819,198,1017,0.8053097345
Female,"North Carolina",37,"Brunswick County",37019,3752,599,4351,0.8623304987
Female,"North Carolina",37,"Buncombe County",37021,4260,769,5029,0.847086896
Female,"North Carolina",37,"Burke County",37023,1672,310,1982,0.843592331
Female,"North Carolina",37,"Cabarrus County",37025,2584,498,3082,0.8384166126
Female,"North Carolina",37,"Caldwell County",37027,1552,316,1868,0.8308351178
Female,"North Carolina",37,"Camden County",37029,123,33,156,0.7884615385
Female,"North Carolina",37,"Carteret County",37031,1405,245,1650,0.8515151515
Female,"North Carolina",37,"Caswell County",37033,432,84,516,0.8372093023
Female,"North Carolina",37,"Catawba County",37035,2635,480,3115,0.8459069021
Female,"North Carolina",37,"Chatham County",37037,1367,218,1585,0.8624605678
Female,"North Carolina",37,"Cherokee County",37039,800,184,984,0.8130081301
Female,"North Carolina",37,"Chowan County",37041,375,84,459,0.8169934641
Female,"North Carolina",37,"Clay County",37043,290,56,346,0.838150289
Female,"North Carolina",37,"Cleveland County",37045,2367,454,2821,0.8390641616
Female,"North Carolina",37,"Columbus County",37047,1429,410,1839,0.7770527461
Female,"North Carolina",37,"Craven County",37049,1890,419,2309,0.8185361628
Female,"North Carolina",37,"Cumberland County",37051,3438,908,4346,0.7910722503
Female,"North Carolina",37,"Currituck County",37053,366,67,433,0.8452655889
Female,"North Carolina",37,"Dare County",37055,712,110,822,0.8661800487
Female,"North Carolina",37,"Davidson County",37057,2384,500,2884,0.826629681
Female,"North Carolina",37,"Davie County",37059,636,118,754,0.8435013263
Female,"North Carolina",37,"Duplin County",37061,1228,265,1493,0.8225050234
Female,"North Carolina",37,"Durham County",37063,3520,719,4239,0.8303845247
Female,"North Carolina",37,"Edgecombe County",37065,1400,351,1751,0.7995431182
Female,"North Carolina",37,"Forsyth County",37067,4167,814,4981,0.8365790002
Female,"North Carolina",37,"Franklin County",37069,1074,250,1324,0.8111782477
Female,"North Carolina",37,"Gaston County",37071,3587,729,4316,0.8310936052
Female,"North Carolina",37,"Gates County",37073,210,45,255,0.8235294118
Female,"North Carolina",37,"Graham County",37075,217,50,267,0.8127340824
Female,"North Carolina",37,"Granville County",37077,1155,212,1367,0.8449158742
Female,"North Carolina",37,"Greene County",37079,382,103,485,0.787628866
Female,"North Carolina",37,"Guilford County",37081,5964,1174,7138,0.8355281591
Female,"North Carolina",37,"Halifax County",37083,1501,373,1874,0.8009605123
Female,"North Carolina",37,"Harnett County",37085,1933,489,2422,0.7981007432
Female,"North Carolina",37,"Haywood County",37087,1483,264,1747,0.8488838008
Female,"North Carolina",37,"Henderson County",37089,2429,432,2861,0.8490038448
Female,"North Carolina",37,"Hertford County",37091,556,147,703,0.7908961593
Female,"North Carolina",37,"Hoke County",37093,499,150,649,0.7688751926
Female,"North Carolina",37,"Hyde County",37095,112,21,133,0.8421052632
Female,"North Carolina",37,"Iredell County",37097,2692,551,3243,0.8300955905
Female,"North Carolina",37,"Jackson County",37099,667,142,809,0.8244746601
Female,"North Carolina",37,"Johnston County",37101,3371,791,4162,0.8099471408
Female,"North Carolina",37,"Jones County",37103,265,53,318,0.8333333333
Female,"North Carolina",37,"Lee County",37105,1220,235,1455,0.8384879725
Female,"North Carolina",37,"Lenoir County",37107,1530,452,1982,0.7719475277
Female,"North Carolina",37,"Lincoln County",37109,1643,304,1947,0.8438623523
Female,"North Carolina",37,"McDowell County",37111,1026,223,1249,0.8214571657
Female,"North Carolina",37,"Macon County",37113,1047,204,1251,0.8369304556
Female,"North Carolina",37,"Madison County",37115,463,82,545,0.8495412844
Female,"North Carolina",37,"Martin County",37117,719,193,912,0.788377193
Female,"North Carolina",37,"Mecklenburg County",37119,9967,1988,11955,0.8337097449
Female,"North Carolina",37,"Mitchell County",37121,373,62,435,0.8574712644
Female,"North Carolina",37,"Montgomery County",37123,597,99,696,0.8577586207
Female,"North Carolina",37,"Moore County",37125,1962,414,2376,0.8257575758
Female,"North Carolina",37,"Nash County",37127,2273,478,2751,0.8262450018
Female,"North Carolina",37,"New Hanover County",37129,3824,732,4556,0.839332748
Female,"North Carolina",37,"Northampton County",37131,589,146,735,0.8013605442
Female,"North Carolina",37,"Onslow County",37133,1812,380,2192,0.8266423358
Female,"North Carolina",37,"Orange County",37135,1430,235,1665,0.8588588589
Female,"North Carolina",37,"Pamlico County",37137,354,71,425,0.8329411765
Female,"North Carolina",37,"Pasquotank County",37139,794,183,977,0.812691914
Female,"North Carolina",37,"Pender County",37141,1115,238,1353,0.8240946046
Female,"North Carolina",37,"Perquimans County",37143,325,82,407,0.7985257985
Female,"North Carolina",37,"Person County",37145,858,173,1031,0.8322017459
Female,"North Carolina",37,"Pitt County",37147,2785,689,3474,0.8016695452
Female,"North Carolina",37,"Polk County",37149,485,89,574,0.8449477352
Female,"North Carolina",37,"Randolph County",37151,2091,396,2487,0.8407720145
Female,"North Carolina",37,"Richmond County",37153,1046,242,1288,0.8121118012
Female,"North Carolina",37,"Robeson County",37155,2653,746,3399,0.7805236834
Female,"North Carolina",37,"Rockingham County",37157,1561,322,1883,0.8289962825
Female,"North Carolina",37,"Rowan County",37159,2189,453,2642,0.8285389856
Female,"North Carolina",37,"Rutherford County",37161,1600,350,1950,0.8205128205
Female,"North Carolina",37,"Sampson County",37163,1426,301,1727,0.8257093225
Female,"North Carolina",37,"Scotland County",37165,948,209,1157,0.8193604149
Female,"North Carolina",37,"Stanly County",37167,1373,260,1633,0.8407838334
Female,"North Carolina",37,"Stokes County",37169,690,100,790,0.8734177215
Female,"North Carolina",37,"Surry County",37171,1402,247,1649,0.8502122498
Female,"North Carolina",37,"Swain County",37173,303,92,395,0.7670886076
Female,"North Carolina",37,"Transylvania County",37175,789,118,907,0.8699007718
Female,"North Carolina",37,"Tyrrell County",37177,98,12,110,0.8909090909
Female,"North Carolina",37,"Union County",37179,2769,540,3309,0.8368087035
Female,"North Carolina",37,"Vance County",37181,917,227,1144,0.8015734266
Female,"North Carolina",37,"Wake County",37183,10835,2151,12986,0.8343600801
Female,"North Carolina",37,"Warren County",37185,434,116,550,0.7890909091
Female,"North Carolina",37,"Washington County",37187,362,85,447,0.8098434004
Female,"North Carolina",37,"Watauga County",37189,711,132,843,0.8434163701
Female,"North Carolina",37,"Wayne County",37191,2182,580,2762,0.7900072411
Female,"North Carolina",37,"Wilkes County",37193,1561,307,1868,0.8356531049
Female,"North Carolina",37,"Wilson County",37195,1789,430,2219,0.8062190176
Female,"North Carolina",37,"Yadkin County",37197,596,101,697,0.8550932568
Female,"North Carolina",37,"Yancey County",37199,408,76,484,0.8429752066
Female,"North Carolina",37,,37999,118,20,138,0.8550724638
Female,"North Dakota",38,"Adams County",38001,.,.,.,0.8928571429
Female,"North Dakota",38,"Barnes County",38003,290,27,317,0.9148264984
Female,"North Dakota",38,"Benson County",38005,95,31,126,0.753968254
Female,"North Dakota",38,"Billings County",38007,.,.,.,0.9523809524
Female,"North Dakota",38,"Bottineau County",38009,167,19,186,0.8978494624
Female,"North Dakota",38,"Bowman County",38011,81,13,94,0.8617021277
Female,"North Dakota",38,"Burke County",38013,.,.,.,0.8392857143
Female,"North Dakota",38,"Burleigh County",38015,1786,195,1981,0.9015648662
Female,"North Dakota",38,"Cass County",38017,2180,244,2424,0.899339934
Female,"North Dakota",38,"Cavalier County",38019,143,12,155,0.9225806452
Female,"North Dakota",38,"Dickey County",38021,136,13,149,0.9127516779
Female,"North Dakota",38,"Divide County",38023,.,.,.,0.9298245614
Female,"North Dakota",38,"Dunn County",38025,.,.,.,0.9032258065
Female,"North Dakota",38,"Eddy County",38027,77,13,90,0.8555555556
Female,"North Dakota",38,"Emmons County",38029,105,11,116,0.9051724138
Female,"North Dakota",38,"Foster County",38031,106,14,120,0.8833333333
Female,"North Dakota",38,"Golden Valley County",38033,.,.,.,0.9333333333
Female,"North Dakota",38,"Grand Forks County",38035,1076,117,1193,0.9019279128
Female,"North Dakota",38,"Grant County",38037,.,.,.,0.8850574713
Female,"North Dakota",38,"Griggs County",38039,86,13,99,0.8686868687
Female,"North Dakota",38,"Hettinger County",38041,.,.,.,0.8684210526
Female,"North Dakota",38,"Kidder County",38043,.,.,.,0.8795180723
Female,"North Dakota",38,"LaMoure County",38045,119,12,131,0.9083969466
Female,"North Dakota",38,"Logan County",38047,.,.,.,0.9137931034
Female,"North Dakota",38,"McHenry County",38049,136,18,154,0.8831168831
Female,"North Dakota",38,"McIntosh County",38051,.,.,.,0.9378881988
Female,"North Dakota",38,"McKenzie County",38053,125,13,138,0.9057971014
Female,"North Dakota",38,"McLean County",38055,251,45,296,0.847972973
Female,"North Dakota",38,"Mercer County",38057,177,33,210,0.8428571429
Female,"North Dakota",38,"Morton County",38059,680,72,752,0.9042553191
Female,"North Dakota",38,"Mountrail County",38061,131,28,159,0.8238993711
Female,"North Dakota",38,"Nelson County",38063,103,18,121,0.8512396694
Female,"North Dakota",38,"Oliver County",38065,.,.,.,0.9047619048
Female,"North Dakota",38,"Pembina County",38067,235,23,258,0.9108527132
Female,"North Dakota",38,"Pierce County",38069,152,17,169,0.899408284
Female,"North Dakota",38,"Ramsey County",38071,347,31,378,0.917989418
Female,"North Dakota",38,"Ransom County",38073,152,17,169,0.899408284
Female,"North Dakota",38,"Renville County",38075,.,.,.,0.875
Female,"North Dakota",38,"Richland County",38077,324,32,356,0.9101123596
Female,"North Dakota",38,"Rolette County",38079,152,31,183,0.8306010929
Female,"North Dakota",38,"Sargent County",38081,107,13,120,0.8916666667
Female,"North Dakota",38,"Sheridan County",38083,.,.,.,0.9387755102
Female,"North Dakota",38,"Sioux County",38085,.,.,.,0.7272727273
Female,"North Dakota",38,"Slope County",38087,.,.,.,0.8421052632
Female,"North Dakota",38,"Stark County",38089,641,72,713,0.8990182328
Female,"North Dakota",38,"Steele County",38091,.,.,.,0.9423076923
Female,"North Dakota",38,"Stutsman County",38093,468,55,523,0.8948374761
Female,"North Dakota",38,"Towner County",38095,.,.,.,0.8915662651
Female,"North Dakota",38,"Traill County",38097,204,18,222,0.9189189189
Female,"North Dakota",38,"Walsh County",38099,316,37,353,0.895184136
Female,"North Dakota",38,"Ward County",38101,1090,161,1251,0.8713029576
Female,"North Dakota",38,"Wells County",38103,161,22,183,0.8797814208
Female,"North Dakota",38,"Williams County",38105,371,71,442,0.8393665158
Female,"North Dakota",38,,38999,.,.,.,0.6
Female,Ohio,39,"Adams County",39001,532,153,685,0.7766423358
Female,Ohio,39,"Allen County",39003,2567,427,2994,0.8573814295
Female,Ohio,39,"Ashland County",39005,989,125,1114,0.8877917415
Female,Ohio,39,"Ashtabula County",39007,2234,381,2615,0.8543021033
Female,Ohio,39,"Athens County",39009,908,163,1071,0.847805789
Female,Ohio,39,"Auglaize County",39011,1223,171,1394,0.8773314204
Female,Ohio,39,"Belmont County",39013,1141,195,1336,0.8540419162
Female,Ohio,39,"Brown County",39015,681,160,841,0.8097502973
Female,Ohio,39,"Butler County",39017,4812,949,5761,0.8352716542
Female,Ohio,39,"Carroll County",39019,449,69,518,0.8667953668
Female,Ohio,39,"Champaign County",39021,658,103,761,0.864651774
Female,Ohio,39,"Clark County",39023,1988,420,2408,0.8255813953
Female,Ohio,39,"Clermont County",39025,2542,454,2996,0.8484646195
Female,Ohio,39,"Clinton County",39027,667,124,791,0.8432364096
Female,Ohio,39,"Columbiana County",39029,1926,339,2265,0.8503311258
Female,Ohio,39,"Coshocton County",39031,956,127,1083,0.8827331487
Female,Ohio,39,"Crawford County",39033,1197,195,1392,0.8599137931
Female,Ohio,39,"Cuyahoga County",39035,20047,3579,23626,0.8485143486
Female,Ohio,39,"Darke County",39037,1060,167,1227,0.8638956805
Female,Ohio,39,"Defiance County",39039,1004,162,1166,0.8610634648
Female,Ohio,39,"Delaware County",39041,2209,323,2532,0.8724328594
Female,Ohio,39,"Erie County",39043,1797,310,2107,0.8528713811
Female,Ohio,39,"Fairfield County",39045,1994,374,2368,0.8420608108
Female,Ohio,39,"Fayette County",39047,491,101,592,0.8293918919
Female,Ohio,39,"Franklin County",39049,12308,2415,14723,0.8359709298
Female,Ohio,39,"Fulton County",39051,951,148,1099,0.8653321201
Female,Ohio,39,"Gallia County",39053,748,160,908,0.8237885463
Female,Ohio,39,"Geauga County",39055,1541,210,1751,0.8800685323
Female,Ohio,39,"Greene County",39057,1865,330,2195,0.8496583144
Female,Ohio,39,"Guernsey County",39059,962,163,1125,0.8551111111
Female,Ohio,39,"Hamilton County",39061,9416,1963,11379,0.8274892346
Female,Ohio,39,"Hancock County",39063,1376,241,1617,0.8509585652
Female,Ohio,39,"Hardin County",39065,707,130,837,0.8446833931
Female,Ohio,39,"Harrison County",39067,312,84,396,0.7878787879
Female,Ohio,39,"Henry County",39069,725,116,841,0.8620689655
Female,Ohio,39,"Highland County",39071,849,160,1009,0.8414271556
Female,Ohio,39,"Hocking County",39073,616,99,715,0.8615384615
Female,Ohio,39,"Holmes County",39075,351,49,400,0.8775
Female,Ohio,39,"Huron County",39077,1348,226,1574,0.8564167726
Female,Ohio,39,"Jackson County",39079,759,156,915,0.8295081967
Female,Ohio,39,"Jefferson County",39081,1583,344,1927,0.8214841723
Female,Ohio,39,"Knox County",39083,1099,194,1293,0.8499613302
Female,Ohio,39,"Lake County",39085,4404,664,5068,0.8689818469
Female,Ohio,39,"Lawrence County",39087,1561,326,1887,0.8272390037
Female,Ohio,39,"Licking County",39089,2562,379,2941,0.8711322679
Female,Ohio,39,"Logan County",39091,1043,158,1201,0.8684429642
Female,Ohio,39,"Lorain County",39093,6233,1080,7313,0.8523177902
Female,Ohio,39,"Lucas County",39095,7402,1549,8951,0.8269467099
Female,Ohio,39,"Madison County",39097,587,129,716,0.8198324022
Female,Ohio,39,"Mahoning County",39099,4131,698,4829,0.8554566163
Female,Ohio,39,"Marion County",39101,1331,250,1581,0.8418722328
Female,Ohio,39,"Medina County",39103,2851,380,3231,0.8823893531
Female,Ohio,39,"Meigs County",39105,566,101,667,0.8485757121
Female,Ohio,39,"Mercer County",39107,1030,132,1162,0.8864027539
Female,Ohio,39,"Miami County",39109,1767,303,2070,0.8536231884
Female,Ohio,39,"Monroe County",39111,307,48,355,0.8647887324
Female,Ohio,39,"Montgomery County",39113,6880,1505,8385,0.8205128205
Female,Ohio,39,"Morgan County",39115,299,62,361,0.8282548476
Female,Ohio,39,"Morrow County",39117,650,93,743,0.8748317631
Female,Ohio,39,"Muskingum County",39119,2190,396,2586,0.8468677494
Female,Ohio,39,"Noble County",39121,296,38,334,0.8862275449
Female,Ohio,39,"Ottawa County",39123,1043,174,1217,0.8570254725
Female,Ohio,39,"Paulding County",39125,484,60,544,0.8897058824
Female,Ohio,39,"Perry County",39127,713,131,844,0.8447867299
Female,Ohio,39,"Pickaway County",39129,817,151,968,0.8440082645
Female,Ohio,39,"Pike County",39131,601,124,725,0.8289655172
Female,Ohio,39,"Portage County",39133,2159,334,2493,0.8660248696
Female,Ohio,39,"Preble County",39135,784,116,900,0.8711111111
Female,Ohio,39,"Putnam County",39137,885,139,1024,0.8642578125
Female,Ohio,39,"Richland County",39139,2991,506,3497,0.8553045468
Female,Ohio,39,"Ross County",39141,1373,281,1654,0.8301088271
Female,Ohio,39,"Sandusky County",39143,1431,223,1654,0.8651753325
Female,Ohio,39,"Scioto County",39145,2048,516,2564,0.7987519501
Female,Ohio,39,"Seneca County",39147,1373,206,1579,0.8695376821
Female,Ohio,39,"Shelby County",39149,952,167,1119,0.8507596068
Female,Ohio,39,"Stark County",39151,5554,901,6455,0.8604182804
Female,Ohio,39,"Summit County",39153,7375,1173,8548,0.8627749181
Female,Ohio,39,"Trumbull County",39155,4115,700,4815,0.8546209761
Female,Ohio,39,"Tuscarawas County",39157,1610,244,1854,0.8683926645
Female,Ohio,39,"Union County",39159,785,110,895,0.8770949721
Female,Ohio,39,"Van Wert County",39161,738,94,832,0.8870192308
Female,Ohio,39,"Vinton County",39163,266,54,320,0.83125
Female,Ohio,39,"Warren County",39165,2589,501,3090,0.8378640777
Female,Ohio,39,"Washington County",39167,1595,249,1844,0.864967462
Female,Ohio,39,"Wayne County",39169,1969,268,2237,0.880196692
Female,Ohio,39,"Williams County",39171,880,145,1025,0.8585365854
Female,Ohio,39,"Wood County",39173,2104,344,2448,0.8594771242
Female,Ohio,39,"Wyandot County",39175,565,87,652,0.8665644172
Female,Ohio,39,,39999,118,25,143,0.8251748252
Female,Oklahoma,40,"Adair County",40001,284,76,360,0.7888888889
Female,Oklahoma,40,"Alfalfa County",40003,115,36,151,0.761589404
Female,Oklahoma,40,"Atoka County",40005,293,79,372,0.7876344086
Female,Oklahoma,40,"Beaver County",40007,87,28,115,0.7565217391
Female,Oklahoma,40,"Beckham County",40009,387,75,462,0.8376623377
Female,Oklahoma,40,"Blaine County",40011,203,46,249,0.8152610442
Female,Oklahoma,40,"Bryan County",40013,886,260,1146,0.7731239092
Female,Oklahoma,40,"Caddo County",40015,465,125,590,0.7881355932
Female,Oklahoma,40,"Canadian County",40017,1576,305,1881,0.8378522063
Female,Oklahoma,40,"Carter County",40019,1120,287,1407,0.7960199005
Female,Oklahoma,40,"Cherokee County",40021,712,203,915,0.7781420765
Female,Oklahoma,40,"Choctaw County",40023,354,136,490,0.7224489796
Female,Oklahoma,40,"Cimarron County",40025,.,.,.,0.8769230769
Female,Oklahoma,40,"Cleveland County",40027,3366,703,4069,0.8272302777
Female,Oklahoma,40,"Coal County",40029,109,28,137,0.795620438
Female,Oklahoma,40,"Comanche County",40031,1191,328,1519,0.7840684661
Female,Oklahoma,40,"Cotton County",40033,103,32,135,0.762962963
Female,Oklahoma,40,"Craig County",40035,277,78,355,0.7802816901
Female,Oklahoma,40,"Creek County",40037,1170,283,1453,0.8052305575
Female,Oklahoma,40,"Custer County",40039,426,101,527,0.8083491461
Female,Oklahoma,40,"Delaware County",40041,921,237,1158,0.7953367876
Female,Oklahoma,40,"Dewey County",40043,119,25,144,0.8263888889
Female,Oklahoma,40,"Ellis County",40045,94,25,119,0.7899159664
Female,Oklahoma,40,"Garfield County",40047,1232,326,1558,0.7907573813
Female,Oklahoma,40,"Garvin County",40049,584,148,732,0.7978142077
Female,Oklahoma,40,"Grady County",40051,912,182,1094,0.8336380256
Female,Oklahoma,40,"Grant County",40053,116,27,143,0.8111888112
Female,Oklahoma,40,"Greer County",40055,117,24,141,0.829787234
Female,Oklahoma,40,"Harmon County",40057,89,20,109,0.8165137615
Female,Oklahoma,40,"Harper County",40059,99,19,118,0.8389830508
Female,Oklahoma,40,"Haskell County",40061,284,62,346,0.8208092486
Female,Oklahoma,40,"Hughes County",40063,233,71,304,0.7664473684
Female,Oklahoma,40,"Jackson County",40065,329,82,411,0.800486618
Female,Oklahoma,40,"Jefferson County",40067,151,34,185,0.8162162162
Female,Oklahoma,40,"Johnston County",40069,214,61,275,0.7781818182
Female,Oklahoma,40,"Kay County",40071,1024,233,1257,0.814638027
Female,Oklahoma,40,"Kingfisher County",40073,307,64,371,0.8274932615
Female,Oklahoma,40,"Kiowa County",40075,203,68,271,0.7490774908
Female,Oklahoma,40,"Latimer County",40077,258,71,329,0.7841945289
Female,Oklahoma,40,"Le Flore County",40079,1115,273,1388,0.803314121
Female,Oklahoma,40,"Lincoln County",40081,556,123,679,0.8188512518
Female,Oklahoma,40,"Logan County",40083,609,120,729,0.8353909465
Female,Oklahoma,40,"Love County",40085,227,58,285,0.7964912281
Female,Oklahoma,40,"McClain County",40087,634,168,802,0.7905236908
Female,Oklahoma,40,"McCurtain County",40089,739,277,1016,0.7273622047
Female,Oklahoma,40,"McIntosh County",40091,472,127,599,0.7879799666
Female,Oklahoma,40,"Major County",40093,184,46,230,0.8
Female,Oklahoma,40,"Marshall County",40095,326,98,424,0.7688679245
Female,Oklahoma,40,"Mayes County",40097,753,193,946,0.7959830867
Female,Oklahoma,40,"Murray County",40099,321,72,393,0.8167938931
Female,Oklahoma,40,"Muskogee County",40101,1350,378,1728,0.78125
Female,Oklahoma,40,"Noble County",40103,279,57,336,0.8303571429
Female,Oklahoma,40,"Nowata County",40105,187,47,234,0.7991452991
Female,Oklahoma,40,"Okfuskee County",40107,242,58,300,0.8066666667
Female,Oklahoma,40,"Oklahoma County",40109,9090,2207,11297,0.8046383996
Female,Oklahoma,40,"Okmulgee County",40111,777,219,996,0.7801204819
Female,Oklahoma,40,"Osage County",40113,819,197,1016,0.8061023622
Female,Oklahoma,40,"Ottawa County",40115,699,183,882,0.7925170068
Female,Oklahoma,40,"Pawnee County",40117,326,81,407,0.800982801
Female,Oklahoma,40,"Payne County",40119,1358,298,1656,0.8200483092
Female,Oklahoma,40,"Pittsburg County",40121,877,265,1142,0.7679509632
Female,Oklahoma,40,"Pontotoc County",40123,813,187,1000,0.813
Female,Oklahoma,40,"Pottawatomie County",40125,1138,271,1409,0.8076650106
Female,Oklahoma,40,"Pushmataha County",40127,266,91,357,0.7450980392
Female,Oklahoma,40,"Roger Mills County",40129,63,16,79,0.7974683544
Female,Oklahoma,40,"Rogers County",40131,1444,361,1805,0.8
Female,Oklahoma,40,"Seminole County",40133,438,149,587,0.7461669506
Female,Oklahoma,40,"Sequoyah County",40135,848,253,1101,0.770208901
Female,Oklahoma,40,"Stephens County",40137,1031,244,1275,0.808627451
Female,Oklahoma,40,"Texas County",40139,250,71,321,0.7788161994
Female,Oklahoma,40,"Tillman County",40141,177,47,224,0.7901785714
Female,Oklahoma,40,"Tulsa County",40143,8443,2016,10459,0.8072473468
Female,Oklahoma,40,"Wagoner County",40145,1132,274,1406,0.8051209104
Female,Oklahoma,40,"Washington County",40147,1318,240,1558,0.8459563543
Female,Oklahoma,40,"Washita County",40149,209,51,260,0.8038461538
Female,Oklahoma,40,"Woods County",40151,202,43,245,0.8244897959
Female,Oklahoma,40,"Woodward County",40153,412,104,516,0.7984496124
Female,Oklahoma,40,,40999,45,14,59,0.7627118644
Female,Oregon,41,"Baker County",41001,303,55,358,0.8463687151
Female,Oregon,41,"Benton County",41003,735,119,854,0.8606557377
Female,Oregon,41,"Clackamas County",41005,2698,416,3114,0.8664097624
Female,Oregon,41,"Clatsop County",41007,744,136,880,0.8454545455
Female,Oregon,41,"Columbia County",41009,554,86,640,0.865625
Female,Oregon,41,"Coos County",41011,1734,352,2086,0.8312559923
Female,Oregon,41,"Crook County",41013,400,76,476,0.8403361345
Female,Oregon,41,"Curry County",41015,619,129,748,0.827540107
Female,Oregon,41,"Deschutes County",41017,2129,394,2523,0.8438367023
Female,Oregon,41,"Douglas County",41019,2130,477,2607,0.8170310702
Female,Oregon,41,"Gilliam County",41021,.,.,.,0.8260869565
Female,Oregon,41,"Grant County",41023,116,18,134,0.8656716418
Female,Oregon,41,"Harney County",41025,131,22,153,0.8562091503
Female,Oregon,41,"Hood River County",41027,229,23,252,0.9087301587
Female,Oregon,41,"Jackson County",41029,3352,608,3960,0.8464646465
Female,Oregon,41,"Jefferson County",41031,268,57,325,0.8246153846
Female,Oregon,41,"Josephine County",41033,1600,301,1901,0.841662283
Female,Oregon,41,"Klamath County",41035,1079,201,1280,0.84296875
Female,Oregon,41,"Lake County",41037,160,40,200,0.8
Female,Oregon,41,"Lane County",41039,4130,805,4935,0.8368794326
Female,Oregon,41,"Lincoln County",41041,1240,217,1457,0.8510638298
Female,Oregon,41,"Linn County",41043,1469,265,1734,0.8471741638
Female,Oregon,41,"Malheur County",41045,533,102,635,0.8393700787
Female,Oregon,41,"Marion County",41047,2574,511,3085,0.8343598055
Female,Oregon,41,"Morrow County",41049,168,39,207,0.8115942029
Female,Oregon,41,"Multnomah County",41051,4197,835,5032,0.8340620032
Female,Oregon,41,"Polk County",41053,676,114,790,0.8556962025
Female,Oregon,41,"Sherman County",41055,.,.,.,0.9428571429
Female,Oregon,41,"Tillamook County",41057,496,99,595,0.8336134454
Female,Oregon,41,"Umatilla County",41059,1250,248,1498,0.8344459279
Female,Oregon,41,"Union County",41061,547,83,630,0.8682539683
Female,Oregon,41,"Wallowa County",41063,171,29,200,0.855
Female,Oregon,41,"Wasco County",41065,451,70,521,0.8656429942
Female,Oregon,41,"Washington County",41067,3260,548,3808,0.856092437
Female,Oregon,41,"Wheeler County",41069,.,.,.,0.8888888889
Female,Oregon,41,"Yamhill County",41071,1001,194,1195,0.8376569038
Female,Oregon,41,,41999,.,.,.,0.6923076923
Female,Pennsylvania,42,"Adams County",42001,1870,300,2170,0.8617511521
Female,Pennsylvania,42,"Allegheny County",42003,9950,1734,11684,0.8515919206
Female,Pennsylvania,42,"Armstrong County",42005,666,115,781,0.8527528809
Female,Pennsylvania,42,"Beaver County",42007,1582,289,1871,0.8455371459
Female,Pennsylvania,42,"Bedford County",42009,777,117,894,0.8691275168
Female,Pennsylvania,42,"Berks County",42011,7508,977,8485,0.8848556276
Female,Pennsylvania,42,"Blair County",42013,1905,341,2246,0.8481745325
Female,Pennsylvania,42,"Bradford County",42015,1351,209,1560,0.866025641
Female,Pennsylvania,42,"Bucks County",42017,10409,1405,11814,0.8810733029
Female,Pennsylvania,42,"Butler County",42019,1916,295,2211,0.8665762099
Female,Pennsylvania,42,"Cambria County",42021,1574,236,1810,0.8696132597
Female,Pennsylvania,42,"Cameron County",42023,146,26,172,0.8488372093
Female,Pennsylvania,42,"Carbon County",42025,1500,231,1731,0.8665511265
Female,Pennsylvania,42,"Centre County",42027,1543,219,1762,0.8757094211
Female,Pennsylvania,42,"Chester County",42029,7609,1173,8782,0.8664313368
Female,Pennsylvania,42,"Clarion County",42031,788,113,901,0.8745837958
Female,Pennsylvania,42,"Clearfield County",42033,1612,244,1856,0.8685344828
Female,Pennsylvania,42,"Clinton County",42035,780,94,874,0.8924485126
Female,Pennsylvania,42,"Columbia County",42037,1144,140,1284,0.8909657321
Female,Pennsylvania,42,"Crawford County",42039,1893,296,2189,0.8647784376
Female,Pennsylvania,42,"Cumberland County",42041,3356,456,3812,0.8803777545
Female,Pennsylvania,42,"Dauphin County",42043,2854,520,3374,0.8458802608
Female,Pennsylvania,42,"Delaware County",42045,8215,1372,9587,0.8568895379
Female,Pennsylvania,42,"Elk County",42047,901,121,1022,0.8816046967
Female,Pennsylvania,42,"Erie County",42049,3863,605,4468,0.8645926589
Female,Pennsylvania,42,"Fayette County",42051,1923,336,2259,0.8512616202
Female,Pennsylvania,42,"Forest County",42053,134,15,149,0.8993288591
Female,Pennsylvania,42,"Franklin County",42055,3040,409,3449,0.8814149029
Female,Pennsylvania,42,"Fulton County",42057,320,56,376,0.8510638298
Female,Pennsylvania,42,"Greene County",42059,495,66,561,0.8823529412
Female,Pennsylvania,42,"Huntingdon County",42061,921,143,1064,0.8656015038
Female,Pennsylvania,42,"Indiana County",42063,750,136,886,0.8465011287
Female,Pennsylvania,42,"Jefferson County",42065,897,121,1018,0.8811394892
Female,Pennsylvania,42,"Juniata County",42067,415,53,468,0.8867521368
Female,Pennsylvania,42,"Lackawanna County",42069,4472,663,5135,0.8708860759
Female,Pennsylvania,42,"Lancaster County",42071,8636,1166,9802,0.8810446848
Female,Pennsylvania,42,"Lawrence County",42073,1068,188,1256,0.8503184713
Female,Pennsylvania,42,"Lebanon County",42075,2393,360,2753,0.8692335634
Female,Pennsylvania,42,"Lehigh County",42077,6271,843,7114,0.8815012651
Female,Pennsylvania,42,"Luzerne County",42079,7322,1178,8500,0.8614117647
Female,Pennsylvania,42,"Lycoming County",42081,2422,380,2802,0.8643825839
Female,Pennsylvania,42,"Mc Kean County",42083,1063,158,1221,0.8705978706
Female,Pennsylvania,42,"Mercer County",42085,1979,304,2283,0.8668418747
Female,Pennsylvania,42,"Mifflin County",42087,1041,155,1196,0.8704013378
Female,Pennsylvania,42,"Monroe County",42089,2830,436,3266,0.866503368
Female,Pennsylvania,42,"Montgomery County",42091,12753,1832,14585,0.8743914981
Female,Pennsylvania,42,"Montour County",42093,296,31,327,0.9051987768
Female,Pennsylvania,42,"Northampton County",42095,6528,887,7415,0.8803776129
Female,Pennsylvania,42,"Northumberland County",42097,2153,299,2452,0.8780587276
Female,Pennsylvania,42,"Perry County",42099,616,100,716,0.8603351955
Female,Pennsylvania,42,"Philadelphia County",42101,16731,3693,20424,0.8191833137
Female,Pennsylvania,42,"Pike County",42103,1396,218,1614,0.8649318463
Female,Pennsylvania,42,"Potter County",42105,418,64,482,0.867219917
Female,Pennsylvania,42,"Schuylkill County",42107,3451,520,3971,0.869050617
Female,Pennsylvania,42,"Snyder County",42109,718,106,824,0.8713592233
Female,Pennsylvania,42,"Somerset County",42111,1035,174,1209,0.8560794045
Female,Pennsylvania,42,"Sullivan County",42113,141,33,174,0.8103448276
Female,Pennsylvania,42,"Susquehanna County",42115,1026,142,1168,0.8784246575
Female,Pennsylvania,42,"Tioga County",42117,928,135,1063,0.8730009407
Female,Pennsylvania,42,"Union County",42119,752,111,863,0.8713789108
Female,Pennsylvania,42,"Venango County",42121,1060,172,1232,0.8603896104
Female,Pennsylvania,42,"Warren County",42123,1025,149,1174,0.8730834753
Female,Pennsylvania,42,"Washington County",42125,2014,300,2314,0.8703543647
Female,Pennsylvania,42,"Wayne County",42127,1383,198,1581,0.8747628083
Female,Pennsylvania,42,"Westmoreland County",42129,3716,596,4312,0.8617810761
Female,Pennsylvania,42,"Wyoming County",42131,541,83,624,0.8669871795
Female,Pennsylvania,42,"York County",42133,7125,1044,8169,0.8721997797
Female,Pennsylvania,42,,42999,84,15,99,0.8484848485
Female,"Rhode Island",44,"Bristol County",44001,655,76,731,0.8960328317
Female,"Rhode Island",44,"Kent County",44003,2540,372,2912,0.8722527473
Female,"Rhode Island",44,"Newport County",44005,1359,167,1526,0.8905635649
Female,"Rhode Island",44,"Providence County",44007,8165,1259,9424,0.8664049236
Female,"Rhode Island",44,"Washington County",44009,2120,292,2412,0.8789386401
Female,"Rhode Island",44,,44999,.,0,.,1
Female,"South Carolina",45,"Abbeville County",45001,529,112,641,0.8252730109
Female,"South Carolina",45,"Aiken County",45003,3038,683,3721,0.8164471916
Female,"South Carolina",45,"Allendale County",45005,180,60,240,0.75
Female,"South Carolina",45,"Anderson County",45007,3372,709,4081,0.8262680716
Female,"South Carolina",45,"Bamberg County",45009,322,76,398,0.8090452261
Female,"South Carolina",45,"Barnwell County",45011,436,97,533,0.818011257
Female,"South Carolina",45,"Beaufort County",45013,3463,629,4092,0.846285435
Female,"South Carolina",45,"Berkeley County",45015,2139,465,2604,0.8214285714
Female,"South Carolina",45,"Calhoun County",45017,254,81,335,0.7582089552
Female,"South Carolina",45,"Charleston County",45019,4393,963,5356,0.820201643
Female,"South Carolina",45,"Cherokee County",45021,1050,234,1284,0.8177570093
Female,"South Carolina",45,"Chester County",45023,670,174,844,0.7938388626
Female,"South Carolina",45,"Chesterfield County",45025,969,235,1204,0.8048172757
Female,"South Carolina",45,"Clarendon County",45027,748,191,939,0.7965921193
Female,"South Carolina",45,"Colleton County",45029,725,184,909,0.797579758
Female,"South Carolina",45,"Darlington County",45031,1573,369,1942,0.8099897013
Female,"South Carolina",45,"Dillon County",45033,705,209,914,0.7713347921
Female,"South Carolina",45,"Dorchester County",45035,1812,441,2253,0.8042609854
Female,"South Carolina",45,"Edgefield County",45037,449,98,547,0.8208409506
Female,"South Carolina",45,"Fairfield County",45039,425,105,530,0.8018867925
Female,"South Carolina",45,"Florence County",45041,3228,890,4118,0.7838756678
Female,"South Carolina",45,"Georgetown County",45043,1700,362,2062,0.824442289
Female,"South Carolina",45,"Greenville County",45045,7270,1467,8737,0.8320933959
Female,"South Carolina",45,"Greenwood County",45047,1439,309,1748,0.8232265446
Female,"South Carolina",45,"Hampton County",45049,370,121,491,0.7535641548
Female,"South Carolina",45,"Horry County",45051,8064,1523,9587,0.8411390425
Female,"South Carolina",45,"Jasper County",45053,475,107,582,0.8161512027
Female,"South Carolina",45,"Kershaw County",45055,1272,292,1564,0.8132992327
Female,"South Carolina",45,"Lancaster County",45057,2098,437,2535,0.8276134122
Female,"South Carolina",45,"Laurens County",45059,1470,331,1801,0.8162132149
Female,"South Carolina",45,"Lee County",45061,455,123,578,0.7871972318
Female,"South Carolina",45,"Lexington County",45063,4459,890,5349,0.8336137596
Female,"South Carolina",45,"McCormick County",45065,257,60,317,0.8107255521
Female,"South Carolina",45,"Marion County",45067,869,248,1117,0.7779767234
Female,"South Carolina",45,"Marlboro County",45069,671,192,863,0.7775202781
Female,"South Carolina",45,"Newberry County",45071,789,178,967,0.8159255429
Female,"South Carolina",45,"Oconee County",45073,1662,344,2006,0.8285144566
Female,"South Carolina",45,"Orangeburg County",45075,1613,392,2005,0.8044887781
Female,"South Carolina",45,"Pickens County",45077,1889,378,2267,0.8332598147
Female,"South Carolina",45,"Richland County",45079,4777,1167,5944,0.8036675639
Female,"South Carolina",45,"Saluda County",45081,435,95,530,0.820754717
Female,"South Carolina",45,"Spartanburg County",45083,5049,1098,6147,0.8213762811
Female,"South Carolina",45,"Sumter County",45085,1825,519,2344,0.7785836177
Female,"South Carolina",45,"Union County",45087,658,132,790,0.8329113924
Female,"South Carolina",45,"Williamsburg County",45089,804,215,1019,0.7890088322
Female,"South Carolina",45,"York County",45091,3855,749,4604,0.8373153779
Female,"South Carolina",45,,45999,.,.,.,0.880952381
Female,"South Dakota",46,"Aurora County",46003,.,.,.,0.9102564103
Female,"South Dakota",46,"Beadle County",46005,453,74,527,0.8595825427
Female,"South Dakota",46,"Bennett County",46007,.,.,.,0.9268292683
Female,"South Dakota",46,"Bon Homme County",46009,167,14,181,0.9226519337
Female,"South Dakota",46,"Brookings County",46011,489,58,547,0.8939670932
Female,"South Dakota",46,"Brown County",46013,1005,138,1143,0.8792650919
Female,"South Dakota",46,"Brule County",46015,92,11,103,0.8932038835
Female,"South Dakota",46,"Buffalo County",46017,.,.,.,0.3125
Female,"South Dakota",46,"Butte County",46019,197,21,218,0.9036697248
Female,"South Dakota",46,"Campbell County",46021,.,.,.,0.9333333333
Female,"South Dakota",46,"Charles Mix County",46023,198,33,231,0.8571428571
Female,"South Dakota",46,"Clark County",46025,.,.,.,0.9368421053
Female,"South Dakota",46,"Clay County",46027,235,23,258,0.9108527132
Female,"South Dakota",46,"Codington County",46029,551,66,617,0.8930307942
Female,"South Dakota",46,"Corson County",46031,39,16,55,0.7090909091
Female,"South Dakota",46,"Custer County",46033,170,32,202,0.8415841584
Female,"South Dakota",46,"Davison County",46035,562,64,626,0.8977635783
Female,"South Dakota",46,"Day County",46037,169,27,196,0.862244898
Female,"South Dakota",46,"Deuel County",46039,99,13,112,0.8839285714
Female,"South Dakota",46,"Dewey County",46041,47,17,64,0.734375
Female,"South Dakota",46,"Douglas County",46043,99,13,112,0.8839285714
Female,"South Dakota",46,"Edmunds County",46045,131,17,148,0.8851351351
Female,"South Dakota",46,"Fall River County",46047,138,30,168,0.8214285714
Female,"South Dakota",46,"Faulk County",46049,88,11,99,0.8888888889
Female,"South Dakota",46,"Grant County",46051,205,17,222,0.9234234234
Female,"South Dakota",46,"Gregory County",46053,129,12,141,0.914893617
Female,"South Dakota",46,"Haakon County",46055,73,11,84,0.869047619
Female,"South Dakota",46,"Hamlin County",46057,.,.,.,0.9743589744
Female,"South Dakota",46,"Hand County",46059,118,16,134,0.8805970149
Female,"South Dakota",46,"Hanson County",46061,119,18,137,0.8686131387
Female,"South Dakota",46,"Harding County",46063,.,.,.,0.9545454545
Female,"South Dakota",46,"Hughes County",46065,324,48,372,0.8709677419
Female,"South Dakota",46,"Hutchinson County",46067,274,30,304,0.9013157895
Female,"South Dakota",46,"Hyde County",46069,.,.,.,0.8863636364
Female,"South Dakota",46,"Jackson County",46071,41,12,53,0.7735849057
Female,"South Dakota",46,"Jerauld County",46073,.,.,.,0.8918918919
Female,"South Dakota",46,"Jones County",46075,.,.,.,0.9047619048
Female,"South Dakota",46,"Kingsbury County",46077,154,23,177,0.8700564972
Female,"South Dakota",46,"Lake County",46079,217,30,247,0.8785425101
Female,"South Dakota",46,"Lawrence County",46081,478,72,550,0.8690909091
Female,"South Dakota",46,"Lincoln County",46083,853,75,928,0.9191810345
Female,"South Dakota",46,"Lyman County",46085,.,.,.,0.8709677419
Female,"South Dakota",46,"McCook County",46087,.,.,.,0.9375
Female,"South Dakota",46,"McPherson County",46089,132,12,144,0.9166666667
Female,"South Dakota",46,"Marshall County",46091,114,17,131,0.8702290076
Female,"South Dakota",46,"Meade County",46093,341,44,385,0.8857142857
Female,"South Dakota",46,"Mellette County",46095,.,.,.,0.7826086957
Female,"South Dakota",46,"Miner County",46097,59,12,71,0.8309859155
Female,"South Dakota",46,"Minnehaha County",46099,3184,409,3593,0.886167548
Female,"South Dakota",46,"Moody County",46101,138,14,152,0.9078947368
Female,"South Dakota",46,,46102,24,53,77,0.3116883117
Female,"South Dakota",46,"Pennington County",46103,1765,306,2071,0.8522452921
Female,"South Dakota",46,"Perkins County",46105,82,18,100,0.82
Female,"South Dakota",46,"Potter County",46107,.,.,.,0.8961038961
Female,"South Dakota",46,"Roberts County",46109,213,27,240,0.8875
Female,"South Dakota",46,"Sanborn County",46111,.,.,.,0.8636363636
Female,"South Dakota",46,"Spink County",46115,241,24,265,0.9094339623
Female,"South Dakota",46,"Stanley County",46117,.,.,.,0.8666666667
Female,"South Dakota",46,"Sully County",46119,.,.,.,0.8888888889
Female,"South Dakota",46,"Todd County",46121,32,27,59,0.5423728814
Female,"South Dakota",46,"Tripp County",46123,179,21,200,0.895
Female,"South Dakota",46,"Turner County",46125,217,38,255,0.8509803922
Female,"South Dakota",46,"Union County",46127,372,32,404,0.9207920792
Female,"South Dakota",46,"Walworth County",46129,174,25,199,0.8743718593
Female,"South Dakota",46,"Yankton County",46135,501,65,566,0.8851590106
Female,"South Dakota",46,"Ziebach County",46137,.,.,.,0.8125
Female,"South Dakota",46,,46999,.,.,.,0.9285714286
Female,Tennessee,47,"Anderson County",47001,1227,229,1456,0.8427197802
Female,Tennessee,47,"Bedford County",47003,727,145,872,0.8337155963
Female,Tennessee,47,"Benton County",47005,440,95,535,0.8224299065
Female,Tennessee,47,"Bledsoe County",47007,277,52,329,0.8419452888
Female,Tennessee,47,"Blount County",47009,1838,371,2209,0.8320507017
Female,Tennessee,47,"Bradley County",47011,1763,305,2068,0.8525145068
Female,Tennessee,47,"Campbell County",47013,674,176,850,0.7929411765
Female,Tennessee,47,"Cannon County",47015,229,63,292,0.7842465753
Female,Tennessee,47,"Carroll County",47017,823,178,1001,0.8221778222
Female,Tennessee,47,"Carter County",47019,921,197,1118,0.8237924866
Female,Tennessee,47,"Cheatham County",47021,432,81,513,0.8421052632
Female,Tennessee,47,"Chester County",47023,340,71,411,0.8272506083
Female,Tennessee,47,"Claiborne County",47025,648,149,797,0.8130489335
Female,Tennessee,47,"Clay County",47027,247,50,297,0.8316498316
Female,Tennessee,47,"Cocke County",47029,743,178,921,0.8067318132
Female,Tennessee,47,"Coffee County",47031,1139,253,1392,0.8182471264
Female,Tennessee,47,"Crockett County",47033,335,108,443,0.7562076749
Female,Tennessee,47,"Cumberland County",47035,2218,406,2624,0.8452743902
Female,Tennessee,47,"Davidson County",47037,5796,1254,7050,0.8221276596
Female,Tennessee,47,"Decatur County",47039,295,76,371,0.795148248
Female,Tennessee,47,"DeKalb County",47041,352,63,415,0.8481927711
Female,Tennessee,47,"Dickson County",47043,730,165,895,0.8156424581
Female,Tennessee,47,"Dyer County",47045,950,229,1179,0.8057675997
Female,Tennessee,47,"Fayette County",47047,829,191,1020,0.812745098
Female,Tennessee,47,"Fentress County",47049,612,109,721,0.8488210818
Female,Tennessee,47,"Franklin County",47051,888,178,1066,0.8330206379
Female,Tennessee,47,"Gibson County",47053,1267,315,1582,0.8008849558
Female,Tennessee,47,"Giles County",47055,697,150,847,0.8229043684
Female,Tennessee,47,"Grainger County",47057,365,88,453,0.8057395143
Female,Tennessee,47,"Greene County",47059,1332,272,1604,0.8304239401
Female,Tennessee,47,"Grundy County",47061,360,60,420,0.8571428571
Female,Tennessee,47,"Hamblen County",47063,1226,238,1464,0.837431694
Female,Tennessee,47,"Hamilton County",47065,5444,1096,6540,0.8324159021
Female,Tennessee,47,"Hancock County",47067,144,38,182,0.7912087912
Female,Tennessee,47,"Hardeman County",47069,576,151,727,0.7922971114
Female,Tennessee,47,"Hardin County",47071,715,144,859,0.832363213
Female,Tennessee,47,"Hawkins County",47073,887,179,1066,0.8320825516
Female,Tennessee,47,"Haywood County",47075,414,106,520,0.7961538462
Female,Tennessee,47,"Henderson County",47077,661,146,807,0.8190830235
Female,Tennessee,47,"Henry County",47079,885,170,1055,0.8388625592
Female,Tennessee,47,"Hickman County",47081,330,59,389,0.8483290488
Female,Tennessee,47,"Houston County",47083,170,42,212,0.8018867925
Female,Tennessee,47,"Humphreys County",47085,405,78,483,0.8385093168
Female,Tennessee,47,"Jackson County",47087,303,64,367,0.825613079
Female,Tennessee,47,"Jefferson County",47089,964,183,1147,0.8404533566
Female,Tennessee,47,"Johnson County",47091,360,67,427,0.8430913349
Female,Tennessee,47,"Knox County",47093,5486,1099,6585,0.8331055429
Female,Tennessee,47,"Lake County",47095,179,44,223,0.802690583
Female,Tennessee,47,"Lauderdale County",47097,504,155,659,0.7647951442
Female,Tennessee,47,"Lawrence County",47099,1013,190,1203,0.8420615129
Female,Tennessee,47,"Lewis County",47101,236,53,289,0.8166089965
Female,Tennessee,47,"Lincoln County",47103,696,132,828,0.8405797101
Female,Tennessee,47,"Loudon County",47105,1009,173,1182,0.8536379019
Female,Tennessee,47,"McMinn County",47107,1063,231,1294,0.8214837713
Female,Tennessee,47,"McNairy County",47109,682,177,859,0.7939464494
Female,Tennessee,47,"Macon County",47111,477,140,617,0.773095624
Female,Tennessee,47,"Madison County",47113,2003,512,2515,0.7964214712
Female,Tennessee,47,"Marion County",47115,537,126,663,0.8099547511
Female,Tennessee,47,"Marshall County",47117,555,114,669,0.8295964126
Female,Tennessee,47,"Maury County",47119,1541,304,1845,0.8352303523
Female,Tennessee,47,"Meigs County",47121,245,57,302,0.8112582781
Female,Tennessee,47,"Monroe County",47123,853,181,1034,0.8249516441
Female,Tennessee,47,"Montgomery County",47125,1666,364,2030,0.8206896552
Female,Tennessee,47,"Moore County",47127,135,33,168,0.8035714286
Female,Tennessee,47,"Morgan County",47129,328,65,393,0.834605598
Female,Tennessee,47,"Obion County",47131,939,205,1144,0.8208041958
Female,Tennessee,47,"Overton County",47133,594,121,715,0.8307692308
Female,Tennessee,47,"Perry County",47135,152,38,190,0.8
Female,Tennessee,47,"Pickett County",47137,188,39,227,0.8281938326
Female,Tennessee,47,"Polk County",47139,430,93,523,0.8221797323
Female,Tennessee,47,"Putnam County",47141,1643,360,2003,0.8202695956
Female,Tennessee,47,"Rhea County",47143,663,150,813,0.815498155
Female,Tennessee,47,"Roane County",47145,1037,216,1253,0.8276137271
Female,Tennessee,47,"Robertson County",47147,989,199,1188,0.8324915825
Female,Tennessee,47,"Rutherford County",47149,2846,575,3421,0.8319204911
Female,Tennessee,47,"Scott County",47151,454,113,567,0.8007054674
Female,Tennessee,47,"Sequatchie County",47153,308,67,375,0.8213333333
Female,Tennessee,47,"Sevier County",47155,1522,261,1783,0.8536174986
Female,Tennessee,47,"Shelby County",47157,12185,3223,15408,0.7908229491
Female,Tennessee,47,"Smith County",47159,360,84,444,0.8108108108
Female,Tennessee,47,"Stewart County",47161,274,77,351,0.7806267806
Female,Tennessee,47,"Sullivan County",47163,2453,388,2841,0.8634283703
Female,Tennessee,47,"Sumner County",47165,2576,524,3100,0.8309677419
Female,Tennessee,47,"Tipton County",47167,1010,256,1266,0.7977883096
Female,Tennessee,47,"Trousdale County",47169,199,34,233,0.8540772532
Female,Tennessee,47,"Unicoi County",47171,325,67,392,0.8290816327
Female,Tennessee,47,"Union County",47173,241,55,296,0.8141891892
Female,Tennessee,47,"Van Buren County",47175,158,47,205,0.7707317073
Female,Tennessee,47,"Warren County",47177,952,188,1140,0.8350877193
Female,Tennessee,47,"Washington County",47179,1865,369,2234,0.8348254252
Female,Tennessee,47,"Wayne County",47181,390,73,463,0.8423326134
Female,Tennessee,47,"Weakley County",47183,930,166,1096,0.848540146
Female,Tennessee,47,"White County",47185,718,151,869,0.8262370541
Female,Tennessee,47,"Williamson County",47187,2209,382,2591,0.8525665766
Female,Tennessee,47,"Wilson County",47189,1907,393,2300,0.8291304348
Female,Tennessee,47,,47999,50,14,64,0.78125
Female,Texas,48,"Anderson County",48001,943,237,1180,0.7991525424
Female,Texas,48,"Andrews County",48003,206,54,260,0.7923076923
Female,Texas,48,"Angelina County",48005,1790,437,2227,0.8037718904
Female,Texas,48,"Aransas County",48007,383,81,464,0.8254310345
Female,Texas,48,"Archer County",48009,169,35,204,0.8284313725
Female,Texas,48,"Armstrong County",48011,.,.,.,0.9056603774
Female,Texas,48,"Atascosa County",48013,465,142,607,0.766062603
Female,Texas,48,"Austin County",48015,578,138,716,0.8072625698
Female,Texas,48,"Bailey County",48017,111,21,132,0.8409090909
Female,Texas,48,"Bandera County",48019,349,81,430,0.811627907
Female,Texas,48,"Bastrop County",48021,870,229,1099,0.7916287534
Female,Texas,48,"Baylor County",48023,99,30,129,0.7674418605
Female,Texas,48,"Bee County",48025,270,94,364,0.7417582418
Female,Texas,48,"Bell County",48027,2343,584,2927,0.8004783054
Female,Texas,48,"Bexar County",48029,12341,3230,15571,0.7925630981
Female,Texas,48,"Blanco County",48031,228,35,263,0.8669201521
Female,Texas,48,"Borden County",48033,.,.,.,0.76
Female,Texas,48,"Bosque County",48035,362,77,439,0.8246013667
Female,Texas,48,"Bowie County",48037,1424,399,1823,0.7811300055
Female,Texas,48,"Brazoria County",48039,4050,899,4949,0.8183471408
Female,Texas,48,"Brazos County",48041,2048,445,2493,0.8215002006
Female,Texas,48,"Brewster County",48043,122,37,159,0.7672955975
Female,Texas,48,"Briscoe County",48045,.,.,.,0.8723404255
Female,Texas,48,"Brooks County",48047,136,53,189,0.7195767196
Female,Texas,48,"Brown County",48049,835,210,1045,0.7990430622
Female,Texas,48,"Burleson County",48051,339,71,410,0.8268292683
Female,Texas,48,"Burnet County",48053,884,163,1047,0.8443170965
Female,Texas,48,"Caldwell County",48055,520,135,655,0.7938931298
Female,Texas,48,"Calhoun County",48057,346,88,434,0.797235023
Female,Texas,48,"Callahan County",48059,262,60,322,0.8136645963
Female,Texas,48,"Cameron County",48061,4253,1092,5345,0.795696913
Female,Texas,48,"Camp County",48063,203,49,252,0.8055555556
Female,Texas,48,"Carson County",48065,112,27,139,0.8057553957
Female,Texas,48,"Cass County",48067,701,177,878,0.798405467
Female,Texas,48,"Castro County",48069,105,23,128,0.8203125
Female,Texas,48,"Chambers County",48071,476,125,601,0.7920133111
Female,Texas,48,"Cherokee County",48073,956,268,1224,0.7810457516
Female,Texas,48,"Childress County",48075,125,33,158,0.7911392405
Female,Texas,48,"Clay County",48077,209,49,258,0.8100775194
Female,Texas,48,"Cochran County",48079,42,17,59,0.7118644068
Female,Texas,48,"Coke County",48081,81,23,104,0.7788461538
Female,Texas,48,"Coleman County",48083,211,44,255,0.8274509804
Female,Texas,48,"Collin County",48085,8748,1771,10519,0.8316379884
Female,Texas,48,"Collingsworth County",48087,69,22,91,0.7582417582
Female,Texas,48,"Colorado County",48089,590,111,701,0.8416547789
Female,Texas,48,"Comal County",48091,2015,379,2394,0.8416875522
Female,Texas,48,"Comanche County",48093,312,78,390,0.8
Female,Texas,48,"Concho County",48095,59,18,77,0.7662337662
Female,Texas,48,"Cooke County",48097,800,183,983,0.8138351984
Female,Texas,48,"Coryell County",48099,513,135,648,0.7916666667
Female,Texas,48,"Cottle County",48101,.,.,.,0.8
Female,Texas,48,"Crane County",48103,55,19,74,0.7432432432
Female,Texas,48,"Crockett County",48105,72,12,84,0.8571428571
Female,Texas,48,"Crosby County",48107,97,33,130,0.7461538462
Female,Texas,48,"Culberson County",48109,38,13,51,0.7450980392
Female,Texas,48,"Dallam County",48111,77,20,97,0.793814433
Female,Texas,48,"Dallas County",48113,21286,5694,26980,0.7889547813
Female,Texas,48,"Dawson County",48115,226,61,287,0.787456446
Female,Texas,48,"Deaf Smith County",48117,247,62,309,0.7993527508
Female,Texas,48,"Delta County",48119,151,25,176,0.8579545455
Female,Texas,48,"Denton County",48121,7313,1532,8845,0.8267947993
Female,Texas,48,"DeWitt County",48123,458,104,562,0.8149466192
Female,Texas,48,"Dickens County",48125,53,11,64,0.828125
Female,Texas,48,"Dimmit County",48127,156,51,207,0.7536231884
Female,Texas,48,"Donley County",48129,91,21,112,0.8125
Female,Texas,48,"Duval County",48131,188,46,234,0.8034188034
Female,Texas,48,"Eastland County",48133,407,90,497,0.8189134809
Female,Texas,48,"Ector County",48135,1623,439,2062,0.787099903
Female,Texas,48,"Edwards County",48137,.,.,.,0.8484848485
Female,Texas,48,"Ellis County",48139,2116,456,2572,0.8227060653
Female,Texas,48,"El Paso County",48141,5938,1560,7498,0.7919445185
Female,Texas,48,"Erath County",48143,574,110,684,0.8391812865
Female,Texas,48,"Falls County",48145,201,66,267,0.7528089888
Female,Texas,48,"Fannin County",48147,724,168,892,0.8116591928
Female,Texas,48,"Fayette County",48149,664,163,827,0.8029020556
Female,Texas,48,"Fisher County",48151,103,24,127,0.811023622
Female,Texas,48,"Floyd County",48153,123,32,155,0.7935483871
Female,Texas,48,"Foard County",48155,38,11,49,0.7755102041
Female,Texas,48,"Fort Bend County",48157,6364,1447,7811,0.8147484317
Female,Texas,48,"Franklin County",48159,211,54,265,0.7962264151
Female,Texas,48,"Freestone County",48161,410,102,512,0.80078125
Female,Texas,48,"Frio County",48163,211,79,290,0.7275862069
Female,Texas,48,"Gaines County",48165,185,46,231,0.8008658009
Female,Texas,48,"Galveston County",48167,4406,1161,5567,0.7914496138
Female,Texas,48,"Garza County",48169,73,23,96,0.7604166667
Female,Texas,48,"Gillespie County",48171,631,127,758,0.8324538259
Female,Texas,48,"Glasscock County",48173,.,.,.,0.75
Female,Texas,48,"Goliad County",48175,150,33,183,0.8196721311
Female,Texas,48,"Gonzales County",48177,413,98,511,0.8082191781
Female,Texas,48,"Gray County",48179,482,127,609,0.7914614122
Female,Texas,48,"Grayson County",48181,2638,684,3322,0.7940999398
Female,Texas,48,"Gregg County",48183,2317,563,2880,0.8045138889
Female,Texas,48,"Grimes County",48185,454,107,561,0.8092691622
Female,Texas,48,"Guadalupe County",48187,1630,337,1967,0.8286731063
Female,Texas,48,"Hale County",48189,510,133,643,0.7931570762
Female,Texas,48,"Hall County",48191,96,21,117,0.8205128205
Female,Texas,48,"Hamilton County",48193,178,49,227,0.7841409692
Female,Texas,48,"Hansford County",48195,94,24,118,0.7966101695
Female,Texas,48,"Hardeman County",48197,95,17,112,0.8482142857
Female,Texas,48,"Hardin County",48199,947,221,1168,0.8107876712
Female,Texas,48,"Harris County",48201,34024,8508,42532,0.7999623813
Female,Texas,48,"Harrison County",48203,1183,301,1484,0.7971698113
Female,Texas,48,"Hartley County",48205,71,13,84,0.8452380952
Female,Texas,48,"Haskell County",48207,156,39,195,0.8
Female,Texas,48,"Hays County",48209,1722,343,2065,0.8338983051
Female,Texas,48,"Hemphill County",48211,72,14,86,0.8372093023
Female,Texas,48,"Henderson County",48213,1714,421,2135,0.8028103044
Female,Texas,48,"Hidalgo County",48215,8567,2056,10623,0.8064576862
Female,Texas,48,"Hill County",48217,695,169,864,0.8043981481
Female,Texas,48,"Hockley County",48219,365,83,448,0.8147321429
Female,Texas,48,"Hood County",48221,1368,277,1645,0.8316109422
Female,Texas,48,"Hopkins County",48223,848,192,1040,0.8153846154
Female,Texas,48,"Houston County",48225,504,110,614,0.8208469055
Female,Texas,48,"Howard County",48227,445,106,551,0.8076225045
Female,Texas,48,"Hudspeth County",48229,45,18,63,0.7142857143
Female,Texas,48,"Hunt County",48231,1502,388,1890,0.7947089947
Female,Texas,48,"Hutchinson County",48233,429,111,540,0.7944444444
Female,Texas,48,"Irion County",48235,.,.,.,0.75
Female,Texas,48,"Jack County",48237,163,37,200,0.815
Female,Texas,48,"Jackson County",48239,286,62,348,0.8218390805
Female,Texas,48,"Jasper County",48241,786,225,1011,0.7774480712
Female,Texas,48,"Jeff Davis County",48243,.,.,.,0.756097561
Female,Texas,48,"Jefferson County",48245,3610,950,4560,0.7916666667
Female,Texas,48,"Jim Hogg County",48247,79,31,110,0.7181818182
Female,Texas,48,"Jim Wells County",48249,543,149,692,0.7846820809
Female,Texas,48,"Johnson County",48251,2029,490,2519,0.8054783644
Female,Texas,48,"Jones County",48253,317,97,414,0.7657004831
Female,Texas,48,"Karnes County",48255,272,64,336,0.8095238095
Female,Texas,48,"Kaufman County",48257,1524,383,1907,0.7991609858
Female,Texas,48,"Kendall County",48259,621,128,749,0.829105474
Female,Texas,48,"Kenedy County",48261,.,.,.,0.6666666667
Female,Texas,48,"Kent County",48263,.,.,.,0.7741935484
Female,Texas,48,"Kerr County",48265,1200,236,1436,0.8356545961
Female,Texas,48,"Kimble County",48267,95,27,122,0.7786885246
Female,Texas,48,"King County",48269,.,.,.,0.6666666667
Female,Texas,48,"Kinney County",48271,.,.,.,0.8732394366
Female,Texas,48,"Kleberg County",48273,223,60,283,0.7879858657
Female,Texas,48,"Knox County",48275,104,27,131,0.7938931298
Female,Texas,48,"Lamar County",48277,1287,317,1604,0.8023690773
Female,Texas,48,"Lamb County",48279,249,54,303,0.8217821782
Female,Texas,48,"Lampasas County",48281,299,57,356,0.8398876404
Female,Texas,48,"La Salle County",48283,97,33,130,0.7461538462
Female,Texas,48,"Lavaca County",48285,587,137,724,0.8107734807
Female,Texas,48,"Lee County",48287,264,70,334,0.7904191617
Female,Texas,48,"Leon County",48289,435,111,546,0.7967032967
Female,Texas,48,"Liberty County",48291,1079,301,1380,0.781884058
Female,Texas,48,"Limestone County",48293,410,139,549,0.7468123862
Female,Texas,48,"Lipscomb County",48295,59,11,70,0.8428571429
Female,Texas,48,"Live Oak County",48297,166,50,216,0.7685185185
Female,Texas,48,"Llano County",48299,581,112,693,0.8383838384
Female,Texas,48,"Loving County",48301,.,0,.,1
Female,Texas,48,"Lubbock County",48303,3751,826,4577,0.8195324448
Female,Texas,48,"Lynn County",48305,96,26,122,0.7868852459
Female,Texas,48,"McCulloch County",48307,193,62,255,0.7568627451
Female,Texas,48,"McLennan County",48309,3098,843,3941,0.7860948998
Female,Texas,48,"McMullen County",48311,.,.,.,0.7727272727
Female,Texas,48,"Madison County",48313,201,57,258,0.7790697674
Female,Texas,48,"Marion County",48315,260,66,326,0.7975460123
Female,Texas,48,"Martin County",48317,67,18,85,0.7882352941
Female,Texas,48,"Mason County",48319,129,22,151,0.8543046358
Female,Texas,48,"Matagorda County",48321,616,179,795,0.7748427673
Female,Texas,48,"Maverick County",48323,810,206,1016,0.7972440945
Female,Texas,48,"Medina County",48325,516,149,665,0.7759398496
Female,Texas,48,"Menard County",48327,57,16,73,0.7808219178
Female,Texas,48,"Midland County",48329,1610,347,1957,0.8226877874
Female,Texas,48,"Milam County",48331,389,90,479,0.8121085595
Female,Texas,48,"Mills County",48333,107,21,128,0.8359375
Female,Texas,48,"Mitchell County",48335,158,34,192,0.8229166667
Female,Texas,48,"Montague County",48337,487,99,586,0.8310580205
Female,Texas,48,"Montgomery County",48339,6339,1416,7755,0.8174081238
Female,Texas,48,"Moore County",48341,261,48,309,0.8446601942
Female,Texas,48,"Morris County",48343,307,80,387,0.7932816537
Female,Texas,48,"Motley County",48345,.,.,.,0.8974358974
Female,Texas,48,"Nacogdoches County",48347,1050,282,1332,0.7882882883
Female,Texas,48,"Navarro County",48349,890,249,1139,0.7813871817
Female,Texas,48,"Newton County",48351,279,77,356,0.7837078652
Female,Texas,48,"Nolan County",48353,297,81,378,0.7857142857
Female,Texas,48,"Nueces County",48355,2395,626,3021,0.7927838464
Female,Texas,48,"Ochiltree County",48357,131,28,159,0.8238993711
Female,Texas,48,"Oldham County",48359,.,.,.,0.9333333333
Female,Texas,48,"Orange County",48361,1356,332,1688,0.8033175355
Female,Texas,48,"Palo Pinto County",48363,544,130,674,0.8071216617
Female,Texas,48,"Panola County",48365,513,118,631,0.8129952456
Female,Texas,48,"Parker County",48367,2002,456,2458,0.8144833198
Female,Texas,48,"Parmer County",48369,169,38,207,0.8164251208
Female,Texas,48,"Pecos County",48371,172,57,229,0.7510917031
Female,Texas,48,"Polk County",48373,1379,323,1702,0.8102232667
Female,Texas,48,"Potter County",48375,1699,421,2120,0.8014150943
Female,Texas,48,"Presidio County",48377,92,31,123,0.7479674797
Female,Texas,48,"Rains County",48379,251,62,313,0.8019169329
Female,Texas,48,"Randall County",48381,2347,458,2805,0.8367201426
Female,Texas,48,"Reagan County",48383,.,.,.,0.88
Female,Texas,48,"Real County",48385,88,20,108,0.8148148148
Female,Texas,48,"Red River County",48387,374,94,468,0.7991452991
Female,Texas,48,"Reeves County",48389,183,64,247,0.7408906883
Female,Texas,48,"Refugio County",48391,136,38,174,0.7816091954
Female,Texas,48,"Roberts County",48393,.,.,.,0.84
Female,Texas,48,"Robertson County",48395,312,72,384,0.8125
Female,Texas,48,"Rockwall County",48397,1115,269,1384,0.8056358382
Female,Texas,48,"Runnels County",48399,292,70,362,0.8066298343
Female,Texas,48,"Rusk County",48401,904,225,1129,0.8007085917
Female,Texas,48,"Sabine County",48403,324,77,401,0.8079800499
Female,Texas,48,"San Augustine County",48405,229,53,282,0.8120567376
Female,Texas,48,"San Jacinto County",48407,496,119,615,0.806504065
Female,Texas,48,"San Patricio County",48409,648,153,801,0.808988764
Female,Texas,48,"San Saba County",48411,135,21,156,0.8653846154
Female,Texas,48,"Schleicher County",48413,65,20,85,0.7647058824
Female,Texas,48,"Scurry County",48415,333,59,392,0.8494897959
Female,Texas,48,"Shackelford County",48417,77,18,95,0.8105263158
Female,Texas,48,"Shelby County",48419,443,122,565,0.7840707965
Female,Texas,48,"Sherman County",48421,.,.,.,0.8541666667
Female,Texas,48,"Smith County",48423,4155,1021,5176,0.8027434312
Female,Texas,48,"Somervell County",48425,129,41,170,0.7588235294
Female,Texas,48,"Starr County",48427,1136,254,1390,0.8172661871
Female,Texas,48,"Stephens County",48429,187,45,232,0.8060344828
Female,Texas,48,"Sterling County",48431,.,.,.,0.76
Female,Texas,48,"Stonewall County",48433,.,.,.,0.9016393443
Female,Texas,48,"Sutton County",48435,68,16,84,0.8095238095
Female,Texas,48,"Swisher County",48437,144,39,183,0.7868852459
Female,Texas,48,"Tarrant County",48439,16721,4158,20879,0.8008525313
Female,Texas,48,"Taylor County",48441,2182,491,2673,0.8163112608
Female,Texas,48,"Terrell County",48443,.,.,.,0.88
Female,Texas,48,"Terry County",48445,144,45,189,0.7619047619
Female,Texas,48,"Throckmorton County",48447,43,11,54,0.7962962963
Female,Texas,48,"Titus County",48449,506,119,625,0.8096
Female,Texas,48,"Tom Green County",48451,1933,482,2415,0.8004140787
Female,Texas,48,"Travis County",48453,7761,1754,9515,0.815659485
Female,Texas,48,"Trinity County",48455,397,110,507,0.7830374753
Female,Texas,48,"Tyler County",48457,480,122,602,0.7973421927
Female,Texas,48,"Upshur County",48459,781,173,954,0.8186582809
Female,Texas,48,"Upton County",48461,.,.,.,0.8448275862
Female,Texas,48,"Uvalde County",48463,451,120,571,0.7898423818
Female,Texas,48,"Val Verde County",48465,584,169,753,0.775564409
Female,Texas,48,"Van Zandt County",48467,1126,255,1381,0.8153511948
Female,Texas,48,"Victoria County",48469,1661,388,2049,0.8106393363
Female,Texas,48,"Walker County",48471,834,234,1068,0.7808988764
Female,Texas,48,"Waller County",48473,607,144,751,0.8082556591
Female,Texas,48,"Ward County",48475,194,53,247,0.7854251012
Female,Texas,48,"Washington County",48477,849,166,1015,0.836453202
Female,Texas,48,"Webb County",48479,2020,647,2667,0.7574053243
Female,Texas,48,"Wharton County",48481,851,218,1069,0.7960710945
Female,Texas,48,"Wheeler County",48483,131,20,151,0.8675496689
Female,Texas,48,"Wichita County",48485,2197,511,2708,0.8112998523
Female,Texas,48,"Wilbarger County",48487,230,81,311,0.7395498392
Female,Texas,48,"Willacy County",48489,257,86,343,0.749271137
Female,Texas,48,"Williamson County",48491,5435,1050,6485,0.8380878951
Female,Texas,48,"Wilson County",48493,532,131,663,0.802413273
Female,Texas,48,"Winkler County",48495,95,32,127,0.7480314961
Female,Texas,48,"Wise County",48497,1018,240,1258,0.8092209857
Female,Texas,48,"Wood County",48499,1299,286,1585,0.8195583596
Female,Texas,48,"Yoakum County",48501,99,29,128,0.7734375
Female,Texas,48,"Young County",48503,451,123,574,0.7857142857
Female,Texas,48,"Zapata County",48505,182,35,217,0.8387096774
Female,Texas,48,"Zavala County",48507,147,47,194,0.7577319588
Female,Texas,48,,48999,224,75,299,0.7491638796
Female,Utah,49,"Beaver County",49001,90,15,105,0.8571428571
Female,Utah,49,"Box Elder County",49003,315,79,394,0.7994923858
Female,Utah,49,"Cache County",49005,511,103,614,0.832247557
Female,Utah,49,"Carbon County",49007,306,79,385,0.7948051948
Female,Utah,49,"Daggett County",49009,.,.,.,0.6153846154
Female,Utah,49,"Davis County",49011,1164,287,1451,0.8022053756
Female,Utah,49,"Duchesne County",49013,153,48,201,0.7611940299
Female,Utah,49,"Emery County",49015,122,30,152,0.8026315789
Female,Utah,49,"Garfield County",49017,61,11,72,0.8472222222
Female,Utah,49,"Grand County",49019,118,28,146,0.8082191781
Female,Utah,49,"Iron County",49021,526,92,618,0.8511326861
Female,Utah,49,"Juab County",49023,128,18,146,0.8767123288
Female,Utah,49,"Kane County",49025,132,29,161,0.8198757764
Female,Utah,49,"Millard County",49027,145,34,179,0.8100558659
Female,Utah,49,"Morgan County",49029,54,11,65,0.8307692308
Female,Utah,49,"Piute County",49031,.,.,.,0.8510638298
Female,Utah,49,"Rich County",49033,.,.,.,0.7727272727
Female,Utah,49,"Salt Lake County",49035,5067,1106,6173,0.8208326584
Female,Utah,49,"San Juan County",49037,92,29,121,0.7603305785
Female,Utah,49,"Sanpete County",49039,267,70,337,0.7922848665
Female,Utah,49,"Sevier County",49041,301,51,352,0.8551136364
Female,Utah,49,"Summit County",49043,162,35,197,0.8223350254
Female,Utah,49,"Tooele County",49045,287,79,366,0.7841530055
Female,Utah,49,"Uintah County",49047,243,49,292,0.8321917808
Female,Utah,49,"Utah County",49049,2255,558,2813,0.8016352648
Female,Utah,49,"Wasatch County",49051,156,29,185,0.8432432432
Female,Utah,49,"Washington County",49053,2215,452,2667,0.8305211849
Female,Utah,49,"Wayne County",49055,.,.,.,0.925
Female,Utah,49,"Weber County",49057,1047,249,1296,0.8078703704
Female,Utah,49,,49999,.,.,.,0.9
Female,Vermont,50,"Addison County",50001,657,82,739,0.8890392422
Female,Vermont,50,"Bennington County",50003,877,116,993,0.8831822759
Female,Vermont,50,"Caledonia County",50005,600,98,698,0.8595988539
Female,Vermont,50,"Chittenden County",50007,2211,328,2539,0.8708152816
Female,Vermont,50,"Essex County",50009,171,18,189,0.9047619048
Female,Vermont,50,"Franklin County",50011,887,109,996,0.890562249
Female,Vermont,50,"Grand Isle County",50013,129,21,150,0.86
Female,Vermont,50,"Lamoille County",50015,346,46,392,0.8826530612
Female,Vermont,50,"Orange County",50017,657,80,737,0.8914518318
Female,Vermont,50,"Orleans County",50019,834,110,944,0.8834745763
Female,Vermont,50,"Rutland County",50021,1486,201,1687,0.8808535862
Female,Vermont,50,"Washington County",50023,1113,157,1270,0.8763779528
Female,Vermont,50,"Windham County",50025,1065,153,1218,0.8743842365
Female,Vermont,50,"Windsor County",50027,1381,206,1587,0.8701953371
Female,Vermont,50,,50999,.,0,.,1
Female,Virginia,51,"Accomack County",51001,889,169,1058,0.8402646503
Female,Virginia,51,"Albemarle County",51003,1501,248,1749,0.8582046884
Female,Virginia,51,"Alleghany County",51005,468,95,563,0.8312611012
Female,Virginia,51,"Amelia County",51007,252,36,288,0.875
Female,Virginia,51,"Amherst County",51009,782,132,914,0.8555798687
Female,Virginia,51,"Appomattox County",51011,385,72,457,0.8424507659
Female,Virginia,51,"Arlington County",51013,1051,193,1244,0.8448553055
Female,Virginia,51,"Augusta County",51015,1708,295,2003,0.8527209186
Female,Virginia,51,"Bath County",51017,126,30,156,0.8076923077
Female,Virginia,51,"Bedford County",51019,1665,319,1984,0.8392137097
Female,Virginia,51,"Bland County",51021,180,34,214,0.8411214953
Female,Virginia,51,"Botetourt County",51023,683,129,812,0.8411330049
Female,Virginia,51,"Brunswick County",51025,442,84,526,0.8403041825
Female,Virginia,51,"Buchanan County",51027,655,165,820,0.7987804878
Female,Virginia,51,"Buckingham County",51029,346,66,412,0.8398058252
Female,Virginia,51,"Campbell County",51031,1301,248,1549,0.8398967076
Female,Virginia,51,"Caroline County",51033,517,96,613,0.8433931485
Female,Virginia,51,"Carroll County",51035,892,159,1051,0.848715509
Female,Virginia,51,"Charles City County",51036,185,21,206,0.8980582524
Female,Virginia,51,"Charlotte County",51037,350,68,418,0.8373205742
Female,Virginia,51,"Chesterfield County",51041,4414,700,5114,0.8631208447
Female,Virginia,51,"Clarke County",51043,279,60,339,0.8230088496
Female,Virginia,51,"Craig County",51045,121,16,137,0.8832116788
Female,Virginia,51,"Culpeper County",51047,748,120,868,0.8617511521
Female,Virginia,51,"Cumberland County",51049,214,28,242,0.8842975207
Female,Virginia,51,"Dickenson County",51051,468,93,561,0.8342245989
Female,Virginia,51,"Dinwiddie County",51053,559,109,668,0.8368263473
Female,Virginia,51,"Essex County",51057,289,56,345,0.8376811594
Female,Virginia,51,"Fairfax County",51059,6585,1082,7667,0.8588757011
Female,Virginia,51,"Fauquier County",51061,880,167,1047,0.8404966571
Female,Virginia,51,"Floyd County",51063,384,68,452,0.8495575221
Female,Virginia,51,"Fluvanna County",51065,488,90,578,0.8442906574
Female,Virginia,51,"Franklin County",51067,1128,243,1371,0.8227571116
Female,Virginia,51,"Frederick County",51069,1530,212,1742,0.8783008037
Female,Virginia,51,"Giles County",51071,497,98,595,0.8352941176
Female,Virginia,51,"Gloucester County",51073,670,121,791,0.8470290771
Female,Virginia,51,"Goochland County",51075,429,75,504,0.8511904762
Female,Virginia,51,"Grayson County",51077,495,89,584,0.8476027397
Female,Virginia,51,"Greene County",51079,325,47,372,0.873655914
Female,Virginia,51,"Greensville County",51081,219,53,272,0.8051470588
Female,Virginia,51,"Halifax County",51083,1207,248,1455,0.8295532646
Female,Virginia,51,"Hanover County",51085,1767,266,2033,0.8691588785
Female,Virginia,51,"Henrico County",51087,4588,816,5404,0.8490007402
Female,Virginia,51,"Henry County",51089,1592,235,1827,0.8713738369
Female,Virginia,51,"Highland County",51091,.,.,.,0.8767123288
Female,Virginia,51,"Isle of Wight County",51093,603,89,692,0.8713872832
Female,Virginia,51,"James City County",51095,1364,200,1564,0.8721227621
Female,Virginia,51,"King and Queen County",51097,160,29,189,0.8465608466
Female,Virginia,51,"King George County",51099,267,43,310,0.8612903226
Female,Virginia,51,"King William County",51101,349,60,409,0.8533007335
Female,Virginia,51,"Lancaster County",51103,377,70,447,0.8434004474
Female,Virginia,51,"Lee County",51105,559,111,670,0.8343283582
Female,Virginia,51,"Loudoun County",51107,2395,372,2767,0.8655583665
Female,Virginia,51,"Louisa County",51109,670,88,758,0.8839050132
Female,Virginia,51,"Lunenburg County",51111,320,84,404,0.7920792079
Female,Virginia,51,"Madison County",51113,263,39,302,0.8708609272
Female,Virginia,51,"Mathews County",51115,221,45,266,0.8308270677
Female,Virginia,51,"Mecklenburg County",51117,999,217,1216,0.8215460526
Female,Virginia,51,"Middlesex County",51119,306,52,358,0.8547486034
Female,Virginia,51,"Montgomery County",51121,1287,237,1524,0.844488189
Female,Virginia,51,"Nelson County",51125,366,53,419,0.8735083532
Female,Virginia,51,"New Kent County",51127,340,59,399,0.8521303258
Female,Virginia,51,"Northampton County",51131,384,81,465,0.8258064516
Female,Virginia,51,"Northumberland County",51133,344,70,414,0.8309178744
Female,Virginia,51,"Nottoway County",51135,329,89,418,0.7870813397
Female,Virginia,51,"Orange County",51137,730,114,844,0.86492891
Female,Virginia,51,"Page County",51139,614,101,715,0.8587412587
Female,Virginia,51,"Patrick County",51141,556,98,654,0.8501529052
Female,Virginia,51,"Pittsylvania County",51143,1665,308,1973,0.8438925494
Female,Virginia,51,"Powhatan County",51145,444,80,524,0.8473282443
Female,Virginia,51,"Prince Edward County",51147,436,97,533,0.818011257
Female,Virginia,51,"Prince George County",51149,450,93,543,0.8287292818
Female,Virginia,51,"Prince William County",51153,2716,507,3223,0.842693143
Female,Virginia,51,"Pulaski County",51155,1001,193,1194,0.838358459
Female,Virginia,51,"Rappahannock County",51157,145,24,169,0.8579881657
Female,Virginia,51,"Richmond County",51159,207,30,237,0.8734177215
Female,Virginia,51,"Roanoke County",51161,2058,391,2449,0.8403429971
Female,Virginia,51,"Rockbridge County",51163,553,94,647,0.8547140649
Female,Virginia,51,"Rockingham County",51165,1816,269,2085,0.8709832134
Female,Virginia,51,"Russell County",51167,781,143,924,0.8452380952
Female,Virginia,51,"Scott County",51169,472,71,543,0.8692449355
Female,Virginia,51,"Shenandoah County",51171,1044,160,1204,0.8671096346
Female,Virginia,51,"Smyth County",51173,936,165,1101,0.8501362398
Female,Virginia,51,"Southampton County",51175,434,82,516,0.8410852713
Female,Virginia,51,"Spotsylvania County",51177,1657,304,1961,0.8449770525
Female,Virginia,51,"Stafford County",51179,1186,261,1447,0.8196268141
Female,Virginia,51,"Surry County",51181,125,32,157,0.7961783439
Female,Virginia,51,"Sussex County",51183,248,66,314,0.7898089172
Female,Virginia,51,"Tazewell County",51185,1201,261,1462,0.8214774282
Female,Virginia,51,"Warren County",51187,703,127,830,0.8469879518
Female,Virginia,51,"Washington County",51191,1318,272,1590,0.8289308176
Female,Virginia,51,"Westmoreland County",51193,425,84,509,0.8349705305
Female,Virginia,51,"Wise County",51195,946,161,1107,0.854561879
Female,Virginia,51,"Wythe County",51197,821,172,993,0.8267875126
Female,Virginia,51,"York County",51199,745,115,860,0.8662790698
Female,Virginia,51,"Alexandria city",51510,915,151,1066,0.8583489681
Female,Virginia,51,"Bedford city",51515,.,0,.,1
Female,Virginia,51,"Bristol city",51520,384,85,469,0.8187633262
Female,Virginia,51,"Buena Vista city",51530,209,31,240,0.8708333333
Female,Virginia,51,"Charlottesville city",51540,493,92,585,0.8427350427
Female,Virginia,51,"Chesapeake city",51550,2497,554,3051,0.8184201901
Female,Virginia,51,"Colonial Heights city",51570,399,58,457,0.8730853392
Female,Virginia,51,"Covington city",51580,162,42,204,0.7941176471
Female,Virginia,51,"Danville city",51590,1177,364,1541,0.7637897469
Female,Virginia,51,"Emporia city",51595,166,44,210,0.7904761905
Female,Virginia,51,"Fairfax city",51600,173,29,202,0.8564356436
Female,Virginia,51,"Falls Church city",51610,100,20,120,0.8333333333
Female,Virginia,51,"Franklin city",51620,243,69,312,0.7788461538
Female,Virginia,51,"Fredericksburg city",51630,375,97,472,0.7944915254
Female,Virginia,51,"Galax city",51640,208,59,267,0.7790262172
Female,Virginia,51,"Hampton city",51650,1586,369,1955,0.8112531969
Female,Virginia,51,"Harrisonburg city",51660,536,83,619,0.8659127625
Female,Virginia,51,"Hopewell city",51670,360,101,461,0.7809110629
Female,Virginia,51,"Lexington city",51678,112,22,134,0.8358208955
Female,Virginia,51,"Lynchburg city",51680,1450,318,1768,0.8201357466
Female,Virginia,51,"Manassas city",51683,314,44,358,0.8770949721
Female,Virginia,51,"Manassas Park city",51685,97,15,112,0.8660714286
Female,Virginia,51,"Martinsville city",51690,437,101,538,0.812267658
Female,Virginia,51,"Newport News city",51700,1977,480,2457,0.8046398046
Female,Virginia,51,"Norfolk city",51710,2100,530,2630,0.7984790875
Female,Virginia,51,"Norton city",51720,147,18,165,0.8909090909
Female,Virginia,51,"Petersburg city",51730,634,221,855,0.7415204678
Female,Virginia,51,"Poquoson city",51735,161,23,184,0.875
Female,Virginia,51,"Portsmouth city",51740,1207,306,1513,0.797752809
Female,Virginia,51,"Radford city",51750,198,56,254,0.7795275591
Female,Virginia,51,"Richmond city",51760,2553,622,3175,0.8040944882
Female,Virginia,51,"Roanoke city",51770,1756,398,2154,0.8152274838
Female,Virginia,51,"Salem city",51775,548,118,666,0.8228228228
Female,Virginia,51,"Staunton city",51790,637,113,750,0.8493333333
Female,Virginia,51,"Suffolk city",51800,1263,290,1553,0.8132646491
Female,Virginia,51,"Virginia Beach city",51810,4462,828,5290,0.8434782609
Female,Virginia,51,"Waynesboro city",51820,488,95,583,0.8370497427
Female,Virginia,51,"Williamsburg city",51830,192,33,225,0.8533333333
Female,Virginia,51,"Winchester city",51840,529,95,624,0.8477564103
Female,Virginia,51,,51867,.,.,.,0.5
Female,Virginia,51,,51999,51,19,70,0.7285714286
Female,Washington,53,"Adams County",53001,140,52,192,0.7291666667
Female,Washington,53,"Asotin County",53003,448,85,533,0.8405253283
Female,Washington,53,"Benton County",53005,2990,513,3503,0.8535540965
Female,Washington,53,"Chelan County",53007,1005,138,1143,0.8792650919
Female,Washington,53,"Clallam County",53009,1838,318,2156,0.8525046382
Female,Washington,53,"Clark County",53011,3562,602,4164,0.8554274736
Female,Washington,53,"Columbia County",53013,91,18,109,0.8348623853
Female,Washington,53,"Cowlitz County",53015,1366,235,1601,0.8532167395
Female,Washington,53,"Douglas County",53017,502,82,584,0.8595890411
Female,Washington,53,"Ferry County",53019,104,27,131,0.7938931298
Female,Washington,53,"Franklin County",53021,853,145,998,0.8547094188
Female,Washington,53,"Garfield County",53023,50,13,63,0.7936507937
Female,Washington,53,"Grant County",53025,1163,222,1385,0.8397111913
Female,Washington,53,"Grays Harbor County",53027,1577,318,1895,0.8321899736
Female,Washington,53,"Island County",53029,1077,170,1247,0.8636728148
Female,Washington,53,"Jefferson County",53031,773,133,906,0.853200883
Female,Washington,53,"King County",53033,16127,2628,18755,0.859877366
Female,Washington,53,"Kitsap County",53035,2509,403,2912,0.8616071429
Female,Washington,53,"Kittitas County",53037,514,92,606,0.8481848185
Female,Washington,53,"Klickitat County",53039,425,64,489,0.8691206544
Female,Washington,53,"Lewis County",53041,1195,223,1418,0.8427362482
Female,Washington,53,"Lincoln County",53043,199,44,243,0.8189300412
Female,Washington,53,"Mason County",53045,979,164,1143,0.8565179353
Female,Washington,53,"Okanogan County",53047,530,112,642,0.8255451713
Female,Washington,53,"Pacific County",53049,722,135,857,0.8424737456
Female,Washington,53,"Pend Oreille County",53051,250,34,284,0.8802816901
Female,Washington,53,"Pierce County",53053,8011,1564,9575,0.8366579634
Female,Washington,53,"San Juan County",53055,303,56,359,0.8440111421
Female,Washington,53,"Skagit County",53057,1991,320,2311,0.8615318044
Female,Washington,53,"Skamania County",53059,173,25,198,0.8737373737
Female,Washington,53,"Snohomish County",53061,6332,1025,7357,0.8606769063
Female,Washington,53,"Spokane County",53063,4773,982,5755,0.8293657689
Female,Washington,53,"Stevens County",53065,722,146,868,0.831797235
Female,Washington,53,"Thurston County",53067,2295,447,2742,0.8369803063
Female,Washington,53,"Wahkiakum County",53069,98,21,119,0.8235294118
Female,Washington,53,"Walla Walla County",53071,951,172,1123,0.8468388246
Female,Washington,53,"Whatcom County",53073,2631,475,3106,0.8470701867
Female,Washington,53,"Whitman County",53075,356,69,425,0.8376470588
Female,Washington,53,"Yakima County",53077,3036,626,3662,0.8290551611
Female,Washington,53,,53999,50,13,63,0.7936507937
Female,"West Virginia",54,"Barbour County",54001,412,57,469,0.8784648188
Female,"West Virginia",54,"Berkeley County",54003,1659,340,1999,0.8299149575
Female,"West Virginia",54,"Boone County",54005,455,107,562,0.8096085409
Female,"West Virginia",54,"Braxton County",54007,321,51,372,0.8629032258
Female,"West Virginia",54,"Brooke County",54009,536,99,635,0.8440944882
Female,"West Virginia",54,"Cabell County",54011,1670,406,2076,0.8044315992
Female,"West Virginia",54,"Calhoun County",54013,190,29,219,0.8675799087
Female,"West Virginia",54,"Clay County",54015,184,33,217,0.8479262673
Female,"West Virginia",54,"Doddridge County",54017,134,25,159,0.8427672956
Female,"West Virginia",54,"Fayette County",54019,957,194,1151,0.8314509123
Female,"West Virginia",54,"Gilmer County",54021,128,20,148,0.8648648649
Female,"West Virginia",54,"Grant County",54023,306,48,354,0.8644067797
Female,"West Virginia",54,"Greenbrier County",54025,864,167,1031,0.8380213385
Female,"West Virginia",54,"Hampshire County",54027,510,75,585,0.8717948718
Female,"West Virginia",54,"Hancock County",54029,829,170,999,0.8298298298
Female,"West Virginia",54,"Hardy County",54031,350,42,392,0.8928571429
Female,"West Virginia",54,"Harrison County",54033,1334,234,1568,0.8507653061
Female,"West Virginia",54,"Jackson County",54035,614,127,741,0.8286099865
Female,"West Virginia",54,"Jefferson County",54037,807,116,923,0.8743228602
Female,"West Virginia",54,"Kanawha County",54039,3978,861,4839,0.8220706758
Female,"West Virginia",54,"Lewis County",54041,347,58,405,0.8567901235
Female,"West Virginia",54,"Lincoln County",54043,459,112,571,0.8038528897
Female,"West Virginia",54,"Logan County",54045,796,214,1010,0.7881188119
Female,"West Virginia",54,"McDowell County",54047,484,125,609,0.7947454844
Female,"West Virginia",54,"Marion County",54049,1137,187,1324,0.8587613293
Female,"West Virginia",54,"Marshall County",54051,657,91,748,0.878342246
Female,"West Virginia",54,"Mason County",54053,670,121,791,0.8470290771
Female,"West Virginia",54,"Mercer County",54055,1492,360,1852,0.8056155508
Female,"West Virginia",54,"Mineral County",54057,847,118,965,0.8777202073
Female,"West Virginia",54,"Mingo County",54059,605,156,761,0.7950065703
Female,"West Virginia",54,"Monongalia County",54061,1075,161,1236,0.8697411003
Female,"West Virginia",54,"Monroe County",54063,338,58,396,0.8535353535
Female,"West Virginia",54,"Morgan County",54065,379,71,450,0.8422222222
Female,"West Virginia",54,"Nicholas County",54067,659,103,762,0.8648293963
Female,"West Virginia",54,"Ohio County",54069,723,115,838,0.8627684964
Female,"West Virginia",54,"Pendleton County",54071,193,31,224,0.8616071429
Female,"West Virginia",54,"Pleasants County",54073,167,36,203,0.8226600985
Female,"West Virginia",54,"Pocahontas County",54075,191,43,234,0.8162393162
Female,"West Virginia",54,"Preston County",54077,748,109,857,0.8728121354
Female,"West Virginia",54,"Putnam County",54079,1122,210,1332,0.8423423423
Female,"West Virginia",54,"Raleigh County",54081,1623,351,1974,0.8221884498
Female,"West Virginia",54,"Randolph County",54083,719,126,845,0.850887574
Female,"West Virginia",54,"Ritchie County",54085,266,38,304,0.875
Female,"West Virginia",54,"Roane County",54087,348,64,412,0.8446601942
Female,"West Virginia",54,"Summers County",54089,313,88,401,0.7805486284
Female,"West Virginia",54,"Taylor County",54091,364,65,429,0.8484848485
Female,"West Virginia",54,"Tucker County",54093,168,35,203,0.8275862069
Female,"West Virginia",54,"Tyler County",54095,215,19,234,0.9188034188
Female,"West Virginia",54,"Upshur County",54097,526,71,597,0.8810720268
Female,"West Virginia",54,"Wayne County",54099,912,214,1126,0.809946714
Female,"West Virginia",54,"Webster County",54101,226,56,282,0.8014184397
Female,"West Virginia",54,"Wetzel County",54103,387,63,450,0.86
Female,"West Virginia",54,"Wirt County",54105,144,37,181,0.7955801105
Female,"West Virginia",54,"Wood County",54107,2140,375,2515,0.8508946322
Female,"West Virginia",54,"Wyoming County",54109,425,115,540,0.787037037
Female,"West Virginia",54,,54999,.,.,.,0.9
Female,Wisconsin,55,"Adams County",55001,543,53,596,0.9110738255
Female,Wisconsin,55,"Ashland County",55003,318,46,364,0.8736263736
Female,Wisconsin,55,"Barron County",55005,853,105,958,0.8903966597
Female,Wisconsin,55,"Bayfield County",55007,291,36,327,0.8899082569
Female,Wisconsin,55,"Brown County",55009,2695,292,2987,0.9022430532
Female,Wisconsin,55,"Buffalo County",55011,324,39,363,0.8925619835
Female,Wisconsin,55,"Burnett County",55013,328,62,390,0.841025641
Female,Wisconsin,55,"Calumet County",55015,425,41,466,0.9120171674
Female,Wisconsin,55,"Chippewa County",55017,1067,124,1191,0.8958858102
Female,Wisconsin,55,"Clark County",55019,362,43,405,0.8938271605
Female,Wisconsin,55,"Columbia County",55021,878,107,985,0.8913705584
Female,Wisconsin,55,"Crawford County",55023,337,32,369,0.9132791328
Female,Wisconsin,55,"Dane County",55025,5425,656,6081,0.8921230061
Female,Wisconsin,55,"Dodge County",55027,1464,151,1615,0.906501548
Female,Wisconsin,55,"Door County",55029,824,69,893,0.9227323628
Female,Wisconsin,55,"Douglas County",55031,631,92,723,0.8727524205
Female,Wisconsin,55,"Dunn County",55033,740,77,817,0.905752754
Female,Wisconsin,55,"Eau Claire County",55035,1619,179,1798,0.9004449388
Female,Wisconsin,55,"Florence County",55037,84,26,110,0.7636363636
Female,Wisconsin,55,"Fond du Lac County",55039,1367,188,1555,0.8790996785
Female,Wisconsin,55,"Forest County",55041,175,29,204,0.8578431373
Female,Wisconsin,55,"Grant County",55043,794,81,875,0.9074285714
Female,Wisconsin,55,"Green County",55045,726,84,810,0.8962962963
Female,Wisconsin,55,"Green Lake County",55047,273,44,317,0.8611987382
Female,Wisconsin,55,"Iowa County",55049,353,39,392,0.9005102041
Female,Wisconsin,55,"Iron County",55051,116,14,130,0.8923076923
Female,Wisconsin,55,"Jackson County",55053,331,35,366,0.9043715847
Female,Wisconsin,55,"Jefferson County",55055,1385,142,1527,0.9070072037
Female,Wisconsin,55,"Juneau County",55057,600,66,666,0.9009009009
Female,Wisconsin,55,"Kenosha County",55059,2269,318,2587,0.8770776962
Female,Wisconsin,55,"Kewaunee County",55061,293,27,320,0.915625
Female,Wisconsin,55,"La Crosse County",55063,1643,163,1806,0.9097452935
Female,Wisconsin,55,"Lafayette County",55065,286,31,317,0.9022082019
Female,Wisconsin,55,"Langlade County",55067,419,56,475,0.8821052632
Female,Wisconsin,55,"Lincoln County",55069,525,64,589,0.8913412564
Female,Wisconsin,55,"Manitowoc County",55071,1524,172,1696,0.8985849057
Female,Wisconsin,55,"Marathon County",55073,1759,214,1973,0.8915357324
Female,Wisconsin,55,"Marinette County",55075,900,136,1036,0.8687258687
Female,Wisconsin,55,"Marquette County",55077,310,41,351,0.8831908832
Female,Wisconsin,55,"Menominee County",55078,43,14,57,0.7543859649
Female,Wisconsin,55,"Milwaukee County",55079,11090,1823,12913,0.8588244405
Female,Wisconsin,55,"Monroe County",55081,597,57,654,0.9128440367
Female,Wisconsin,55,"Oconto County",55083,535,84,619,0.8642972536
Female,Wisconsin,55,"Oneida County",55085,890,91,981,0.9072375127
Female,Wisconsin,55,"Outagamie County",55087,1652,181,1833,0.9012547736
Female,Wisconsin,55,"Ozaukee County",55089,1325,142,1467,0.9032038173
Female,Wisconsin,55,"Pepin County",55091,190,20,210,0.9047619048
Female,Wisconsin,55,"Pierce County",55093,411,50,461,0.8915401302
Female,Wisconsin,55,"Polk County",55095,757,99,856,0.8843457944
Female,Wisconsin,55,"Portage County",55097,993,104,1097,0.9051959891
Female,Wisconsin,55,"Price County",55099,272,40,312,0.8717948718
Female,Wisconsin,55,"Racine County",55101,2918,412,3330,0.8762762763
Female,Wisconsin,55,"Richland County",55103,390,51,441,0.8843537415
Female,Wisconsin,55,"Rock County",55105,2983,392,3375,0.8838518519
Female,Wisconsin,55,"Rusk County",55107,251,35,286,0.8776223776
Female,Wisconsin,55,"St. Croix County",55109,998,127,1125,0.8871111111
Female,Wisconsin,55,"Sauk County",55111,982,123,1105,0.8886877828
Female,Wisconsin,55,"Sawyer County",55113,386,41,427,0.9039812646
Female,Wisconsin,55,"Shawano County",55115,508,76,584,0.8698630137
Female,Wisconsin,55,"Sheboygan County",55117,1737,188,1925,0.9023376623
Female,Wisconsin,55,"Taylor County",55119,275,45,320,0.859375
Female,Wisconsin,55,"Trempealeau County",55121,511,39,550,0.9290909091
Female,Wisconsin,55,"Vernon County",55123,425,40,465,0.9139784946
Female,Wisconsin,55,"Vilas County",55125,677,94,771,0.878080415
Female,Wisconsin,55,"Walworth County",55127,1702,254,1956,0.8701431493
Female,Wisconsin,55,"Washburn County",55129,321,52,373,0.8605898123
Female,Wisconsin,55,"Washington County",55131,2111,216,2327,0.9071766223
Female,Wisconsin,55,"Waukesha County",55133,6363,725,7088,0.897714447
Female,Wisconsin,55,"Waupaca County",55135,719,78,797,0.9021329987
Female,Wisconsin,55,"Waushara County",55137,346,45,391,0.8849104859
Female,Wisconsin,55,"Winnebago County",55139,1789,225,2014,0.8882820258
Female,Wisconsin,55,"Wood County",55141,1125,117,1242,0.9057971014
Female,Wisconsin,55,,55999,.,.,.,0.8676470588
Female,Wyoming,56,"Albany County",56001,325,60,385,0.8441558442
Female,Wyoming,56,"Big Horn County",56003,229,35,264,0.8674242424
Female,Wyoming,56,"Campbell County",56005,540,102,642,0.8411214953
Female,Wyoming,56,"Carbon County",56007,227,43,270,0.8407407407
Female,Wyoming,56,"Converse County",56009,225,51,276,0.8152173913
Female,Wyoming,56,"Crook County",56011,146,15,161,0.9068322981
Female,Wyoming,56,"Fremont County",56013,583,108,691,0.8437047757
Female,Wyoming,56,"Goshen County",56015,290,54,344,0.8430232558
Female,Wyoming,56,"Hot Springs County",56017,136,26,162,0.8395061728
Female,Wyoming,56,"Johnson County",56019,153,39,192,0.796875
Female,Wyoming,56,"Laramie County",56021,1404,246,1650,0.8509090909
Female,Wyoming,56,"Lincoln County",56023,214,41,255,0.8392156863
Female,Wyoming,56,"Natrona County",56025,1200,248,1448,0.8287292818
Female,Wyoming,56,"Niobrara County",56027,.,.,.,0.8867924528
Female,Wyoming,56,"Park County",56029,595,84,679,0.8762886598
Female,Wyoming,56,"Platte County",56031,210,62,272,0.7720588235
Female,Wyoming,56,"Sheridan County",56033,491,83,574,0.8554006969
Female,Wyoming,56,"Sublette County",56035,74,15,89,0.8314606742
Female,Wyoming,56,"Sweetwater County",56037,446,110,556,0.8021582734
Female,Wyoming,56,"Teton County",56039,100,30,130,0.7692307692
Female,Wyoming,56,"Uinta County",56041,238,46,284,0.838028169
Female,Wyoming,56,"Washakie County",56043,169,38,207,0.8164251208
Female,Wyoming,56,"Weston County",56045,107,23,130,0.8230769231
Female,Wyoming,56,,56999,.,0,.,1
