RACE_NAME,STATE_NAME,STATE_FIPS,BENE_YES,BENE_NO,TOTAL_BENE,BENE_YES_PCT
Unknown,Alabama,1,1404,174,1578,0.8897338403
Unknown,Alaska,2,424,62,486,0.8724279835
Unknown,Arizona,4,3677,431,4108,0.8950827653
Unknown,Arkansas,5,962,155,1117,0.8612354521
Unknown,California,6,16193,1918,18111,0.8940975098
Unknown,Colorado,8,2901,370,3271,0.8868847447
Unknown,Connecticut,9,3596,386,3982,0.903063787
Unknown,Delaware,10,1019,106,1125,0.9057777778
Unknown,"District of Columbia",11,242,40,282,0.8581560284
Unknown,Florida,12,13413,1644,15057,0.8908149034
Unknown,Georgia,13,3742,508,4250,0.8804705882
Unknown,Hawaii,15,362,48,410,0.8829268293
Unknown,Idaho,16,893,96,989,0.9029322548
Unknown,Illinois,17,8226,807,9033,0.91066091
Unknown,Indiana,18,5055,513,5568,0.9078663793
Unknown,Iowa,19,2571,235,2806,0.9162508909
Unknown,Kansas,20,1937,206,2143,0.9038730751
Unknown,Kentucky,21,2024,283,2307,0.8773298656
Unknown,Louisiana,22,1838,255,2093,0.8781653129
Unknown,Maine,23,1180,124,1304,0.9049079755
Unknown,Maryland,24,4593,562,5155,0.8909796314
Unknown,Massachusetts,25,7226,872,8098,0.8923190911
Unknown,Michigan,26,7403,885,8288,0.893219112
Unknown,Minnesota,27,2692,312,3004,0.896138482
Unknown,Mississippi,28,823,137,960,0.8572916667
Unknown,Missouri,29,2974,344,3318,0.8963230862
Unknown,Montana,30,828,97,925,0.8951351351
Unknown,Nebraska,31,1660,170,1830,0.9071038251
Unknown,Nevada,32,1273,174,1447,0.8797512094
Unknown,"New Hampshire",33,1622,134,1756,0.923690205
Unknown,"New Jersey",34,7182,850,8032,0.8941733068
Unknown,"New Mexico",35,795,90,885,0.8983050847
Unknown,"New York",36,15873,2361,18234,0.8705166173
Unknown,"North Carolina",37,5324,636,5960,0.8932885906
Unknown,"North Dakota",38,406,55,461,0.8806941432
Unknown,Ohio,39,10684,1165,11849,0.9016794666
Unknown,Oklahoma,40,1334,198,1532,0.8707571802
Unknown,Oregon,41,1985,269,2254,0.8806566105
Unknown,Pennsylvania,42,8963,872,9835,0.9113370615
Unknown,"Rhode Island",44,945,109,1054,0.8965844402
Unknown,"South Carolina",45,3225,394,3619,0.8911301464
Unknown,"South Dakota",46,581,59,640,0.9078125
Unknown,Tennessee,47,3295,374,3669,0.8980648678
Unknown,Texas,48,8070,1080,9150,0.8819672131
Unknown,Utah,49,840,137,977,0.8597748209
Unknown,Vermont,50,1078,107,1185,0.9097046414
Unknown,Virginia,51,5032,560,5592,0.8998569385
Unknown,Washington,53,4308,563,4871,0.884417984
Unknown,"West Virginia",54,634,74,708,0.895480226
Unknown,Wisconsin,55,4830,406,5236,0.922459893
Unknown,Wyoming,56,489,68,557,0.8779174147
"Non-Hispanic White",Alabama,1,148112,22150,170262,0.8699063796
"Non-Hispanic White",Alaska,2,16094,2241,18335,0.8777747478
"Non-Hispanic White",Arizona,4,162780,21703,184483,0.882357724
"Non-Hispanic White",Arkansas,5,110983,19134,130117,0.8529477317
"Non-Hispanic White",California,6,506720,70351,577071,0.8780895245
"Non-Hispanic White",Colorado,8,100582,13376,113958,0.8826234227
"Non-Hispanic White",Connecticut,9,103484,11340,114824,0.9012401589
"Non-Hispanic White",Delaware,10,41796,4566,46362,0.9015141711
"Non-Hispanic White","District of Columbia",11,3167,405,3572,0.8866181411
"Non-Hispanic White",Florida,12,543835,73262,617097,0.8812796043
"Non-Hispanic White",Georgia,13,206536,31868,238404,0.8663277462
"Non-Hispanic White",Hawaii,15,7988,1121,9109,0.8769348995
"Non-Hispanic White",Idaho,16,51341,7263,58604,0.8760664801
"Non-Hispanic White",Illinois,17,389171,46070,435241,0.894150597
"Non-Hispanic White",Indiana,18,249219,31961,281180,0.8863325983
"Non-Hispanic White",Iowa,19,145378,14837,160215,0.9073931904
"Non-Hispanic White",Kansas,20,111712,13781,125493,0.8901851099
"Non-Hispanic White",Kentucky,21,183710,30632,214342,0.8570882048
"Non-Hispanic White",Louisiana,22,111739,17902,129641,0.8619109695
"Non-Hispanic White",Maine,23,56220,6075,62295,0.9024801348
"Non-Hispanic White",Maryland,24,136684,16963,153647,0.8895975841
"Non-Hispanic White",Massachusetts,25,218136,24162,242298,0.9002798207
"Non-Hispanic White",Michigan,26,314841,41333,356174,0.8839527871
"Non-Hispanic White",Minnesota,27,135338,13956,149294,0.9065200209
"Non-Hispanic White",Mississippi,28,93721,17086,110807,0.8458039655
"Non-Hispanic White",Missouri,29,214555,28765,243320,0.8817811935
"Non-Hispanic White",Montana,30,42078,5199,47277,0.8900310933
"Non-Hispanic White",Nebraska,31,75959,8810,84769,0.8960704975
"Non-Hispanic White",Nevada,32,56418,8069,64487,0.8748740056
"Non-Hispanic White","New Hampshire",33,57014,6033,63047,0.9043094834
"Non-Hispanic White","New Jersey",34,253646,30442,284088,0.8928430627
"Non-Hispanic White","New Mexico",35,34932,5327,40259,0.8676817606
"Non-Hispanic White","New York",36,406688,53365,460053,0.8840024954
"Non-Hispanic White","North Carolina",37,302264,41115,343379,0.8802634989
"Non-Hispanic White","North Dakota",38,30082,3066,33148,0.9075057319
"Non-Hispanic White",Ohio,39,362497,47941,410438,0.8831955131
"Non-Hispanic White",Oklahoma,40,123949,20594,144543,0.8575233667
"Non-Hispanic White",Oregon,41,101078,14119,115197,0.8774360443
"Non-Hispanic White",Pennsylvania,42,387722,44242,431964,0.8975794279
"Non-Hispanic White","Rhode Island",44,30473,3279,33752,0.9028502015
"Non-Hispanic White","South Carolina",45,171825,24167,195992,0.8766939467
"Non-Hispanic White","South Dakota",46,37063,4120,41183,0.8999587208
"Non-Hispanic White",Tennessee,47,227645,33099,260744,0.8730593993
"Non-Hispanic White",Texas,48,505953,77652,583605,0.8669442517
"Non-Hispanic White",Utah,49,53215,8220,61435,0.8662000488
"Non-Hispanic White",Vermont,50,30969,3547,34516,0.8972360644
"Non-Hispanic White",Virginia,51,215880,27911,243791,0.8855125907
"Non-Hispanic White",Washington,53,167640,22154,189794,0.8832734438
"Non-Hispanic White","West Virginia",54,81433,12301,93734,0.8687669362
"Non-Hispanic White",Wisconsin,55,173448,16776,190224,0.9118092354
"Non-Hispanic White",Wyoming,56,21568,3183,24751,0.8713991354
"Black or African-American",Alabama,1,44620,9976,54596,0.8172759909
"Black or African-American",Alaska,2,458,122,580,0.7896551724
"Black or African-American",Arizona,4,5165,1256,6421,0.8043918393
"Black or African-American",Arkansas,5,15313,4059,19372,0.7904707826
"Black or African-American",California,6,44996,10653,55649,0.8085679886
"Black or African-American",Colorado,8,3146,758,3904,0.8058401639
"Black or African-American",Connecticut,9,10005,1900,11905,0.8404031919
"Black or African-American",Delaware,10,8171,1639,9810,0.8329255861
"Black or African-American","District of Columbia",11,9284,2157,11441,0.8114675291
"Black or African-American",Florida,12,63554,14732,78286,0.811818205
"Black or African-American",Georgia,13,69812,16670,86482,0.8072431257
"Black or African-American",Hawaii,15,227,64,291,0.7800687285
"Black or African-American",Idaho,16,144,41,185,0.7783783784
"Black or African-American",Illinois,17,55929,13162,69091,0.8094976191
"Black or African-American",Indiana,18,18143,4263,22406,0.8097384629
"Black or African-American",Iowa,19,2373,503,2876,0.8251043115
"Black or African-American",Kansas,20,4896,1038,5934,0.8250758342
"Black or African-American",Kentucky,21,10302,2580,12882,0.7997205403
"Black or African-American",Louisiana,22,46482,12113,58595,0.7932758768
"Black or African-American",Maine,23,233,54,287,0.8118466899
"Black or African-American",Maryland,24,49544,11061,60605,0.8174903061
"Black or African-American",Massachusetts,25,13372,2857,16229,0.8239571138
"Black or African-American",Michigan,26,47025,12250,59275,0.7933361451
"Black or African-American",Minnesota,27,4766,1263,6029,0.7905125228
"Black or African-American",Mississippi,28,44547,12146,56693,0.7857583829
"Black or African-American",Missouri,29,18806,4457,23263,0.8084082019
"Black or African-American",Montana,30,81,21,102,0.7941176471
"Black or African-American",Nebraska,31,1879,402,2281,0.8237615081
"Black or African-American",Nevada,32,5934,1470,7404,0.801458671
"Black or African-American","New Hampshire",33,371,67,438,0.8470319635
"Black or African-American","New Jersey",34,34670,7775,42445,0.8168217693
"Black or African-American","New Mexico",35,937,211,1148,0.8162020906
"Black or African-American","New York",36,60803,15523,76326,0.7966223829
"Black or African-American","North Carolina",37,78704,17484,96188,0.8182309644
"Black or African-American","North Dakota",38,98,40,138,0.7101449275
"Black or African-American",Ohio,39,37345,9084,46429,0.8043464214
"Black or African-American",Oklahoma,40,7824,2061,9885,0.7915022762
"Black or African-American",Oregon,41,1277,317,1594,0.8011292346
"Black or African-American",Pennsylvania,42,31976,7272,39248,0.8147166735
"Black or African-American","Rhode Island",44,1494,279,1773,0.8426395939
"Black or African-American","South Carolina",45,49656,12162,61818,0.8032611861
"Black or African-American","South Dakota",46,120,47,167,0.7185628743
"Black or African-American",Tennessee,47,29545,6576,36121,0.8179452396
"Black or African-American",Texas,48,73766,17983,91749,0.8039978637
"Black or African-American",Utah,49,314,93,407,0.7714987715
"Black or African-American",Vermont,50,127,25,152,0.8355263158
"Black or African-American",Virginia,51,49540,9892,59432,0.8335576794
"Black or African-American",Washington,53,4872,1132,6004,0.8114590273
"Black or African-American","West Virginia",54,2228,569,2797,0.7965677512
"Black or African-American",Wisconsin,55,8744,1901,10645,0.8214185063
"Black or African-American",Wyoming,56,106,29,135,0.7851851852
Other,Alabama,1,434,80,514,0.8443579767
Other,Alaska,2,292,53,345,0.8463768116
Other,Arizona,4,1427,233,1660,0.8596385542
Other,Arkansas,5,309,61,370,0.8351351351
Other,California,6,16258,2317,18575,0.8752624495
Other,Colorado,8,721,118,839,0.8593563766
Other,Connecticut,9,1108,126,1234,0.8978930308
Other,Delaware,10,354,45,399,0.8872180451
Other,"District of Columbia",11,119,29,148,0.8040540541
Other,Florida,12,5030,700,5730,0.8778359511
Other,Georgia,13,1276,212,1488,0.8575268817
Other,Hawaii,15,4572,587,5159,0.8862182594
Other,Idaho,16,308,50,358,0.8603351955
Other,Illinois,17,4137,591,4728,0.875
Other,Indiana,18,947,154,1101,0.8601271571
Other,Iowa,19,465,65,530,0.8773584906
Other,Kansas,20,475,76,551,0.8620689655
Other,Kentucky,21,507,70,577,0.8786828423
Other,Louisiana,22,592,97,689,0.8592162554
Other,Maine,23,257,34,291,0.883161512
Other,Maryland,24,1861,289,2150,0.8655813953
Other,Massachusetts,25,2918,396,3314,0.8805069403
Other,Michigan,26,2838,456,3294,0.8615664845
Other,Minnesota,27,934,123,1057,0.8836329234
Other,Mississippi,28,243,48,291,0.8350515464
Other,Missouri,29,780,108,888,0.8783783784
Other,Montana,30,204,30,234,0.8717948718
Other,Nebraska,31,276,33,309,0.8932038835
Other,Nevada,32,1314,186,1500,0.876
Other,"New Hampshire",33,325,31,356,0.9129213483
Other,"New Jersey",34,3886,575,4461,0.8711051334
Other,"New Mexico",35,346,66,412,0.8398058252
Other,"New York",36,7975,1380,9355,0.852485302
Other,"North Carolina",37,2629,381,3010,0.8734219269
Other,"North Dakota",38,133,22,155,0.8580645161
Other,Ohio,39,2019,258,2277,0.8866930171
Other,Oklahoma,40,578,98,676,0.8550295858
Other,Oregon,41,932,104,1036,0.8996138996
Other,Pennsylvania,42,2131,297,2428,0.8776771005
Other,"Rhode Island",44,431,50,481,0.896049896
Other,"South Carolina",45,745,87,832,0.8954326923
Other,"South Dakota",46,125,17,142,0.8802816901
Other,Tennessee,47,801,135,936,0.8557692308
Other,Texas,48,4221,655,4876,0.8656685808
Other,Utah,49,406,78,484,0.8388429752
Other,Vermont,50,182,23,205,0.887804878
Other,Virginia,51,1960,249,2209,0.8872793119
Other,Washington,53,2171,334,2505,0.8666666667
Other,"West Virginia",54,245,30,275,0.8909090909
Other,Wisconsin,55,805,78,883,0.9116647792
Other,Wyoming,56,98,12,110,0.8909090909
"Asian/Pacific Islander",Alabama,1,768,139,907,0.8467475193
"Asian/Pacific Islander",Alaska,2,1044,196,1240,0.8419354839
"Asian/Pacific Islander",Arizona,4,3185,517,3702,0.860345759
"Asian/Pacific Islander",Arkansas,5,636,140,776,0.8195876289
"Asian/Pacific Islander",California,6,136810,19817,156627,0.873476476
"Asian/Pacific Islander",Colorado,8,1835,300,2135,0.8594847775
"Asian/Pacific Islander",Connecticut,9,2394,342,2736,0.875
"Asian/Pacific Islander",Delaware,10,845,109,954,0.8857442348
"Asian/Pacific Islander","District of Columbia",11,327,37,364,0.8983516484
"Asian/Pacific Islander",Florida,12,10176,1652,11828,0.860331417
"Asian/Pacific Islander",Georgia,13,5415,892,6307,0.858569843
"Asian/Pacific Islander",Hawaii,15,18945,2579,21524,0.8801802639
"Asian/Pacific Islander",Idaho,16,470,65,535,0.8785046729
"Asian/Pacific Islander",Illinois,17,14632,2080,16712,0.8755385352
"Asian/Pacific Islander",Indiana,18,1754,267,2021,0.8678871846
"Asian/Pacific Islander",Iowa,19,1020,134,1154,0.883882149
"Asian/Pacific Islander",Kansas,20,1190,168,1358,0.8762886598
"Asian/Pacific Islander",Kentucky,21,753,143,896,0.8404017857
"Asian/Pacific Islander",Louisiana,22,1622,285,1907,0.850550603
"Asian/Pacific Islander",Maine,23,297,30,327,0.9082568807
"Asian/Pacific Islander",Maryland,24,9279,1448,10727,0.8650135173
"Asian/Pacific Islander",Massachusetts,25,8036,997,9033,0.8896269235
"Asian/Pacific Islander",Michigan,26,5367,944,6311,0.8504199018
"Asian/Pacific Islander",Minnesota,27,2647,561,3208,0.8251246883
"Asian/Pacific Islander",Mississippi,28,615,102,717,0.8577405858
"Asian/Pacific Islander",Missouri,29,1621,271,1892,0.8567653277
"Asian/Pacific Islander",Montana,30,154,28,182,0.8461538462
"Asian/Pacific Islander",Nebraska,31,553,85,638,0.8667711599
"Asian/Pacific Islander",Nevada,32,5171,892,6063,0.8528781131
"Asian/Pacific Islander","New Hampshire",33,408,48,456,0.8947368421
"Asian/Pacific Islander","New Jersey",34,16872,2458,19330,0.8728401449
"Asian/Pacific Islander","New Mexico",35,495,88,583,0.8490566038
"Asian/Pacific Islander","New York",36,31463,4240,35703,0.8812424726
"Asian/Pacific Islander","North Carolina",37,3969,673,4642,0.8550193882
"Asian/Pacific Islander","North Dakota",38,94,11,105,0.8952380952
"Asian/Pacific Islander",Ohio,39,3741,582,4323,0.86537127
"Asian/Pacific Islander",Oklahoma,40,1306,238,1544,0.8458549223
"Asian/Pacific Islander",Oregon,41,2635,384,3019,0.8728055648
"Asian/Pacific Islander",Pennsylvania,42,7428,1118,8546,0.8691785631
"Asian/Pacific Islander","Rhode Island",44,557,75,632,0.8813291139
"Asian/Pacific Islander","South Carolina",45,1340,221,1561,0.8584240871
"Asian/Pacific Islander","South Dakota",46,141,23,164,0.8597560976
"Asian/Pacific Islander",Tennessee,47,1674,270,1944,0.8611111111
"Asian/Pacific Islander",Texas,48,22966,3680,26646,0.861892967
"Asian/Pacific Islander",Utah,49,1072,208,1280,0.8375
"Asian/Pacific Islander",Vermont,50,181,34,215,0.8418604651
"Asian/Pacific Islander",Virginia,51,9508,1333,10841,0.8770408634
"Asian/Pacific Islander",Washington,53,12377,1706,14083,0.8788610381
"Asian/Pacific Islander","West Virginia",54,269,48,317,0.8485804416
"Asian/Pacific Islander",Wisconsin,55,1921,415,2336,0.8223458904
"Asian/Pacific Islander",Wyoming,56,81,17,98,0.8265306122
Hispanic,Alabama,1,1190,254,1444,0.824099723
Hispanic,Alaska,2,640,119,759,0.8432147563
Hispanic,Arizona,4,22532,4733,27265,0.8264074821
Hispanic,Arkansas,5,1759,505,2264,0.7769434629
Hispanic,California,6,205058,40849,245907,0.8338843547
Hispanic,Colorado,8,13301,2627,15928,0.8350703164
Hispanic,Connecticut,9,9454,1760,11214,0.8430533262
Hispanic,Delaware,10,1348,258,1606,0.8393524284
Hispanic,"District of Columbia",11,778,176,954,0.8155136268
Hispanic,Florida,12,94730,14552,109282,0.8668399187
Hispanic,Georgia,13,5547,1260,6807,0.8148964301
Hispanic,Hawaii,15,2429,427,2856,0.8504901961
Hispanic,Idaho,16,2408,566,2974,0.8096839274
Hispanic,Illinois,17,34031,6853,40884,0.8323794149
Hispanic,Indiana,18,5207,1010,6217,0.8375422229
Hispanic,Iowa,19,1742,354,2096,0.8311068702
Hispanic,Kansas,20,4093,740,4833,0.8468859921
Hispanic,Kentucky,21,1064,263,1327,0.8018085908
Hispanic,Louisiana,22,3473,618,4091,0.8489366903
Hispanic,Maine,23,283,51,334,0.8473053892
Hispanic,Maryland,24,5930,1172,7102,0.8349760631
Hispanic,Massachusetts,25,20799,3809,24608,0.8452129389
Hispanic,Michigan,26,7648,1529,9177,0.8333878174
Hispanic,Minnesota,27,1989,397,2386,0.833612741
Hispanic,Mississippi,28,766,177,943,0.8123011665
Hispanic,Missouri,29,2514,480,2994,0.8396793587
Hispanic,Montana,30,500,93,593,0.8431703204
Hispanic,Nebraska,31,1849,402,2251,0.8214127055
Hispanic,Nevada,32,9359,2048,11407,0.8204611204
Hispanic,"New Hampshire",33,729,132,861,0.8466898955
Hispanic,"New Jersey",34,34382,6406,40788,0.8429440031
Hispanic,"New Mexico",35,22408,4478,26886,0.8334449156
Hispanic,"New York",36,53495,10782,64277,0.8322572615
Hispanic,"North Carolina",37,6253,1362,7615,0.8211424819
Hispanic,"North Dakota",38,183,44,227,0.8061674009
Hispanic,Ohio,39,5852,1178,7030,0.8324324324
Hispanic,Oklahoma,40,3523,841,4364,0.8072868928
Hispanic,Oregon,41,4593,1016,5609,0.8188625423
Hispanic,Pennsylvania,42,13334,2662,15996,0.8335833958
Hispanic,"Rhode Island",44,3815,626,4441,0.8590407566
Hispanic,"South Carolina",45,2260,458,2718,0.8314937454
Hispanic,"South Dakota",46,253,49,302,0.8377483444
Hispanic,Tennessee,47,2143,457,2600,0.8242307692
Hispanic,Texas,48,163903,33653,197556,0.8296533641
Hispanic,Utah,49,2846,670,3516,0.8094425484
Hispanic,Vermont,50,172,28,200,0.86
Hispanic,Virginia,51,5551,1013,6564,0.8456733699
Hispanic,Washington,53,9224,1849,11073,0.8330172492
Hispanic,"West Virginia",54,339,60,399,0.8496240602
Hispanic,Wisconsin,55,4237,730,4967,0.853029998
Hispanic,Wyoming,56,998,206,1204,0.8289036545
"American Indian / Alaska Native",Alabama,1,179,48,227,0.7885462555
"American Indian / Alaska Native",Alaska,2,2226,705,2931,0.7594677584
"American Indian / Alaska Native",Arizona,4,3941,2533,6474,0.608742663
"American Indian / Alaska Native",Arkansas,5,427,110,537,0.7951582868
"American Indian / Alaska Native",California,6,3199,775,3974,0.8049823855
"American Indian / Alaska Native",Colorado,8,311,80,391,0.7953964194
"American Indian / Alaska Native",Connecticut,9,.,.,.,0.8275862069
"American Indian / Alaska Native",Delaware,10,.,.,.,0.8846153846
"American Indian / Alaska Native","District of Columbia",11,.,0,.,1
"American Indian / Alaska Native",Florida,12,416,86,502,0.828685259
"American Indian / Alaska Native",Georgia,13,130,41,171,0.7602339181
"American Indian / Alaska Native",Hawaii,15,.,.,.,0.7906976744
"American Indian / Alaska Native",Idaho,16,365,97,462,0.79004329
"American Indian / Alaska Native",Illinois,17,195,32,227,0.859030837
"American Indian / Alaska Native",Indiana,18,106,23,129,0.8217054264
"American Indian / Alaska Native",Iowa,19,158,59,217,0.7281105991
"American Indian / Alaska Native",Kansas,20,544,148,692,0.7861271676
"American Indian / Alaska Native",Kentucky,21,.,.,.,0.8507462687
"American Indian / Alaska Native",Louisiana,22,140,34,174,0.8045977011
"American Indian / Alaska Native",Maine,23,168,36,204,0.8235294118
"American Indian / Alaska Native",Maryland,24,88,19,107,0.8224299065
"American Indian / Alaska Native",Massachusetts,25,155,34,189,0.8201058201
"American Indian / Alaska Native",Michigan,26,1133,232,1365,0.83003663
"American Indian / Alaska Native",Minnesota,27,1175,342,1517,0.7745550428
"American Indian / Alaska Native",Mississippi,28,86,53,139,0.618705036
"American Indian / Alaska Native",Missouri,29,351,85,436,0.8050458716
"American Indian / Alaska Native",Montana,30,1198,438,1636,0.7322738386
"American Indian / Alaska Native",Nebraska,31,295,125,420,0.7023809524
"American Indian / Alaska Native",Nevada,32,476,164,640,0.74375
"American Indian / Alaska Native","New Hampshire",33,.,.,.,0.8571428571
"American Indian / Alaska Native","New Jersey",34,112,27,139,0.8057553957
"American Indian / Alaska Native","New Mexico",35,2581,1413,3994,0.646219329
"American Indian / Alaska Native","New York",36,849,179,1028,0.8258754864
"American Indian / Alaska Native","North Carolina",37,2117,550,2667,0.793775778
"American Indian / Alaska Native","North Dakota",38,643,200,843,0.7627520759
"American Indian / Alaska Native",Ohio,39,125,22,147,0.8503401361
"American Indian / Alaska Native",Oklahoma,40,10026,3292,13318,0.7528157381
"American Indian / Alaska Native",Oregon,41,843,257,1100,0.7663636364
"American Indian / Alaska Native",Pennsylvania,42,114,30,144,0.7916666667
"American Indian / Alaska Native","Rhode Island",44,.,.,.,0.8732394366
"American Indian / Alaska Native","South Carolina",45,142,54,196,0.7244897959
"American Indian / Alaska Native","South Dakota",46,911,485,1396,0.6525787966
"American Indian / Alaska Native",Tennessee,47,128,34,162,0.7901234568
"American Indian / Alaska Native",Texas,48,1158,263,1421,0.8149190711
"American Indian / Alaska Native",Utah,49,330,172,502,0.6573705179
"American Indian / Alaska Native",Vermont,50,.,.,.,0.5384615385
"American Indian / Alaska Native",Virginia,51,103,21,124,0.8306451613
"American Indian / Alaska Native",Washington,53,1969,574,2543,0.7742823437
"American Indian / Alaska Native","West Virginia",54,.,.,.,0.7142857143
"American Indian / Alaska Native",Wisconsin,55,1050,271,1321,0.7948523846
"American Indian / Alaska Native",Wyoming,56,219,76,295,0.7423728814
