RACE_NAME,SEX_NAME,STATE_NAME,STATE_FIPS,BENE_YES,BENE_NO,TOTAL_BENE,BENE_YES_PCT
Unknown,Male,Alabama,1,993,136,1129,0.8795394154
Unknown,Male,Alaska,2,276,59,335,0.823880597
Unknown,Male,Arizona,4,2580,384,2964,0.8704453441
Unknown,Male,Arkansas,5,676,135,811,0.8335388409
Unknown,Male,California,6,9482,1437,10919,0.8683945416
Unknown,Male,Colorado,8,2035,338,2373,0.8575642646
Unknown,Male,Connecticut,9,2354,319,2673,0.8806584362
Unknown,Male,Delaware,10,694,89,783,0.8863346105
Unknown,Male,"District of Columbia",11,139,29,168,0.8273809524
Unknown,Male,Florida,12,9173,1446,10619,0.8638289858
Unknown,Male,Georgia,13,2621,433,3054,0.8582187295
Unknown,Male,Hawaii,15,210,35,245,0.8571428571
Unknown,Male,Idaho,16,623,102,725,0.8593103448
Unknown,Male,Illinois,17,5667,691,6358,0.8913180245
Unknown,Male,Indiana,18,3514,445,3959,0.8875978783
Unknown,Male,Iowa,19,1883,206,2089,0.901388224
Unknown,Male,Kansas,20,1358,181,1539,0.8823911631
Unknown,Male,Kentucky,21,1474,236,1710,0.8619883041
Unknown,Male,Louisiana,22,1260,212,1472,0.8559782609
Unknown,Male,Maine,23,826,107,933,0.8853161844
Unknown,Male,Maryland,24,2754,416,3170,0.8687697161
Unknown,Male,Massachusetts,25,4224,604,4828,0.8748964374
Unknown,Male,Michigan,26,4594,705,5299,0.8669560294
Unknown,Male,Minnesota,27,1773,252,2025,0.8755555556
Unknown,Male,Mississippi,28,558,107,665,0.8390977444
Unknown,Male,Missouri,29,2123,286,2409,0.8812785388
Unknown,Male,Montana,30,591,83,674,0.8768545994
Unknown,Male,Nebraska,31,1133,146,1279,0.885848319
Unknown,Male,Nevada,32,805,146,951,0.8464773922
Unknown,Male,"New Hampshire",33,1078,132,1210,0.8909090909
Unknown,Male,"New Jersey",34,4541,671,5212,0.8712586339
Unknown,Male,"New Mexico",35,516,87,603,0.855721393
Unknown,Male,"New York",36,9107,1580,10687,0.8521568261
Unknown,Male,"North Carolina",37,3752,575,4327,0.8671134735
Unknown,Male,"North Dakota",38,287,42,329,0.8723404255
Unknown,Male,Ohio,39,7540,1025,8565,0.8803269119
Unknown,Male,Oklahoma,40,934,169,1103,0.846781505
Unknown,Male,Oregon,41,1319,216,1535,0.8592833876
Unknown,Male,Pennsylvania,42,6032,771,6803,0.8866676466
Unknown,Male,"Rhode Island",44,569,77,646,0.8808049536
Unknown,Male,"South Carolina",45,2312,325,2637,0.876753887
Unknown,Male,"South Dakota",46,406,52,458,0.8864628821
Unknown,Male,Tennessee,47,2363,335,2698,0.8758339511
Unknown,Male,Texas,48,5510,920,6430,0.8569206843
Unknown,Male,Utah,49,561,106,667,0.8410794603
Unknown,Male,Vermont,50,769,97,866,0.8879907621
Unknown,Male,Virginia,51,3433,475,3908,0.8784544524
Unknown,Male,Washington,53,2548,421,2969,0.8582014146
Unknown,Male,"West Virginia",54,462,66,528,0.875
Unknown,Male,Wisconsin,55,3254,363,3617,0.8996405861
Unknown,Male,Wyoming,56,345,55,400,0.8625
Unknown,Female,Alabama,1,379,70,449,0.8440979955
Unknown,Female,Alaska,2,132,19,151,0.8741721854
Unknown,Female,Arizona,4,985,159,1144,0.861013986
Unknown,Female,Arkansas,5,260,46,306,0.8496732026
Unknown,Female,California,6,6251,936,7187,0.8697648532
Unknown,Female,Colorado,8,773,123,896,0.8627232143
Unknown,Female,Connecticut,9,1148,161,1309,0.8770053476
Unknown,Female,Delaware,10,298,44,342,0.8713450292
Unknown,Female,"District of Columbia",11,97,17,114,0.850877193
Unknown,Female,Florida,12,3770,662,4432,0.850631769
Unknown,Female,Georgia,13,1000,194,1194,0.837520938
Unknown,Female,Hawaii,15,141,22,163,0.8650306748
Unknown,Female,Idaho,16,239,25,264,0.9053030303
Unknown,Female,Illinois,17,2349,324,2673,0.8787878788
Unknown,Female,Indiana,18,1417,191,1608,0.8812189055
Unknown,Female,Iowa,19,638,77,715,0.8923076923
Unknown,Female,Kansas,20,542,62,604,0.8973509934
Unknown,Female,Kentucky,21,503,93,596,0.8439597315
Unknown,Female,Louisiana,22,524,96,620,0.8451612903
Unknown,Female,Maine,23,328,43,371,0.884097035
Unknown,Female,Maryland,24,1674,311,1985,0.843324937
Unknown,Female,Massachusetts,25,2783,484,3267,0.8518518519
Unknown,Female,Michigan,26,2597,390,2987,0.8694342149
Unknown,Female,Minnesota,27,843,134,977,0.8628454452
Unknown,Female,Mississippi,28,244,51,295,0.8271186441
Unknown,Female,Missouri,29,786,122,908,0.8656387665
Unknown,Female,Montana,30,218,33,251,0.8685258964
Unknown,Female,Nebraska,31,495,56,551,0.8983666062
Unknown,Female,Nevada,32,406,90,496,0.8185483871
Unknown,Female,"New Hampshire",33,490,56,546,0.8974358974
Unknown,Female,"New Jersey",34,2446,373,2819,0.8676835757
Unknown,Female,"New Mexico",35,252,30,282,0.8936170213
Unknown,Female,"New York",36,6186,1356,7542,0.8202068417
Unknown,Female,"North Carolina",37,1405,227,1632,0.8609068627
Unknown,Female,"North Dakota",38,114,18,132,0.8636363636
Unknown,Female,Ohio,39,2856,425,3281,0.8704663212
Unknown,Female,Oklahoma,40,370,59,429,0.8624708625
Unknown,Female,Oregon,41,609,110,719,0.8470097357
Unknown,Female,Pennsylvania,42,2685,343,3028,0.8867239102
Unknown,Female,"Rhode Island",44,358,50,408,0.8774509804
Unknown,Female,"South Carolina",45,826,155,981,0.8419979613
Unknown,Female,"South Dakota",46,163,19,182,0.8956043956
Unknown,Female,Tennessee,47,846,123,969,0.8730650155
Unknown,Female,Texas,48,2292,426,2718,0.8432671082
Unknown,Female,Utah,49,256,53,309,0.8284789644
Unknown,Female,Vermont,50,283,35,318,0.8899371069
Unknown,Female,Virginia,51,1464,218,1682,0.87039239
Unknown,Female,Washington,53,1613,289,1902,0.8480546793
Unknown,Female,"West Virginia",54,152,28,180,0.8444444444
Unknown,Female,Wisconsin,55,1466,152,1618,0.9060568603
Unknown,Female,Wyoming,56,135,22,157,0.8598726115
"Non-Hispanic White",Male,Alabama,1,64178,11649,75827,0.8463739829
"Non-Hispanic White",Male,Alaska,2,7741,1582,9323,0.8303121313
"Non-Hispanic White",Male,Arizona,4,75780,13537,89317,0.8484387071
"Non-Hispanic White",Male,Arkansas,5,48109,10094,58203,0.8265725134
"Non-Hispanic White",Male,California,6,232106,41863,273969,0.8471980407
"Non-Hispanic White",Male,Colorado,8,46035,8085,54120,0.8506097561
"Non-Hispanic White",Male,Connecticut,9,44574,6322,50896,0.8757859164
"Non-Hispanic White",Male,Delaware,10,19047,2642,21689,0.8781870995
"Non-Hispanic White",Male,"District of Columbia",11,1607,282,1889,0.8507146638
"Non-Hispanic White",Male,Florida,12,253458,44195,297653,0.8515217384
"Non-Hispanic White",Male,Georgia,13,91471,17515,108986,0.8392912851
"Non-Hispanic White",Male,Hawaii,15,4001,765,4766,0.8394880403
"Non-Hispanic White",Male,Idaho,16,23438,4229,27667,0.8471464199
"Non-Hispanic White",Male,Illinois,17,168219,25170,193389,0.8698478197
"Non-Hispanic White",Male,Indiana,18,106578,17256,123834,0.8606521634
"Non-Hispanic White",Male,Iowa,19,62630,8262,70892,0.8834565254
"Non-Hispanic White",Male,Kansas,20,48132,7154,55286,0.8706001519
"Non-Hispanic White",Male,Kentucky,21,81080,16675,97755,0.82942049
"Non-Hispanic White",Male,Louisiana,22,49371,9650,59021,0.8364988733
"Non-Hispanic White",Male,Maine,23,25092,3558,28650,0.8758115183
"Non-Hispanic White",Male,Maryland,24,59975,9332,69307,0.8653527061
"Non-Hispanic White",Male,Massachusetts,25,97737,13985,111722,0.8748232219
"Non-Hispanic White",Male,Michigan,26,140741,23930,164671,0.8546799376
"Non-Hispanic White",Male,Minnesota,27,60000,8161,68161,0.8802687754
"Non-Hispanic White",Male,Mississippi,28,40420,8783,49203,0.8214946243
"Non-Hispanic White",Male,Missouri,29,94029,15856,109885,0.8557036902
"Non-Hispanic White",Male,Montana,30,19230,3076,22306,0.8620998834
"Non-Hispanic White",Male,Nebraska,31,31851,4646,36497,0.8727018659
"Non-Hispanic White",Male,Nevada,32,26420,4976,31396,0.8415084724
"Non-Hispanic White",Male,"New Hampshire",33,25736,3562,29298,0.8784217353
"Non-Hispanic White",Male,"New Jersey",34,109936,17245,127181,0.8644058468
"Non-Hispanic White",Male,"New Mexico",35,15751,3060,18811,0.8373292223
"Non-Hispanic White",Male,"New York",36,180014,30252,210266,0.8561250987
"Non-Hispanic White",Male,"North Carolina",37,133821,22827,156648,0.8542783821
"Non-Hispanic White",Male,"North Dakota",38,13123,1636,14759,0.8891523816
"Non-Hispanic White",Male,Ohio,39,161458,26865,188323,0.8573461553
"Non-Hispanic White",Male,Oklahoma,40,52853,10437,63290,0.8350924317
"Non-Hispanic White",Male,Oregon,41,45741,8382,54123,0.845130536
"Non-Hispanic White",Male,Pennsylvania,42,171281,25305,196586,0.8712777105
"Non-Hispanic White",Male,"Rhode Island",44,13373,1844,15217,0.8788197411
"Non-Hispanic White",Male,"South Carolina",45,77120,13610,90730,0.8499944891
"Non-Hispanic White",Male,"South Dakota",46,16216,2281,18497,0.8766827053
"Non-Hispanic White",Male,Tennessee,47,100625,18077,118702,0.8477110748
"Non-Hispanic White",Male,Texas,48,223772,42378,266150,0.8407739996
"Non-Hispanic White",Male,Utah,49,24073,4808,28881,0.83352377
"Non-Hispanic White",Male,Vermont,50,13955,2083,16038,0.8701209627
"Non-Hispanic White",Male,Virginia,51,96021,15552,111573,0.8606114383
"Non-Hispanic White",Male,Washington,53,76363,13362,89725,0.8510782948
"Non-Hispanic White",Male,"West Virginia",54,35883,6705,42588,0.8425612849
"Non-Hispanic White",Male,Wisconsin,55,78593,10042,88635,0.886703898
"Non-Hispanic White",Male,Wyoming,56,9640,1764,11404,0.8453174325
"Non-Hispanic White",Female,Alabama,1,79554,14863,94417,0.8425813148
"Non-Hispanic White",Female,Alaska,2,7640,1372,9012,0.8477585442
"Non-Hispanic White",Female,Arizona,4,81054,14104,95158,0.8517833498
"Non-Hispanic White",Female,Arkansas,5,59344,12561,71905,0.8253111745
"Non-Hispanic White",Female,California,6,257224,45834,303058,0.8487616232
"Non-Hispanic White",Female,Colorado,8,50864,8964,59828,0.8501704887
"Non-Hispanic White",Female,Connecticut,9,56020,7898,63918,0.8764354329
"Non-Hispanic White",Female,Delaware,10,21563,3108,24671,0.8740221312
"Non-Hispanic White",Female,"District of Columbia",11,1448,235,1683,0.8603683898
"Non-Hispanic White",Female,Florida,12,270153,49249,319402,0.8458087301
"Non-Hispanic White",Female,Georgia,13,108045,21341,129386,0.8350594346
"Non-Hispanic White",Female,Hawaii,15,3712,631,4343,0.8547087267
"Non-Hispanic White",Female,Idaho,16,26248,4677,30925,0.8487631366
"Non-Hispanic White",Female,Illinois,17,210036,31784,241820,0.8685633943
"Non-Hispanic White",Female,Indiana,18,134998,22332,157330,0.8580563148
"Non-Hispanic White",Female,Iowa,19,79405,9897,89302,0.8891738147
"Non-Hispanic White",Female,Kansas,20,60968,9224,70192,0.868589013
"Non-Hispanic White",Female,Kentucky,21,96558,20007,116565,0.8283618582
"Non-Hispanic White",Female,Louisiana,22,58691,11917,70608,0.8312230909
"Non-Hispanic White",Female,Maine,23,29687,3956,33643,0.8824123889
"Non-Hispanic White",Female,Maryland,24,72672,11665,84337,0.8616858556
"Non-Hispanic White",Female,Massachusetts,25,114327,16231,130558,0.8756797745
"Non-Hispanic White",Female,Michigan,26,163984,27477,191461,0.8564877442
"Non-Hispanic White",Female,Minnesota,27,72081,9035,81116,0.8886163026
"Non-Hispanic White",Female,Mississippi,28,50171,11420,61591,0.8145832995
"Non-Hispanic White",Female,Missouri,29,114256,19139,133395,0.8565238577
"Non-Hispanic White",Female,Montana,30,21613,3354,24967,0.8656626747
"Non-Hispanic White",Female,Nebraska,31,42285,5976,48261,0.8761733076
"Non-Hispanic White",Female,Nevada,32,27807,5281,33088,0.8403953095
"Non-Hispanic White",Female,"New Hampshire",33,29667,4081,33748,0.8790743155
"Non-Hispanic White",Female,"New Jersey",34,135487,21404,156891,0.8635740737
"Non-Hispanic White",Female,"New Mexico",35,17847,3598,21445,0.8322219632
"Non-Hispanic White",Female,"New York",36,213396,36358,249754,0.854424754
"Non-Hispanic White",Female,"North Carolina",37,158873,27835,186708,0.8509169398
"Non-Hispanic White",Female,"North Dakota",38,16375,2012,18387,0.8905748627
"Non-Hispanic White",Female,Ohio,39,190016,32036,222052,0.8557274873
"Non-Hispanic White",Female,Oklahoma,40,67286,13957,81243,0.8282067378
"Non-Hispanic White",Female,Oregon,41,51883,9181,61064,0.849649548
"Non-Hispanic White",Female,Pennsylvania,42,205695,29628,235323,0.8740964547
"Non-Hispanic White",Female,"Rhode Island",44,16303,2225,18528,0.8799114853
"Non-Hispanic White",Female,"South Carolina",45,89069,16184,105253,0.8462371619
"Non-Hispanic White",Female,"South Dakota",46,19988,2696,22684,0.881149709
"Non-Hispanic White",Female,Tennessee,47,119892,22108,142000,0.8443098592
"Non-Hispanic White",Female,Texas,48,263757,53634,317391,0.8310160023
"Non-Hispanic White",Female,Utah,49,27122,5427,32549,0.833266767
"Non-Hispanic White",Female,Vermont,50,16195,2283,18478,0.8764476675
"Non-Hispanic White",Female,Virginia,51,113299,18895,132194,0.8570661301
"Non-Hispanic White",Female,Washington,53,85214,14836,100050,0.8517141429
"Non-Hispanic White",Female,"West Virginia",54,43161,7971,51132,0.844109364
"Non-Hispanic White",Female,Wisconsin,55,90533,11039,101572,0.8913184736
"Non-Hispanic White",Female,Wyoming,56,11250,2096,13346,0.8429491983
"Black or African-American",Male,Alabama,1,15114,4549,19663,0.7686517825
"Black or African-American",Male,Alaska,2,172,58,230,0.747826087
"Black or African-American",Male,Arizona,4,1953,647,2600,0.7511538462
"Black or African-American",Male,Arkansas,5,5303,1951,7254,0.7310449407
"Black or African-American",Male,California,6,17088,5335,22423,0.7620746555
"Black or African-American",Male,Colorado,8,1250,415,1665,0.7507507508
"Black or African-American",Male,Connecticut,9,3552,907,4459,0.7965911639
"Black or African-American",Male,Delaware,10,2865,733,3598,0.7962757087
"Black or African-American",Male,"District of Columbia",11,3168,1056,4224,0.75
"Black or African-American",Male,Florida,12,23790,7271,31061,0.7659122372
"Black or African-American",Male,Georgia,13,23814,7675,31489,0.7562640922
"Black or African-American",Male,Hawaii,15,115,41,156,0.7371794872
"Black or African-American",Male,Idaho,16,63,21,84,0.75
"Black or African-American",Male,Illinois,17,18710,6058,24768,0.7554102067
"Black or African-American",Male,Indiana,18,6215,1977,8192,0.7586669922
"Black or African-American",Male,Iowa,19,940,271,1211,0.7762180017
"Black or African-American",Male,Kansas,20,1798,537,2335,0.7700214133
"Black or African-American",Male,Kentucky,21,3893,1170,5063,0.7689117124
"Black or African-American",Male,Louisiana,22,16114,5740,21854,0.7373478539
"Black or African-American",Male,Maine,23,133,41,174,0.7643678161
"Black or African-American",Male,Maryland,24,16421,4823,21244,0.7729711919
"Black or African-American",Male,Massachusetts,25,5148,1495,6643,0.7749510763
"Black or African-American",Male,Michigan,26,16482,5761,22243,0.7409971676
"Black or African-American",Male,Minnesota,27,2097,716,2813,0.7454674724
"Black or African-American",Male,Mississippi,28,15248,5600,20848,0.7313891021
"Black or African-American",Male,Missouri,29,6550,2144,8694,0.7533931447
"Black or African-American",Male,Montana,30,37,15,52,0.7115384615
"Black or African-American",Male,Nebraska,31,700,195,895,0.782122905
"Black or African-American",Male,Nevada,32,2096,720,2816,0.7443181818
"Black or African-American",Male,"New Hampshire",33,157,40,197,0.7969543147
"Black or African-American",Male,"New Jersey",34,11310,3503,14813,0.763518531
"Black or African-American",Male,"New Mexico",35,381,119,500,0.762
"Black or African-American",Male,"New York",36,20682,6938,27620,0.7488052136
"Black or African-American",Male,"North Carolina",37,26641,8195,34836,0.7647548513
"Black or African-American",Male,"North Dakota",38,42,23,65,0.6461538462
"Black or African-American",Male,Ohio,39,13569,4294,17863,0.7596148463
"Black or African-American",Male,Oklahoma,40,2668,949,3617,0.7376278684
"Black or African-American",Male,Oregon,41,572,193,765,0.7477124183
"Black or African-American",Male,Pennsylvania,42,11751,3634,15385,0.7637959051
"Black or African-American",Male,"Rhode Island",44,575,148,723,0.7952973721
"Black or African-American",Male,"South Carolina",45,16229,5430,21659,0.7492959047
"Black or African-American",Male,"South Dakota",46,49,32,81,0.6049382716
"Black or African-American",Male,Tennessee,47,9858,3016,12874,0.765729377
"Black or African-American",Male,Texas,48,24579,8150,32729,0.7509853647
"Black or African-American",Male,Utah,49,136,57,193,0.7046632124
"Black or African-American",Male,Vermont,50,75,16,91,0.8241758242
"Black or African-American",Male,Virginia,51,16913,4570,21483,0.7872736582
"Black or African-American",Male,Washington,53,2049,689,2738,0.7483564646
"Black or African-American",Male,"West Virginia",54,874,277,1151,0.7593397046
"Black or African-American",Male,Wisconsin,55,3247,932,4179,0.7769801388
"Black or African-American",Male,Wyoming,56,48,18,66,0.7272727273
"Black or African-American",Female,Alabama,1,27637,7259,34896,0.791981889
"Black or African-American",Female,Alaska,2,262,88,350,0.7485714286
"Black or African-American",Female,Arizona,4,2926,892,3818,0.7663698271
"Black or African-American",Female,Arkansas,5,9237,2876,12113,0.7625691406
"Black or African-American",Female,California,6,25834,7359,33193,0.7782966288
"Black or African-American",Female,Colorado,8,1722,516,2238,0.7694369973
"Black or African-American",Female,Connecticut,9,6073,1367,7440,0.8162634409
"Black or African-American",Female,Delaware,10,4998,1213,6211,0.8047013363
"Black or African-American",Female,"District of Columbia",11,5586,1631,7217,0.7740058196
"Black or African-American",Female,Florida,12,36627,10544,47171,0.7764728329
"Black or African-American",Female,Georgia,13,42686,12258,54944,0.7769001165
"Black or African-American",Female,Hawaii,15,100,35,135,0.7407407407
"Black or African-American",Female,Idaho,16,73,27,100,0.73
"Black or African-American",Female,Illinois,17,34581,9683,44264,0.7812443521
"Black or African-American",Female,Indiana,18,11058,3146,14204,0.7785130949
"Black or African-American",Female,Iowa,19,1316,345,1661,0.7922937989
"Black or African-American",Female,Kansas,20,2885,708,3593,0.8029501809
"Black or African-American",Female,Kentucky,21,5970,1845,7815,0.763915547
"Black or African-American",Female,Louisiana,22,28040,8668,36708,0.7638661872
"Black or African-American",Female,Maine,23,87,26,113,0.7699115044
"Black or African-American",Female,Maryland,24,31060,8291,39351,0.7893064979
"Black or African-American",Female,Massachusetts,25,7648,1933,9581,0.7982465296
"Black or African-American",Female,Michigan,26,28094,8888,36982,0.759666865
"Black or African-American",Female,Minnesota,27,2419,795,3214,0.7526446795
"Black or African-American",Female,Mississippi,28,27371,8448,35819,0.7641475195
"Black or African-American",Female,Missouri,29,11366,3191,14557,0.7807927458
"Black or African-American",Female,Montana,30,38,12,50,0.76
"Black or African-American",Female,Nebraska,31,1098,285,1383,0.7939262473
"Black or African-American",Female,Nevada,32,3481,1103,4584,0.7593804538
"Black or African-American",Female,"New Hampshire",33,201,40,241,0.8340248963
"Black or African-American",Female,"New Jersey",34,21579,6028,27607,0.7816495816
"Black or African-American",Female,"New Mexico",35,503,145,648,0.7762345679
"Black or African-American",Female,"New York",36,37121,11564,48685,0.762473041
"Black or African-American",Female,"North Carolina",37,48573,12728,61301,0.7923688031
"Black or African-American",Female,"North Dakota",38,53,20,73,0.7260273973
"Black or African-American",Female,Ohio,39,22045,6426,28471,0.7742966527
"Black or African-American",Female,Oklahoma,40,4755,1510,6265,0.7589784517
"Black or African-American",Female,Oregon,41,636,193,829,0.7671893848
"Black or African-American",Female,Pennsylvania,42,18759,5084,23843,0.7867717989
"Black or African-American",Female,"Rhode Island",44,852,194,1046,0.8145315488
"Black or African-American",Female,"South Carolina",45,31164,8952,40116,0.7768471433
"Black or African-American",Female,"South Dakota",46,61,25,86,0.7093023256
"Black or African-American",Female,Tennessee,47,18316,4894,23210,0.7891426109
"Black or African-American",Female,Texas,48,45358,13591,58949,0.7694447743
"Black or African-American",Female,Utah,49,158,56,214,0.738317757
"Black or African-American",Female,Vermont,50,49,12,61,0.8032786885
"Black or African-American",Female,Virginia,51,30610,7320,37930,0.8070129185
"Black or African-American",Female,Washington,53,2570,694,3264,0.787377451
"Black or African-American",Female,"West Virginia",54,1267,379,1646,0.769744836
"Black or African-American",Female,Wisconsin,55,5073,1383,6456,0.7857806691
"Black or African-American",Female,Wyoming,56,53,16,69,0.768115942
Other,Male,Alabama,1,234,54,288,0.8125
Other,Male,Alaska,2,122,34,156,0.7820512821
Other,Male,Arizona,4,672,163,835,0.8047904192
Other,Male,Arkansas,5,156,37,193,0.8082901554
Other,Male,California,6,7667,1470,9137,0.8391156835
Other,Male,Colorado,8,338,83,421,0.8028503563
Other,Male,Connecticut,9,567,76,643,0.8818040435
Other,Male,Delaware,10,186,30,216,0.8611111111
Other,Male,"District of Columbia",11,55,11,66,0.8333333333
Other,Male,Florida,12,2645,508,3153,0.8388836029
Other,Male,Georgia,13,662,118,780,0.8487179487
Other,Male,Hawaii,15,2121,317,2438,0.8699753897
Other,Male,Idaho,16,166,29,195,0.8512820513
Other,Male,Illinois,17,2076,386,2462,0.8432168968
Other,Male,Indiana,18,493,101,594,0.82996633
Other,Male,Iowa,19,243,44,287,0.8466898955
Other,Male,Kansas,20,250,40,290,0.8620689655
Other,Male,Kentucky,21,296,55,351,0.8433048433
Other,Male,Louisiana,22,320,53,373,0.8579088472
Other,Male,Maine,23,158,24,182,0.8681318681
Other,Male,Maryland,24,894,174,1068,0.8370786517
Other,Male,Massachusetts,25,1465,255,1720,0.851744186
Other,Male,Michigan,26,1516,317,1833,0.8270594654
Other,Male,Minnesota,27,531,87,618,0.859223301
Other,Male,Mississippi,28,113,27,140,0.8071428571
Other,Male,Missouri,29,450,73,523,0.8604206501
Other,Male,Montana,30,107,22,129,0.8294573643
Other,Male,Nebraska,31,138,20,158,0.8734177215
Other,Male,Nevada,32,623,105,728,0.8557692308
Other,Male,"New Hampshire",33,189,26,215,0.8790697674
Other,Male,"New Jersey",34,1888,379,2267,0.8328187031
Other,Male,"New Mexico",35,143,42,185,0.772972973
Other,Male,"New York",36,3653,816,4469,0.8174088163
Other,Male,"North Carolina",37,1293,254,1547,0.8358112476
Other,Male,"North Dakota",38,82,12,94,0.8723404255
Other,Male,Ohio,39,1048,189,1237,0.8472109943
Other,Male,Oklahoma,40,284,68,352,0.8068181818
Other,Male,Oregon,41,442,62,504,0.876984127
Other,Male,Pennsylvania,42,1119,200,1319,0.8483699773
Other,Male,"Rhode Island",44,198,37,235,0.8425531915
Other,Male,"South Carolina",45,394,55,449,0.8775055679
Other,Male,"South Dakota",46,67,14,81,0.8271604938
Other,Male,Tennessee,47,425,96,521,0.8157389635
Other,Male,Texas,48,2157,449,2606,0.8277052955
Other,Male,Utah,49,187,52,239,0.7824267782
Other,Male,Vermont,50,102,14,116,0.8793103448
Other,Male,Virginia,51,1023,172,1195,0.8560669456
Other,Male,Washington,53,980,199,1179,0.8312128923
Other,Male,"West Virginia",54,147,22,169,0.8698224852
Other,Male,Wisconsin,55,440,54,494,0.8906882591
Other,Male,Wyoming,56,.,.,.,0.8474576271
Other,Female,Alabama,1,179,46,225,0.7955555556
Other,Female,Alaska,2,152,37,189,0.8042328042
Other,Female,Arizona,4,690,135,825,0.8363636364
Other,Female,Arkansas,5,144,33,177,0.813559322
Other,Female,California,6,8055,1383,9438,0.8534647171
Other,Female,Colorado,8,346,72,418,0.8277511962
Other,Female,Connecticut,9,507,84,591,0.8578680203
Other,Female,Delaware,10,159,24,183,0.868852459
Other,Female,"District of Columbia",11,62,20,82,0.756097561
Other,Female,Florida,12,2183,393,2576,0.8474378882
Other,Female,Georgia,13,578,130,708,0.8163841808
Other,Female,Hawaii,15,2354,364,2718,0.8660779985
Other,Female,Idaho,16,130,33,163,0.7975460123
Other,Female,Illinois,17,1935,330,2265,0.8543046358
Other,Female,Indiana,18,414,93,507,0.8165680473
Other,Female,Iowa,19,204,39,243,0.8395061728
Other,Female,Kansas,20,214,46,260,0.8230769231
Other,Female,Kentucky,21,194,32,226,0.8584070796
Other,Female,Louisiana,22,254,60,314,0.8089171975
Other,Female,Maine,23,88,21,109,0.8073394495
Other,Female,Maryland,24,900,182,1082,0.831792976
Other,Female,Massachusetts,25,1383,211,1594,0.8676286073
Other,Female,Michigan,26,1220,241,1461,0.8350444901
Other,Female,Minnesota,27,383,56,439,0.8724373576
Other,Female,Mississippi,28,124,27,151,0.821192053
Other,Female,Missouri,29,314,51,365,0.8602739726
Other,Female,Montana,30,90,15,105,0.8571428571
Other,Female,Nebraska,31,136,15,151,0.9006622517
Other,Female,Nevada,32,636,134,770,0.825974026
Other,Female,"New Hampshire",33,120,21,141,0.8510638298
Other,Female,"New Jersey",34,1854,339,2193,0.8454172367
Other,Female,"New Mexico",35,181,46,227,0.7973568282
Other,Female,"New York",36,3967,917,4884,0.8122440622
Other,Female,"North Carolina",37,1234,229,1463,0.8434723172
Other,Female,"North Dakota",38,49,12,61,0.8032786885
Other,Female,Ohio,39,902,138,1040,0.8673076923
Other,Female,Oklahoma,40,262,62,324,0.8086419753
Other,Female,Oregon,41,456,76,532,0.8571428571
Other,Female,Pennsylvania,42,950,158,1108,0.857400722
Other,Female,"Rhode Island",44,219,27,246,0.8902439024
Other,Female,"South Carolina",45,325,58,383,0.8485639687
Other,Female,"South Dakota",46,.,.,.,0.868852459
Other,Female,Tennessee,47,344,69,413,0.8329297821
Other,Female,Texas,48,1870,398,2268,0.8245149912
Other,Female,Utah,49,206,39,245,0.8408163265
Other,Female,Vermont,50,74,15,89,0.8314606742
Other,Female,Virginia,51,850,164,1014,0.8382642998
Other,Female,Washington,53,1093,232,1325,0.8249056604
Other,Female,"West Virginia",54,93,13,106,0.8773584906
Other,Female,Wisconsin,55,345,44,389,0.8868894602
Other,Female,Wyoming,56,.,.,.,0.9019607843
"Asian/Pacific Islander",Male,Alabama,1,302,77,379,0.7968337731
"Asian/Pacific Islander",Male,Alaska,2,404,102,506,0.7984189723
"Asian/Pacific Islander",Male,Arizona,4,1334,277,1611,0.8280571074
"Asian/Pacific Islander",Male,Arkansas,5,259,78,337,0.7685459941
"Asian/Pacific Islander",Male,California,6,55823,10476,66299,0.8419885669
"Asian/Pacific Islander",Male,Colorado,8,774,168,942,0.821656051
"Asian/Pacific Islander",Male,Connecticut,9,1100,206,1306,0.8422664625
"Asian/Pacific Islander",Male,Delaware,10,377,77,454,0.8303964758
"Asian/Pacific Islander",Male,"District of Columbia",11,125,21,146,0.8561643836
"Asian/Pacific Islander",Male,Florida,12,4380,921,5301,0.8262591964
"Asian/Pacific Islander",Male,Georgia,13,2463,569,3032,0.8123350923
"Asian/Pacific Islander",Male,Hawaii,15,7880,1350,9230,0.8537378115
"Asian/Pacific Islander",Male,Idaho,16,208,28,236,0.8813559322
"Asian/Pacific Islander",Male,Illinois,17,6486,1247,7733,0.8387430493
"Asian/Pacific Islander",Male,Indiana,18,771,148,919,0.8389553863
"Asian/Pacific Islander",Male,Iowa,19,395,73,468,0.844017094
"Asian/Pacific Islander",Male,Kansas,20,515,83,598,0.8612040134
"Asian/Pacific Islander",Male,Kentucky,21,308,83,391,0.7877237852
"Asian/Pacific Islander",Male,Louisiana,22,717,174,891,0.8047138047
"Asian/Pacific Islander",Male,Maine,23,130,17,147,0.8843537415
"Asian/Pacific Islander",Male,Maryland,24,3868,853,4721,0.8193179411
"Asian/Pacific Islander",Male,Massachusetts,25,3588,593,4181,0.8581679024
"Asian/Pacific Islander",Male,Michigan,26,2333,572,2905,0.8030981067
"Asian/Pacific Islander",Male,Minnesota,27,1155,321,1476,0.7825203252
"Asian/Pacific Islander",Male,Mississippi,28,269,67,336,0.8005952381
"Asian/Pacific Islander",Male,Missouri,29,682,158,840,0.8119047619
"Asian/Pacific Islander",Male,Montana,30,53,11,64,0.828125
"Asian/Pacific Islander",Male,Nebraska,31,242,38,280,0.8642857143
"Asian/Pacific Islander",Male,Nevada,32,1992,453,2445,0.8147239264
"Asian/Pacific Islander",Male,"New Hampshire",33,173,28,201,0.8606965174
"Asian/Pacific Islander",Male,"New Jersey",34,7369,1441,8810,0.8364358683
"Asian/Pacific Islander",Male,"New Mexico",35,211,56,267,0.7902621723
"Asian/Pacific Islander",Male,"New York",36,12409,2406,14815,0.83759703
"Asian/Pacific Islander",Male,"North Carolina",37,1728,412,2140,0.8074766355
"Asian/Pacific Islander",Male,"North Dakota",38,.,.,.,0.9111111111
"Asian/Pacific Islander",Male,Ohio,39,1750,357,2107,0.8305647841
"Asian/Pacific Islander",Male,Oklahoma,40,533,130,663,0.8039215686
"Asian/Pacific Islander",Male,Oregon,41,1064,207,1271,0.8371361133
"Asian/Pacific Islander",Male,Pennsylvania,42,3344,613,3957,0.8450846601
"Asian/Pacific Islander",Male,"Rhode Island",44,247,45,292,0.845890411
"Asian/Pacific Islander",Male,"South Carolina",45,643,126,769,0.8361508453
"Asian/Pacific Islander",Male,"South Dakota",46,47,15,62,0.7580645161
"Asian/Pacific Islander",Male,Tennessee,47,745,146,891,0.8361391695
"Asian/Pacific Islander",Male,Texas,48,9954,2186,12140,0.8199341021
"Asian/Pacific Islander",Male,Utah,49,451,100,551,0.8185117967
"Asian/Pacific Islander",Male,Vermont,50,76,17,93,0.8172043011
"Asian/Pacific Islander",Male,Virginia,51,3933,828,4761,0.8260869565
"Asian/Pacific Islander",Male,Washington,53,4883,907,5790,0.8433506045
"Asian/Pacific Islander",Male,"West Virginia",54,99,30,129,0.7674418605
"Asian/Pacific Islander",Male,Wisconsin,55,794,216,1010,0.7861386139
"Asian/Pacific Islander",Male,Wyoming,56,.,.,.,0.8048780488
"Asian/Pacific Islander",Female,Alabama,1,431,96,527,0.8178368121
"Asian/Pacific Islander",Female,Alaska,2,599,133,732,0.8183060109
"Asian/Pacific Islander",Female,Arizona,4,1718,371,2089,0.8224030637
"Asian/Pacific Islander",Female,Arkansas,5,349,90,439,0.7949886105
"Asian/Pacific Islander",Female,California,6,76941,13344,90285,0.8522013624
"Asian/Pacific Islander",Female,Colorado,8,974,219,1193,0.8164291702
"Asian/Pacific Islander",Female,Connecticut,9,1216,214,1430,0.8503496503
"Asian/Pacific Islander",Female,Delaware,10,434,66,500,0.868
"Asian/Pacific Islander",Female,"District of Columbia",11,189,28,217,0.8709677419
"Asian/Pacific Islander",Female,Florida,12,5382,1140,6522,0.8252069917
"Asian/Pacific Islander",Female,Georgia,13,2747,524,3271,0.8398043412
"Asian/Pacific Islander",Female,Hawaii,15,10542,1730,12272,0.8590286832
"Asian/Pacific Islander",Female,Idaho,16,251,48,299,0.8394648829
"Asian/Pacific Islander",Female,Illinois,17,7665,1308,8973,0.8542293547
"Asian/Pacific Islander",Female,Indiana,18,928,173,1101,0.8428701181
"Asian/Pacific Islander",Female,Iowa,19,581,104,685,0.8481751825
"Asian/Pacific Islander",Female,Kansas,20,639,121,760,0.8407894737
"Asian/Pacific Islander",Female,Kentucky,21,411,94,505,0.8138613861
"Asian/Pacific Islander",Female,Louisiana,22,834,181,1015,0.8216748768
"Asian/Pacific Islander",Female,Maine,23,156,24,180,0.8666666667
"Asian/Pacific Islander",Female,Maryland,24,5072,931,6003,0.8449108779
"Asian/Pacific Islander",Female,Massachusetts,25,4192,654,4846,0.8650433347
"Asian/Pacific Islander",Female,Michigan,26,2817,586,3403,0.8277990009
"Asian/Pacific Islander",Female,Minnesota,27,1376,353,1729,0.7958357432
"Asian/Pacific Islander",Female,Mississippi,28,323,58,381,0.8477690289
"Asian/Pacific Islander",Female,Missouri,29,875,177,1052,0.8317490494
"Asian/Pacific Islander",Female,Montana,30,97,20,117,0.8290598291
"Asian/Pacific Islander",Female,Nebraska,31,289,68,357,0.8095238095
"Asian/Pacific Islander",Female,Nevada,32,2958,657,3615,0.8182572614
"Asian/Pacific Islander",Female,"New Hampshire",33,224,31,255,0.8784313725
"Asian/Pacific Islander",Female,"New Jersey",34,8904,1611,10515,0.8467902996
"Asian/Pacific Islander",Female,"New Mexico",35,262,54,316,0.8291139241
"Asian/Pacific Islander",Female,"New York",36,17945,2923,20868,0.859929078
"Asian/Pacific Islander",Female,"North Carolina",37,2079,422,2501,0.831267493
"Asian/Pacific Islander",Female,"North Dakota",38,.,.,.,0.8333333333
"Asian/Pacific Islander",Female,Ohio,39,1856,356,2212,0.8390596745
"Asian/Pacific Islander",Female,Oklahoma,40,720,160,880,0.8181818182
"Asian/Pacific Islander",Female,Oregon,41,1463,284,1747,0.8374356039
"Asian/Pacific Islander",Female,Pennsylvania,42,3862,727,4589,0.8415776858
"Asian/Pacific Islander",Female,"Rhode Island",44,294,45,339,0.8672566372
"Asian/Pacific Islander",Female,"South Carolina",45,641,151,792,0.8093434343
"Asian/Pacific Islander",Female,"South Dakota",46,89,13,102,0.8725490196
"Asian/Pacific Islander",Female,Tennessee,47,871,181,1052,0.8279467681
"Asian/Pacific Islander",Female,Texas,48,12101,2393,14494,0.8348971988
"Asian/Pacific Islander",Female,Utah,49,572,157,729,0.7846364883
"Asian/Pacific Islander",Female,Vermont,50,100,22,122,0.8196721311
"Asian/Pacific Islander",Female,Virginia,51,5187,891,6078,0.8534057256
"Asian/Pacific Islander",Female,Washington,53,7058,1231,8289,0.8514899264
"Asian/Pacific Islander",Female,"West Virginia",54,160,28,188,0.8510638298
"Asian/Pacific Islander",Female,Wisconsin,55,1045,276,1321,0.7910673732
"Asian/Pacific Islander",Female,Wyoming,56,45,12,57,0.7894736842
Hispanic,Male,Alabama,1,460,124,584,0.7876712329
Hispanic,Male,Alaska,2,269,56,325,0.8276923077
Hispanic,Male,Arizona,4,10004,2912,12916,0.7745432022
Hispanic,Male,Arkansas,5,741,252,993,0.746223565
Hispanic,Male,California,6,84254,22854,107108,0.7866265825
Hispanic,Male,Colorado,8,5695,1506,7201,0.7908623802
Hispanic,Male,Connecticut,9,3864,964,4828,0.8003314002
Hispanic,Male,Delaware,10,552,154,706,0.7818696884
Hispanic,Male,"District of Columbia",11,266,102,368,0.722826087
Hispanic,Male,Florida,12,36210,7787,43997,0.8230106598
Hispanic,Male,Georgia,13,2230,641,2871,0.7767328457
Hispanic,Male,Hawaii,15,1005,218,1223,0.8217497956
Hispanic,Male,Idaho,16,1026,296,1322,0.776096823
Hispanic,Male,Illinois,17,14183,3790,17973,0.7891281366
Hispanic,Male,Indiana,18,2147,505,2652,0.8095776772
Hispanic,Male,Iowa,19,707,179,886,0.7979683973
Hispanic,Male,Kansas,20,1681,390,2071,0.8116851762
Hispanic,Male,Kentucky,21,372,147,519,0.7167630058
Hispanic,Male,Louisiana,22,1402,330,1732,0.8094688222
Hispanic,Male,Maine,23,119,26,145,0.8206896552
Hispanic,Male,Maryland,24,2100,529,2629,0.7987828072
Hispanic,Male,Massachusetts,25,8838,2275,11113,0.7952848016
Hispanic,Male,Michigan,26,3245,849,4094,0.7926233512
Hispanic,Male,Minnesota,27,871,205,1076,0.8094795539
Hispanic,Male,Mississippi,28,327,83,410,0.7975609756
Hispanic,Male,Missouri,29,1028,251,1279,0.803752932
Hispanic,Male,Montana,30,227,62,289,0.785467128
Hispanic,Male,Nebraska,31,780,240,1020,0.7647058824
Hispanic,Male,Nevada,32,3581,1113,4694,0.7628887942
Hispanic,Male,"New Hampshire",33,325,78,403,0.8064516129
Hispanic,Male,"New Jersey",34,12992,3498,16490,0.7878714372
Hispanic,Male,"New Mexico",35,9628,2674,12302,0.7826369696
Hispanic,Male,"New York",36,18900,5499,24399,0.7746219107
Hispanic,Male,"North Carolina",37,2344,694,3038,0.771560237
Hispanic,Male,"North Dakota",38,78,18,96,0.8125
Hispanic,Male,Ohio,39,2551,626,3177,0.8029587661
Hispanic,Male,Oklahoma,40,1453,441,1894,0.7671594509
Hispanic,Male,Oregon,41,1979,587,2566,0.7712392829
Hispanic,Male,Pennsylvania,42,5675,1588,7263,0.7813575657
Hispanic,Male,"Rhode Island",44,1523,354,1877,0.8114011721
Hispanic,Male,"South Carolina",45,916,239,1155,0.7930735931
Hispanic,Male,"South Dakota",46,107,29,136,0.7867647059
Hispanic,Male,Tennessee,47,841,242,1083,0.7765466297
Hispanic,Male,Texas,48,64939,18041,82980,0.7825861653
Hispanic,Male,Utah,49,1195,352,1547,0.7724628313
Hispanic,Male,Vermont,50,72,16,88,0.8181818182
Hispanic,Male,Virginia,51,1996,523,2519,0.7923779277
Hispanic,Male,Washington,53,3778,1035,4813,0.784957407
Hispanic,Male,"West Virginia",54,144,34,178,0.808988764
Hispanic,Male,Wisconsin,55,1787,401,2188,0.8167276051
Hispanic,Male,Wyoming,56,414,119,533,0.7767354597
Hispanic,Female,Alabama,1,674,182,856,0.7873831776
Hispanic,Female,Alaska,2,339,95,434,0.7811059908
Hispanic,Female,Arizona,4,11431,2894,14325,0.7979755672
Hispanic,Female,Arkansas,5,934,334,1268,0.7365930599
Hispanic,Female,California,6,112178,26464,138642,0.8091198915
Hispanic,Female,Colorado,8,6987,1732,8719,0.8013533662
Hispanic,Female,Connecticut,9,5156,1224,6380,0.8081504702
Hispanic,Female,Delaware,10,744,155,899,0.8275862069
Hispanic,Female,"District of Columbia",11,466,120,586,0.795221843
Hispanic,Female,Florida,12,54664,10587,65251,0.837749613
Hispanic,Female,Georgia,13,3058,875,3933,0.7775235189
Hispanic,Female,Hawaii,15,1350,280,1630,0.8282208589
Hispanic,Female,Idaho,16,1289,360,1649,0.7816858702
Hispanic,Female,Illinois,17,18403,4488,22891,0.8039404133
Hispanic,Female,Indiana,18,2852,706,3558,0.8015739179
Hispanic,Female,Iowa,19,970,238,1208,0.8029801325
Hispanic,Female,Kansas,20,2268,491,2759,0.8220369699
Hispanic,Female,Kentucky,21,639,167,806,0.7928039702
Hispanic,Female,Louisiana,22,1933,425,2358,0.8197625106
Hispanic,Female,Maine,23,155,34,189,0.8201058201
Hispanic,Female,Maryland,24,3579,894,4473,0.8001341382
Hispanic,Female,Massachusetts,25,11045,2437,13482,0.8192404688
Hispanic,Female,Michigan,26,4089,991,5080,0.8049212598
Hispanic,Female,Minnesota,27,1038,269,1307,0.7941851568
Hispanic,Female,Mississippi,28,402,131,533,0.7542213884
Hispanic,Female,Missouri,29,1376,336,1712,0.8037383178
Hispanic,Female,Montana,30,248,55,303,0.8184818482
Hispanic,Female,Nebraska,31,985,246,1231,0.8001624695
Hispanic,Female,Nevada,32,5265,1447,6712,0.7844159714
Hispanic,Female,"New Hampshire",33,375,83,458,0.8187772926
Hispanic,Female,"New Jersey",34,19687,4596,24283,0.8107317877
Hispanic,Female,"New Mexico",35,11721,2851,14572,0.8043508098
Hispanic,Female,"New York",36,32179,7671,39850,0.8075031368
Hispanic,Female,"North Carolina",37,3610,964,4574,0.7892435505
Hispanic,Female,"North Dakota",38,103,28,131,0.786259542
Hispanic,Female,Ohio,39,3056,794,3850,0.7937662338
Hispanic,Female,Oklahoma,40,1938,532,2470,0.7846153846
Hispanic,Female,Oregon,41,2401,638,3039,0.7900625206
Hispanic,Female,Pennsylvania,42,7074,1647,8721,0.8111455108
Hispanic,Female,"Rhode Island",44,2144,418,2562,0.8368462139
Hispanic,Female,"South Carolina",45,1248,314,1562,0.7989756722
Hispanic,Female,"South Dakota",46,139,27,166,0.8373493976
Hispanic,Female,Tennessee,47,1197,317,1514,0.7906208719
Hispanic,Female,Texas,48,91356,23053,114409,0.7985036142
Hispanic,Female,Utah,49,1505,463,1968,0.7647357724
Hispanic,Female,Vermont,50,94,18,112,0.8392857143
Hispanic,Female,Virginia,51,3281,762,4043,0.8115260945
Hispanic,Female,Washington,53,5042,1209,6251,0.8065909454
Hispanic,Female,"West Virginia",54,189,32,221,0.8552036199
Hispanic,Female,Wisconsin,55,2291,488,2779,0.8243972652
Hispanic,Female,Wyoming,56,532,139,671,0.7928464978
"American Indian / Alaska Native",Male,Alabama,1,91,34,125,0.728
"American Indian / Alaska Native",Male,Alaska,2,898,396,1294,0.6939721793
"American Indian / Alaska Native",Male,Arizona,4,1525,1097,2622,0.5816170862
"American Indian / Alaska Native",Male,Arkansas,5,180,64,244,0.737704918
"American Indian / Alaska Native",Male,California,6,1202,353,1555,0.7729903537
"American Indian / Alaska Native",Male,Colorado,8,124,40,164,0.756097561
"American Indian / Alaska Native",Male,Connecticut,9,.,.,.,0.7777777778
"American Indian / Alaska Native",Male,Delaware,10,.,.,.,0.7142857143
"American Indian / Alaska Native",Male,"District of Columbia",11,.,0,.,1
"American Indian / Alaska Native",Male,Florida,12,150,44,194,0.7731958763
"American Indian / Alaska Native",Male,Georgia,13,43,22,65,0.6615384615
"American Indian / Alaska Native",Male,Hawaii,15,.,.,.,0.8095238095
"American Indian / Alaska Native",Male,Idaho,16,131,40,171,0.7660818713
"American Indian / Alaska Native",Male,Illinois,17,70,14,84,0.8333333333
"American Indian / Alaska Native",Male,Indiana,18,42,12,54,0.7777777778
"American Indian / Alaska Native",Male,Iowa,19,53,28,81,0.6543209877
"American Indian / Alaska Native",Male,Kansas,20,203,60,263,0.7718631179
"American Indian / Alaska Native",Male,Kentucky,21,.,.,.,0.8235294118
"American Indian / Alaska Native",Male,Louisiana,22,66,21,87,0.7586206897
"American Indian / Alaska Native",Male,Maine,23,76,21,97,0.7835051546
"American Indian / Alaska Native",Male,Maryland,24,.,.,.,0.8205128205
"American Indian / Alaska Native",Male,Massachusetts,25,67,20,87,0.7701149425
"American Indian / Alaska Native",Male,Michigan,26,477,108,585,0.8153846154
"American Indian / Alaska Native",Male,Minnesota,27,474,179,653,0.7258805513
"American Indian / Alaska Native",Male,Mississippi,28,36,22,58,0.6206896552
"American Indian / Alaska Native",Male,Missouri,29,152,40,192,0.7916666667
"American Indian / Alaska Native",Male,Montana,30,499,193,692,0.7210982659
"American Indian / Alaska Native",Male,Nebraska,31,106,43,149,0.711409396
"American Indian / Alaska Native",Male,Nevada,32,153,64,217,0.7050691244
"American Indian / Alaska Native",Male,"New Hampshire",33,.,0,.,1
"American Indian / Alaska Native",Male,"New Jersey",34,46,18,64,0.71875
"American Indian / Alaska Native",Male,"New Mexico",35,941,605,1546,0.6086675291
"American Indian / Alaska Native",Male,"New York",36,297,94,391,0.7595907928
"American Indian / Alaska Native",Male,"North Carolina",37,864,244,1108,0.7797833935
"American Indian / Alaska Native",Male,"North Dakota",38,267,93,360,0.7416666667
"American Indian / Alaska Native",Male,Ohio,39,59,12,71,0.8309859155
"American Indian / Alaska Native",Male,Oklahoma,40,3933,1451,5384,0.7304977712
"American Indian / Alaska Native",Male,Oregon,41,349,110,459,0.7603485839
"American Indian / Alaska Native",Male,Pennsylvania,42,43,21,64,0.671875
"American Indian / Alaska Native",Male,"Rhode Island",44,.,.,.,0.8518518519
"American Indian / Alaska Native",Male,"South Carolina",45,59,25,84,0.7023809524
"American Indian / Alaska Native",Male,"South Dakota",46,344,194,538,0.6394052045
"American Indian / Alaska Native",Male,Tennessee,47,53,13,66,0.803030303
"American Indian / Alaska Native",Male,Texas,48,430,119,549,0.7832422587
"American Indian / Alaska Native",Male,Utah,49,117,79,196,0.5969387755
"American Indian / Alaska Native",Male,Vermont,50,.,.,.,0.5714285714
"American Indian / Alaska Native",Male,Virginia,51,.,.,.,0.8039215686
"American Indian / Alaska Native",Male,Washington,53,799,255,1054,0.7580645161
"American Indian / Alaska Native",Male,"West Virginia",54,.,.,.,0.6923076923
"American Indian / Alaska Native",Male,Wisconsin,55,432,138,570,0.7578947368
"American Indian / Alaska Native",Male,Wyoming,56,83,41,124,0.6693548387
"American Indian / Alaska Native",Female,Alabama,1,81,21,102,0.7941176471
"American Indian / Alaska Native",Female,Alaska,2,1183,454,1637,0.7226634087
"American Indian / Alaska Native",Female,Arizona,4,2156,1692,3848,0.5602910603
"American Indian / Alaska Native",Female,Arkansas,5,230,63,293,0.7849829352
"American Indian / Alaska Native",Female,California,6,1841,577,2418,0.7613730356
"American Indian / Alaska Native",Female,Colorado,8,165,61,226,0.7300884956
"American Indian / Alaska Native",Female,Connecticut,9,.,.,.,0.8
"American Indian / Alaska Native",Female,Delaware,10,.,.,.,0.9473684211
"American Indian / Alaska Native",Female,"District of Columbia",11,.,0,.,1
"American Indian / Alaska Native",Female,Florida,12,240,68,308,0.7792207792
"American Indian / Alaska Native",Female,Georgia,13,79,27,106,0.7452830189
"American Indian / Alaska Native",Female,Hawaii,15,.,.,.,0.7727272727
"American Indian / Alaska Native",Female,Idaho,16,220,71,291,0.7560137457
"American Indian / Alaska Native",Female,Illinois,17,117,26,143,0.8181818182
"American Indian / Alaska Native",Female,Indiana,18,60,15,75,0.8
"American Indian / Alaska Native",Female,Iowa,19,100,36,136,0.7352941176
"American Indian / Alaska Native",Female,Kansas,20,315,113,428,0.7359813084
"American Indian / Alaska Native",Female,Kentucky,21,.,.,.,0.8181818182
"American Indian / Alaska Native",Female,Louisiana,22,68,19,87,0.7816091954
"American Indian / Alaska Native",Female,Maine,23,86,21,107,0.8037383178
"American Indian / Alaska Native",Female,Maryland,24,55,13,68,0.8088235294
"American Indian / Alaska Native",Female,Massachusetts,25,83,19,102,0.8137254902
"American Indian / Alaska Native",Female,Michigan,26,619,160,779,0.7946084724
"American Indian / Alaska Native",Female,Minnesota,27,630,233,863,0.7300115875
"American Indian / Alaska Native",Female,Mississippi,28,47,34,81,0.5802469136
"American Indian / Alaska Native",Female,Missouri,29,187,57,244,0.7663934426
"American Indian / Alaska Native",Female,Montana,30,630,313,943,0.6680805938
"American Indian / Alaska Native",Female,Nebraska,31,176,95,271,0.6494464945
"American Indian / Alaska Native",Female,Nevada,32,302,121,423,0.7139479905
"American Indian / Alaska Native",Female,"New Hampshire",33,.,.,.,0.7857142857
"American Indian / Alaska Native",Female,"New Jersey",34,60,15,75,0.8
"American Indian / Alaska Native",Female,"New Mexico",35,1505,937,2442,0.6162981163
"American Indian / Alaska Native",Female,"New York",36,510,127,637,0.8006279435
"American Indian / Alaska Native",Female,"North Carolina",37,1167,391,1558,0.7490372272
"American Indian / Alaska Native",Female,"North Dakota",38,358,125,483,0.7412008282
"American Indian / Alaska Native",Female,Ohio,39,61,15,76,0.8026315789
"American Indian / Alaska Native",Female,Oklahoma,40,5667,2265,7932,0.7144478064
"American Indian / Alaska Native",Female,Oregon,41,449,192,641,0.7004680187
"American Indian / Alaska Native",Female,Pennsylvania,42,65,15,80,0.8125
"American Indian / Alaska Native",Female,"Rhode Island",44,.,.,.,0.8636363636
"American Indian / Alaska Native",Female,"South Carolina",45,73,39,112,0.6517857143
"American Indian / Alaska Native",Female,"South Dakota",46,514,342,856,0.6004672897
"American Indian / Alaska Native",Female,Tennessee,47,69,27,96,0.71875
"American Indian / Alaska Native",Female,Texas,48,671,201,872,0.7694954128
"American Indian / Alaska Native",Female,Utah,49,193,112,305,0.6327868852
"American Indian / Alaska Native",Female,Vermont,50,.,.,.,0.5
"American Indian / Alaska Native",Female,Virginia,51,60,13,73,0.8219178082
"American Indian / Alaska Native",Female,Washington,53,1088,401,1489,0.7306917394
"American Indian / Alaska Native",Female,"West Virginia",54,.,.,.,0.75
"American Indian / Alaska Native",Female,Wisconsin,55,578,172,750,0.7706666667
"American Indian / Alaska Native",Female,Wyoming,56,127,44,171,0.7426900585
,,,,0,0,0,0
