AGE_GROUP,STATE_NAME,STATE_FIPS,BENE_YES,BENE_NO,TOTAL_BENE,BENE_YES_PCT
_18-39,Alabama,1,1094,533,1627,0.6724031961
_18-39,Alaska,2,88,24,112,0.7857142857
_18-39,Arizona,4,448,270,718,0.6239554318
_18-39,Arkansas,5,768,456,1224,0.6274509804
_18-39,California,6,2891,1003,3894,0.7424242424
_18-39,Colorado,8,387,146,533,0.7260787992
_18-39,Connecticut,9,420,112,532,0.7894736842
_18-39,Delaware,10,128,43,171,0.7485380117
_18-39,"District of Columbia",11,65,33,98,0.6632653061
_18-39,Florida,12,2067,852,2919,0.7081192189
_18-39,Georgia,13,1240,695,1935,0.6408268734
_18-39,Hawaii,15,90,26,116,0.775862069
_18-39,Idaho,16,276,116,392,0.7040816327
_18-39,Illinois,17,1618,613,2231,0.7252353205
_18-39,Indiana,18,1208,488,1696,0.7122641509
_18-39,Iowa,19,583,165,748,0.7794117647
_18-39,Kansas,20,532,148,680,0.7823529412
_18-39,Kentucky,21,1148,557,1705,0.673313783
_18-39,Louisiana,22,960,558,1518,0.6324110672
_18-39,Maine,23,325,98,423,0.768321513
_18-39,Maryland,24,772,299,1071,0.720821662
_18-39,Massachusetts,25,1050,386,1436,0.7311977716
_18-39,Michigan,26,1665,786,2451,0.6793145655
_18-39,Minnesota,27,855,232,1087,0.7865685373
_18-39,Mississippi,28,736,440,1176,0.6258503401
_18-39,Missouri,29,1279,515,1794,0.7129319955
_18-39,Montana,30,129,45,174,0.7413793103
_18-39,Nebraska,31,321,96,417,0.7697841727
_18-39,Nevada,32,222,88,310,0.7161290323
_18-39,"New Hampshire",33,217,75,292,0.7431506849
_18-39,"New Jersey",34,760,298,1058,0.7183364839
_18-39,"New Mexico",35,315,152,467,0.6745182013
_18-39,"New York",36,2037,786,2823,0.7215727949
_18-39,"North Carolina",37,1681,755,2436,0.6900656814
_18-39,"North Dakota",38,141,43,184,0.7663043478
_18-39,Ohio,39,2054,857,2911,0.7055994504
_18-39,Oklahoma,40,786,353,1139,0.6900790167
_18-39,Oregon,41,403,150,553,0.7287522604
_18-39,Pennsylvania,42,1832,691,2523,0.7261196988
_18-39,"Rhode Island",44,190,58,248,0.7661290323
_18-39,"South Carolina",45,811,408,1219,0.6652994258
_18-39,"South Dakota",46,138,51,189,0.7301587302
_18-39,Tennessee,47,1140,521,1661,0.686333534
_18-39,Texas,48,2909,1344,4253,0.6839877733
_18-39,Utah,49,276,96,372,0.7419354839
_18-39,Vermont,50,151,43,194,0.7783505155
_18-39,Virginia,51,1106,466,1572,0.703562341
_18-39,Washington,53,828,301,1129,0.7333923826
_18-39,"West Virginia",54,553,212,765,0.722875817
_18-39,Wisconsin,55,1010,261,1271,0.794649882
_18-39,Wyoming,56,82,22,104,0.7884615385
_40-64,Alabama,1,26723,8750,35473,0.7533335213
_40-64,Alaska,2,1385,447,1832,0.7560043668
_40-64,Arizona,4,11130,4192,15322,0.7264064744
_40-64,Arkansas,5,17115,6131,23246,0.7362556999
_40-64,California,6,70863,20469,91332,0.7758835895
_40-64,Colorado,8,9507,2583,12090,0.7863523573
_40-64,Connecticut,9,9758,2338,12096,0.806712963
_40-64,Delaware,10,3733,1040,4773,0.7821076891
_40-64,"District of Columbia",11,1907,788,2695,0.707606679
_40-64,Florida,12,52782,14980,67762,0.7789321449
_40-64,Georgia,13,31824,11326,43150,0.7375202781
_40-64,Hawaii,15,1937,563,2500,0.7748
_40-64,Idaho,16,4770,1358,6128,0.7783942559
_40-64,Illinois,17,37600,10911,48511,0.7750819402
_40-64,Indiana,18,25970,7476,33446,0.7764755128
_40-64,Iowa,19,10263,2402,12665,0.8103434662
_40-64,Kansas,20,9892,2485,12377,0.7992243678
_40-64,Kentucky,21,29000,9777,38777,0.747866003
_40-64,Louisiana,22,21252,7863,29115,0.7299330242
_40-64,Maine,23,7660,1507,9167,0.835605978
_40-64,Maryland,24,16080,5258,21338,0.7535851532
_40-64,Massachusetts,25,25469,6376,31845,0.7997801853
_40-64,Michigan,26,41816,12527,54343,0.7694827301
_40-64,Minnesota,27,13645,3366,17011,0.8021280348
_40-64,Mississippi,28,19537,7733,27270,0.7164283095
_40-64,Missouri,29,27779,7937,35716,0.7777746668
_40-64,Montana,30,2967,870,3837,0.7732603597
_40-64,Nebraska,31,4717,1268,5985,0.7881370092
_40-64,Nevada,32,5673,2057,7730,0.7338939198
_40-64,"New Hampshire",33,4635,1042,5677,0.8164523516
_40-64,"New Jersey",34,21792,6020,27812,0.7835466705
_40-64,"New Mexico",35,6884,2358,9242,0.7448604198
_40-64,"New York",36,49973,13785,63758,0.7837918379
_40-64,"North Carolina",37,41303,12744,54047,0.7642052288
_40-64,"North Dakota",38,1743,422,2165,0.8050808314
_40-64,Ohio,39,41386,12515,53901,0.7678150684
_40-64,Oklahoma,40,15411,5724,21135,0.7291696238
_40-64,Oregon,41,10145,3101,13246,0.7658915899
_40-64,Pennsylvania,42,43013,10749,53762,0.8000632417
_40-64,"Rhode Island",44,4134,938,5072,0.8150630915
_40-64,"South Carolina",45,21185,7065,28250,0.7499115044
_40-64,"South Dakota",46,2151,604,2755,0.7807622505
_40-64,Tennessee,47,29426,9176,38602,0.7622921092
_40-64,Texas,48,59423,20364,79787,0.7447704513
_40-64,Utah,49,3855,1281,5136,0.7505841121
_40-64,Vermont,50,2767,612,3379,0.8188813258
_40-64,Virginia,51,23404,6858,30262,0.7733791554
_40-64,Washington,53,16902,4799,21701,0.7788581171
_40-64,"West Virginia",54,12915,3699,16614,0.7773564464
_40-64,Wisconsin,55,17834,3996,21830,0.8169491525
_40-64,Wyoming,56,1439,440,1879,0.7658328898
_65-69,Alabama,1,31812,6579,38391,0.8286317106
_65-69,Alaska,2,4919,1087,6006,0.819014319
_65-69,Arizona,4,38093,7425,45518,0.8368777187
_65-69,Arkansas,5,25433,5547,30980,0.8209489994
_65-69,California,6,161148,32891,194039,0.8304928391
_65-69,Colorado,8,24724,4607,29331,0.8429306877
_65-69,Connecticut,9,17348,2801,20149,0.8609856569
_65-69,Delaware,10,10105,1557,11662,0.8664894529
_65-69,"District of Columbia",11,2498,697,3195,0.7818466354
_65-69,Florida,12,114693,21490,136183,0.8421976311
_65-69,Georgia,13,52953,11441,64394,0.8223281672
_65-69,Hawaii,15,5944,1011,6955,0.8546369518
_65-69,Idaho,16,11624,2034,13658,0.8510762923
_65-69,Illinois,17,89637,15259,104896,0.854532108
_65-69,Indiana,18,54483,8845,63328,0.8603303436
_65-69,Iowa,19,31039,3862,34901,0.8893441449
_65-69,Kansas,20,25997,4004,30001,0.8665377821
_65-69,Kentucky,21,38939,7831,46770,0.8325636092
_65-69,Louisiana,22,33252,7540,40792,0.8151598353
_65-69,Maine,23,9076,1231,10307,0.8805666052
_65-69,Maryland,24,37616,7177,44793,0.8397740718
_65-69,Massachusetts,25,45792,7092,52884,0.8658951668
_65-69,Michigan,26,68459,12805,81264,0.842427151
_65-69,Minnesota,27,26937,3599,30536,0.8821391145
_65-69,Mississippi,28,28865,7140,36005,0.8016942091
_65-69,Missouri,29,45185,7650,52835,0.8552096148
_65-69,Montana,30,9920,1610,11530,0.8603642671
_65-69,Nebraska,31,17043,2400,19443,0.8765622589
_65-69,Nevada,32,14351,3090,17441,0.8228312597
_65-69,"New Hampshire",33,10606,1395,12001,0.8837596867
_65-69,"New Jersey",34,53228,9514,62742,0.8483631379
_65-69,"New Mexico",35,12174,2792,14966,0.813443806
_65-69,"New York",36,87182,16482,103664,0.8410055564
_65-69,"North Carolina",37,71752,13882,85634,0.8378914917
_65-69,"North Dakota",38,6704,842,7546,0.8884177047
_65-69,Ohio,39,83035,14032,97067,0.8554400569
_65-69,Oklahoma,40,29928,6353,36281,0.8248945729
_65-69,Oregon,41,22918,4263,27181,0.8431625032
_65-69,Pennsylvania,42,89902,13434,103336,0.8699969033
_65-69,"Rhode Island",44,6703,1012,7715,0.8688269605
_65-69,"South Carolina",45,44713,9164,53877,0.8299088665
_65-69,"South Dakota",46,8575,1284,9859,0.8697636677
_65-69,Tennessee,47,51636,9434,61070,0.8455215327
_65-69,Texas,48,137371,29195,166566,0.8247241334
_65-69,Utah,49,11295,2225,13520,0.8354289941
_65-69,Vermont,50,6216,903,7119,0.8731563422
_65-69,Virginia,51,55096,9675,64771,0.8506275957
_65-69,Washington,53,36085,6633,42718,0.8447258767
_65-69,"West Virginia",54,17229,3044,20273,0.8498495536
_65-69,Wisconsin,55,39778,4890,44668,0.890525656
_65-69,Wyoming,56,5386,937,6323,0.8518108493
_70-74,Alabama,1,51656,9094,60750,0.8503045267
_70-74,Alaska,2,5760,1151,6911,0.8334539141
_70-74,Arizona,4,58450,10455,68905,0.8482693564
_70-74,Arkansas,5,31549,6026,37575,0.8396274118
_70-74,California,6,227587,41815,269402,0.8447858591
_70-74,Colorado,8,33619,5756,39375,0.853815873
_70-74,Connecticut,9,30992,4270,35262,0.8789064716
_70-74,Delaware,10,14610,2067,16677,0.8760568448
_70-74,"District of Columbia",11,3228,756,3984,0.8102409639
_70-74,Florida,12,181274,31148,212422,0.8533673537
_70-74,Georgia,13,75078,14593,89671,0.8372606528
_70-74,Hawaii,15,8703,1322,10025,0.8681296758
_70-74,Idaho,16,14054,2279,16333,0.8604665401
_70-74,Illinois,17,128358,18964,147322,0.871275166
_70-74,Indiana,18,71792,10705,82497,0.8702377056
_70-74,Iowa,19,38718,4539,43257,0.8950690062
_70-74,Kansas,20,31794,4397,36191,0.8785057058
_70-74,Kentucky,21,46419,8214,54633,0.8496513096
_70-74,Louisiana,22,41324,8188,49512,0.8346259493
_70-74,Maine,23,13286,1596,14882,0.89275635
_70-74,Maryland,24,53031,8925,61956,0.8559461553
_70-74,Massachusetts,25,67863,8972,76835,0.8832302987
_70-74,Michigan,26,89710,14942,104652,0.8572220311
_70-74,Minnesota,27,33247,4213,37460,0.8875333689
_70-74,Mississippi,28,34759,7709,42468,0.8184750871
_70-74,Missouri,29,59024,8843,67867,0.8697010329
_70-74,Montana,30,11709,1675,13384,0.8748505678
_70-74,Nebraska,31,21578,2898,24476,0.8815983004
_70-74,Nevada,32,22027,4151,26178,0.8414317366
_70-74,"New Hampshire",33,16289,1908,18197,0.8951475518
_70-74,"New Jersey",34,89729,14469,104198,0.8611393693
_70-74,"New Mexico",35,15587,3292,18879,0.8256263573
_70-74,"New York",36,137566,23987,161553,0.8515224106
_70-74,"North Carolina",37,100674,17307,117981,0.8533068884
_70-74,"North Dakota",38,7354,793,8147,0.9026635571
_70-74,Ohio,39,108259,16932,125191,0.864750661
_70-74,Oklahoma,40,37670,7195,44865,0.8396300011
_70-74,Oregon,41,29641,4869,34510,0.8589104607
_70-74,Pennsylvania,42,118209,16282,134491,0.878936137
_70-74,"Rhode Island",44,9666,1259,10925,0.8847597254
_70-74,"South Carolina",45,62310,11280,73590,0.8467183041
_70-74,"South Dakota",46,9740,1259,10999,0.8855350486
_70-74,Tennessee,47,68045,11451,79496,0.8559550166
_70-74,Texas,48,201364,39747,241111,0.8351506153
_70-74,Utah,49,15602,3051,18653,0.8364338176
_70-74,Vermont,50,8416,1028,9444,0.8911478187
_70-74,Virginia,51,76022,12225,88247,0.8614683785
_70-74,Washington,53,50065,8388,58453,0.8565000941
_70-74,"West Virginia",54,20908,3281,24189,0.864359833
_70-74,Wisconsin,55,49318,5893,55211,0.8932640235
_70-74,Wyoming,56,6141,1087,7228,0.8496126176
_75-79,Alabama,1,37440,6509,43949,0.8518965164
_75-79,Alaska,2,4108,839,4947,0.830402264
_75-79,Arizona,4,44300,8097,52397,0.845468252
_75-79,Arkansas,5,24237,4758,28995,0.8359027419
_75-79,California,6,190040,34375,224415,0.8468239645
_75-79,Colorado,8,24320,4229,28549,0.8518687169
_75-79,Connecticut,9,28085,3797,31882,0.8809045857
_75-79,Delaware,10,11165,1626,12791,0.8728793683
_75-79,"District of Columbia",11,2503,555,3058,0.8185088293
_75-79,Florida,12,160862,28081,188943,0.8513784581
_75-79,Georgia,13,58759,11556,70315,0.8356538434
_75-79,Hawaii,15,7604,1232,8836,0.8605703938
_75-79,Idaho,16,11072,1885,12957,0.8545187929
_75-79,Illinois,17,104037,16404,120441,0.863800533
_75-79,Indiana,18,53810,8506,62316,0.8635021503
_75-79,Iowa,19,29222,3554,32776,0.8915670002
_75-79,Kansas,20,23472,3333,26805,0.8756575266
_75-79,Kentucky,21,36216,6350,42566,0.8508199032
_75-79,Louisiana,22,29809,5940,35749,0.8338415061
_75-79,Maine,23,11789,1475,13264,0.8887967431
_75-79,Maryland,24,41783,7157,48940,0.8537597058
_75-79,Massachusetts,25,54333,7550,61883,0.8779955723
_75-79,Michigan,26,75730,12617,88347,0.8571881332
_75-79,Minnesota,27,28886,3634,32520,0.8882533825
_75-79,Mississippi,28,24892,5454,30346,0.8202728531
_75-79,Missouri,29,47055,7418,54473,0.8638224441
_75-79,Montana,30,8660,1298,9958,0.8696525407
_75-79,Nebraska,31,15840,2210,18050,0.8775623269
_75-79,Nevada,32,17593,3477,21070,0.8349786426
_75-79,"New Hampshire",33,12716,1628,14344,0.8865030675
_75-79,"New Jersey",34,75350,12423,87773,0.8584644481
_75-79,"New Mexico",35,11782,2492,14274,0.8254168418
_75-79,"New York",36,114373,20209,134582,0.84983876
_75-79,"North Carolina",37,83369,14396,97765,0.8527489388
_75-79,"North Dakota",38,6037,729,6766,0.8922553946
_75-79,Ohio,39,79487,12649,92136,0.8627138144
_75-79,Oklahoma,40,28151,5579,33730,0.8345982805
_75-79,Oregon,41,22196,3719,25915,0.8564923789
_75-79,Pennsylvania,42,82419,11895,94314,0.8738787455
_75-79,"Rhode Island",44,7669,948,8617,0.8899849135
_75-79,"South Carolina",45,46274,8479,54753,0.8451409055
_75-79,"South Dakota",46,7485,1037,8522,0.8783149495
_75-79,Tennessee,47,51807,8720,60527,0.8559320634
_75-79,Texas,48,164287,33247,197534,0.8316897344
_75-79,Utah,49,12116,2300,14416,0.8404550499
_75-79,Vermont,50,6590,898,7488,0.8800747863
_75-79,Virginia,51,57434,9265,66699,0.8610923702
_75-79,Washington,53,40417,6636,47053,0.8589675472
_75-79,"West Virginia",54,14381,2369,16750,0.8585671642
_75-79,Wisconsin,55,37443,4586,42029,0.8908848652
_75-79,Wyoming,56,4477,775,5252,0.8524371668
_80-84,Alabama,1,23536,4303,27839,0.8454326664
_80-84,Alaska,2,2272,516,2788,0.8149210904
_80-84,Arizona,4,25260,5157,30417,0.8304566525
_80-84,Arkansas,5,15192,3114,18306,0.8298918387
_80-84,California,6,127603,24471,152074,0.8390849192
_80-84,Colorado,8,14257,2638,16895,0.8438591299
_80-84,Connecticut,9,19403,2902,22305,0.8698946425
_80-84,Delaware,10,6877,1080,7957,0.8642704537
_80-84,"District of Columbia",11,1614,367,1981,0.8147400303
_80-84,Florida,12,103636,19388,123024,0.842404734
_80-84,Georgia,13,35262,7040,42302,0.8335776086
_80-84,Hawaii,15,4620,782,5402,0.8552388004
_80-84,Idaho,16,6941,1266,8207,0.8457414402
_80-84,Illinois,17,68785,11522,80307,0.8565255831
_80-84,Indiana,18,35008,5733,40741,0.8592818046
_80-84,Iowa,19,20696,2616,23312,0.887783116
_80-84,Kansas,20,15524,2368,17892,0.8676503465
_80-84,Kentucky,21,22715,4269,26984,0.8417951379
_80-84,Louisiana,22,18497,3960,22457,0.8236630004
_80-84,Maine,23,7954,1005,8959,0.8878223016
_80-84,Maryland,24,27525,4924,32449,0.8482541835
_80-84,Massachusetts,25,35169,5135,40304,0.872593291
_80-84,Michigan,26,50905,8827,59732,0.8522232639
_80-84,Minnesota,27,21372,2825,24197,0.8832499897
_80-84,Mississippi,28,15317,3561,18878,0.8113677296
_80-84,Missouri,29,29828,5107,34935,0.8538142264
_80-84,Montana,30,5538,957,6495,0.8526558891
_80-84,Nebraska,31,10675,1542,12217,0.8737824343
_80-84,Nevada,32,10080,2077,12157,0.8291519289
_80-84,"New Hampshire",33,7688,1075,8763,0.877325117
_80-84,"New Jersey",34,50160,8961,59121,0.8484294921
_80-84,"New Mexico",35,7308,1752,9060,0.8066225166
_80-84,"New York",36,81285,15653,96938,0.8385256556
_80-84,"North Carolina",37,48979,8963,57942,0.8453108281
_80-84,"North Dakota",38,4333,583,4916,0.8814076485
_80-84,Ohio,39,51910,8656,60566,0.8570815309
_80-84,Oklahoma,40,17774,3755,21529,0.8255840959
_80-84,Oregon,41,13554,2342,15896,0.8526673377
_80-84,Pennsylvania,42,53229,8122,61351,0.8676142198
_80-84,"Rhode Island",44,4365,600,4965,0.8791540785
_80-84,"South Carolina",45,26129,5139,31268,0.8356466675
_80-84,"South Dakota",46,5032,740,5772,0.8717948718
_80-84,Tennessee,47,30632,5601,36233,0.8454171612
_80-84,Texas,48,102242,22069,124311,0.8224694516
_80-84,Utah,49,7778,1609,9387,0.8285927346
_80-84,Vermont,50,4119,569,4688,0.8786262799
_80-84,Virginia,51,35928,6295,42223,0.8509106411
_80-84,Washington,53,27511,4684,32195,0.8545115701
_80-84,"West Virginia",54,9413,1602,11015,0.854561961
_80-84,Wisconsin,55,23483,3103,26586,0.8832844354
_80-84,Wyoming,56,2914,573,3487,0.8356753656
_85+,Alabama,1,18046,3392,21438,0.8417762851
_85+,Alaska,2,1657,421,2078,0.7974013474
_85+,Arizona,4,17127,3668,20795,0.8236114451
_85+,Arkansas,5,11628,2582,14210,0.818296974
_85+,California,6,115814,24661,140475,0.8244456309
_85+,Colorado,8,11268,2363,13631,0.8266451471
_85+,Connecticut,9,20171,3534,23705,0.8509175279
_85+,Delaware,10,5322,925,6247,0.8519289259
_85+,"District of Columbia",11,1400,356,1756,0.7972665148
_85+,Florida,12,87511,18876,106387,0.8225723068
_85+,Georgia,13,26381,5671,32052,0.8230687633
_85+,Hawaii,15,4667,861,5528,0.8442474674
_85+,Idaho,16,5368,1048,6416,0.8366583541
_85+,Illinois,17,60462,11626,72088,0.8387248918
_85+,Indiana,18,29216,5347,34563,0.8452969939
_85+,Iowa,19,19544,2661,22205,0.8801621256
_85+,Kansas,20,14557,2475,17032,0.8546852983
_85+,Kentucky,21,17316,3618,20934,0.8271711092
_85+,Louisiana,22,14500,3497,17997,0.8056898372
_85+,Maine,23,7031,1007,8038,0.8747200796
_85+,Maryland,24,24249,4681,28930,0.8381956447
_85+,Massachusetts,25,32852,5685,38537,0.8524794353
_85+,Michigan,26,44523,8471,52994,0.8401517153
_85+,Minnesota,27,20729,2927,23656,0.8762681772
_85+,Mississippi,28,11547,2821,14368,0.8036609131
_85+,Missouri,29,24024,4411,28435,0.8448742747
_85+,Montana,30,4755,809,5564,0.8546010065
_85+,Nebraska,31,10240,1655,11895,0.86086591
_85+,Nevada,32,6579,1470,8049,0.8173686172
_85+,"New Hampshire",33,6602,1058,7660,0.8618798956
_85+,"New Jersey",34,47080,9436,56516,0.8330384316
_85+,"New Mexico",35,5792,1466,7258,0.7980159824
_85+,"New York",36,83950,17599,101549,0.8266945022
_85+,"North Carolina",37,39626,7950,47576,0.8328989406
_85+,"North Dakota",38,4710,641,5351,0.8802093067
_85+,Ohio,39,42636,7917,50553,0.8433920836
_85+,Oklahoma,40,13936,3231,17167,0.8117900623
_85+,Oregon,41,10506,1987,12493,0.8409509325
_85+,Pennsylvania,42,49731,8561,58292,0.8531359363
_85+,"Rhode Island",44,3989,659,4648,0.8582185886
_85+,"South Carolina",45,19597,4128,23725,0.8260063224
_85+,"South Dakota",46,5122,772,5894,0.8690193417
_85+,Tennessee,47,23759,4741,28500,0.8336491228
_85+,Texas,48,81150,19973,101123,0.8024880591
_85+,Utah,49,5810,1299,7109,0.8172738782
_85+,Vermont,50,3592,581,4173,0.8607716271
_85+,Virginia,51,29121,5609,34730,0.8384969767
_85+,Washington,53,23270,4319,27589,0.8434521005
_85+,"West Virginia",54,7247,1384,8631,0.8396477813
_85+,Wisconsin,55,21012,2971,23983,0.8761205854
_85+,Wyoming,56,2362,514,2876,0.8212795549
