RACE_NAME,STATE_NAME,STATE_FIPS,BENE_YES,BENE_NO,TOTAL_BENE,BENE_YES_PCT
Unknown,Alabama,1,1553,224,1777,0.8739448509
Unknown,Alaska,2,433,56,489,0.8854805726
Unknown,Arizona,4,4334,538,4872,0.8895730706
Unknown,Arkansas,5,991,155,1146,0.8647469459
Unknown,California,6,20152,2577,22729,0.8866206168
Unknown,Colorado,8,3665,479,4144,0.8844111969
Unknown,Connecticut,9,4656,556,5212,0.8933231005
Unknown,Delaware,10,1425,151,1576,0.9041878173
Unknown,"District of Columbia",11,355,53,408,0.8700980392
Unknown,Florida,12,16403,2353,18756,0.8745468117
Unknown,Georgia,13,4424,642,5066,0.8732727991
Unknown,Hawaii,15,432,57,489,0.8834355828
Unknown,Idaho,16,898,119,1017,0.8829891839
Unknown,Illinois,17,10044,1129,11173,0.8989528327
Unknown,Indiana,18,5795,668,6463,0.8966424261
Unknown,Iowa,19,3141,297,3438,0.9136125654
Unknown,Kansas,20,2311,243,2554,0.9048551292
Unknown,Kentucky,21,2295,303,2598,0.8833718245
Unknown,Louisiana,22,2137,342,2479,0.8620411456
Unknown,Maine,23,1379,171,1550,0.8896774194
Unknown,Maryland,24,5549,786,6335,0.8759273875
Unknown,Massachusetts,25,9502,1247,10749,0.8839892083
Unknown,Michigan,26,8761,1092,9853,0.8891708109
Unknown,Minnesota,27,3393,385,3778,0.8980942298
Unknown,Mississippi,28,889,152,1041,0.8539865514
Unknown,Missouri,29,3467,431,3898,0.8894304772
Unknown,Montana,30,903,102,1005,0.8985074627
Unknown,Nebraska,31,1945,203,2148,0.9054934823
Unknown,Nevada,32,1439,223,1662,0.8658243081
Unknown,"New Hampshire",33,1999,176,2175,0.9190804598
Unknown,"New Jersey",34,8628,1288,9916,0.8701089149
Unknown,"New Mexico",35,880,118,998,0.8817635271
Unknown,"New York",36,19674,3297,22971,0.8564712028
Unknown,"North Carolina",37,6173,890,7063,0.8739912219
Unknown,"North Dakota",38,484,57,541,0.8946395564
Unknown,Ohio,39,12548,1594,14142,0.8872860981
Unknown,Oklahoma,40,1397,186,1583,0.8825015793
Unknown,Oregon,41,2348,288,2636,0.8907435508
Unknown,Pennsylvania,42,10943,1207,12150,0.9006584362
Unknown,"Rhode Island",44,1110,165,1275,0.8705882353
Unknown,"South Carolina",45,4013,507,4520,0.8878318584
Unknown,"South Dakota",46,694,68,762,0.9107611549
Unknown,Tennessee,47,3549,498,4047,0.8769458858
Unknown,Texas,48,9136,1280,10416,0.8771121352
Unknown,Utah,49,1002,135,1137,0.8812664908
Unknown,Vermont,50,1294,122,1416,0.9138418079
Unknown,Virginia,51,6281,744,7025,0.8940925267
Unknown,Washington,53,4933,685,5618,0.8780704877
Unknown,"West Virginia",54,661,89,750,0.8813333333
Unknown,Wisconsin,55,6049,551,6600,0.9165151515
Unknown,Wyoming,56,488,82,570,0.8561403509
"Non-Hispanic White",Alabama,1,158592,25438,184030,0.8617725371
"Non-Hispanic White",Alaska,2,15964,2180,18144,0.8798500882
"Non-Hispanic White",Arizona,4,184664,25296,209960,0.8795199086
"Non-Hispanic White",Arkansas,5,115018,19644,134662,0.8541236578
"Non-Hispanic White",California,6,595056,86570,681626,0.8729948682
"Non-Hispanic White",Colorado,8,117276,15380,132656,0.88406103
"Non-Hispanic White",Connecticut,9,131983,16433,148416,0.8892774364
"Non-Hispanic White",Delaware,10,53474,6596,60070,0.8901947728
"Non-Hispanic White","District of Columbia",11,4609,681,5290,0.8712665406
"Non-Hispanic White",Florida,12,660497,98458,758955,0.8702716235
"Non-Hispanic White",Georgia,13,233942,38796,272738,0.857753595
"Non-Hispanic White",Hawaii,15,8876,1364,10240,0.866796875
"Non-Hispanic White",Idaho,16,50531,7165,57696,0.8758146145
"Non-Hispanic White",Illinois,17,459341,59484,518825,0.8853486243
"Non-Hispanic White",Indiana,18,283526,38920,322446,0.8792976188
"Non-Hispanic White",Iowa,19,172539,18614,191153,0.9026225066
"Non-Hispanic White",Kansas,20,125397,15595,140992,0.8893908874
"Non-Hispanic White",Kentucky,21,198151,35366,233517,0.8485506409
"Non-Hispanic White",Louisiana,22,125510,21313,146823,0.8548388195
"Non-Hispanic White",Maine,23,68963,7799,76762,0.8984002501
"Non-Hispanic White",Maryland,24,163477,22303,185780,0.8799494025
"Non-Hispanic White",Massachusetts,25,290721,35107,325828,0.8922529678
"Non-Hispanic White",Michigan,26,361860,52273,414133,0.8737772648
"Non-Hispanic White",Minnesota,27,166291,17207,183498,0.9062278608
"Non-Hispanic White",Mississippi,28,99190,19394,118584,0.8364534844
"Non-Hispanic White",Missouri,29,238535,32797,271332,0.8791259417
"Non-Hispanic White",Montana,30,42594,5529,48123,0.8851069135
"Non-Hispanic White",Nebraska,31,86334,10113,96447,0.8951444835
"Non-Hispanic White",Nevada,32,63647,9817,73464,0.8663699227
"Non-Hispanic White","New Hampshire",33,71069,7989,79058,0.8989476081
"Non-Hispanic White","New Jersey",34,310450,45226,355676,0.8728449488
"Non-Hispanic White","New Mexico",35,35397,5577,40974,0.8638892957
"Non-Hispanic White","New York",36,505213,77975,583188,0.8662952598
"Non-Hispanic White","North Carolina",37,340557,50826,391383,0.8701374357
"Non-Hispanic White","North Dakota",38,33999,3940,37939,0.8961490814
"Non-Hispanic White",Ohio,39,423988,60498,484486,0.8751295187
"Non-Hispanic White",Oklahoma,40,130160,21010,151170,0.8610173976
"Non-Hispanic White",Oregon,41,111638,14966,126604,0.881788885
"Non-Hispanic White",Pennsylvania,42,465063,59798,524861,0.886068883
"Non-Hispanic White","Rhode Island",44,36009,4569,40578,0.8874020405
"Non-Hispanic White","South Carolina",45,196852,30909,227761,0.8642919552
"Non-Hispanic White","South Dakota",46,40174,4730,44904,0.8946641725
"Non-Hispanic White",Tennessee,47,236975,37121,274096,0.864569348
"Non-Hispanic White",Texas,48,552672,86458,639130,0.8647254862
"Non-Hispanic White",Utah,49,57607,8479,66086,0.8716974851
"Non-Hispanic White",Vermont,50,35586,3932,39518,0.9005010375
"Non-Hispanic White",Virginia,51,250132,34891,285023,0.8775853177
"Non-Hispanic White",Washington,53,190059,25020,215079,0.8836706512
"Non-Hispanic White","West Virginia",54,87229,14546,101775,0.8570768853
"Non-Hispanic White",Wisconsin,55,213080,21351,234431,0.9089241611
"Non-Hispanic White",Wyoming,56,21333,2994,24327,0.8769268714
"Black or African-American",Alabama,1,41975,10808,52783,0.7952371029
"Black or African-American",Alaska,2,404,94,498,0.8112449799
"Black or African-American",Arizona,4,4868,1163,6031,0.8071629912
"Black or African-American",Arkansas,5,14522,4442,18964,0.7657667159
"Black or African-American",California,6,45298,11512,56810,0.7973596198
"Black or African-American",Colorado,8,3000,671,3671,0.8172160174
"Black or African-American",Connecticut,9,10773,2246,13019,0.8274829096
"Black or African-American",Delaware,10,8817,1959,10776,0.8182071269
"Black or African-American","District of Columbia",11,9861,2583,12444,0.7924300868
"Black or African-American",Florida,12,61797,16349,78146,0.7907890359
"Black or African-American",Georgia,13,68223,18398,86621,0.787603468
"Black or African-American",Hawaii,15,227,48,275,0.8254545455
"Black or African-American",Idaho,16,132,28,160,0.825
"Black or African-American",Illinois,17,57485,15953,73438,0.7827691386
"Black or African-American",Indiana,18,18794,4813,23607,0.796119795
"Black or African-American",Iowa,19,2477,619,3096,0.8000645995
"Black or African-American",Kansas,20,4811,1047,5858,0.821270058
"Black or African-American",Kentucky,21,10519,2903,13422,0.7837133065
"Black or African-American",Louisiana,22,45611,13841,59452,0.7671903384
"Black or African-American",Maine,23,254,56,310,0.8193548387
"Black or African-American",Maryland,24,50306,12923,63229,0.7956159357
"Black or African-American",Massachusetts,25,14885,3420,18305,0.8131658017
"Black or African-American",Michigan,26,47217,13981,61198,0.7715448217
"Black or African-American",Minnesota,27,5139,1449,6588,0.7800546448
"Black or African-American",Mississippi,28,42358,13433,55791,0.7592263985
"Black or African-American",Missouri,29,19133,4967,24100,0.7939004149
"Black or African-American",Montana,30,77,19,96,0.8020833333
"Black or African-American",Nebraska,31,2009,469,2478,0.8107344633
"Black or African-American",Nevada,32,5755,1577,7332,0.7849154392
"Black or African-American","New Hampshire",33,377,91,468,0.8055555556
"Black or African-American","New Jersey",34,34362,9047,43409,0.7915869981
"Black or African-American","New Mexico",35,812,200,1012,0.8023715415
"Black or African-American","New York",36,61354,18377,79731,0.7695124857
"Black or African-American","North Carolina",37,80463,20463,100926,0.7972474883
"Black or African-American","North Dakota",38,108,34,142,0.7605633803
"Black or African-American",Ohio,39,40804,10537,51341,0.7947644183
"Black or African-American",Oklahoma,40,7308,2041,9349,0.7816878811
"Black or African-American",Oregon,41,1293,349,1642,0.787454324
"Black or African-American",Pennsylvania,42,34441,8778,43219,0.7968948842
"Black or African-American","Rhode Island",44,1435,307,1742,0.8237657865
"Black or African-American","South Carolina",45,48915,13848,62763,0.7793604512
"Black or African-American","South Dakota",46,124,44,168,0.7380952381
"Black or African-American",Tennessee,47,28036,7580,35616,0.7871743037
"Black or African-American",Texas,48,71745,19561,91306,0.7857643528
"Black or African-American",Utah,49,279,82,361,0.7728531856
"Black or African-American",Vermont,50,123,23,146,0.8424657534
"Black or African-American",Virginia,51,50998,12008,63006,0.8094149764
"Black or African-American",Washington,53,4916,1152,6068,0.810151615
"Black or African-American","West Virginia",54,2160,570,2730,0.7912087912
"Black or African-American",Wisconsin,55,9251,2063,11314,0.8176595369
"Black or African-American",Wyoming,56,94,24,118,0.7966101695
Other,Alabama,1,512,89,601,0.8519134775
Other,Alaska,2,271,56,327,0.8287461774
Other,Arizona,4,1554,280,1834,0.8473282443
Other,Arkansas,5,333,60,393,0.8473282443
Other,California,6,19030,2833,21863,0.8704203449
Other,Colorado,8,878,101,979,0.8968335036
Other,Connecticut,9,1337,189,1526,0.876146789
Other,Delaware,10,436,44,480,0.9083333333
Other,"District of Columbia",11,148,17,165,0.896969697
Other,Florida,12,5719,995,6714,0.8518022043
Other,Georgia,13,1507,276,1783,0.8452047112
Other,Hawaii,15,5013,671,5684,0.8819493315
Other,Idaho,16,314,54,368,0.8532608696
Other,Illinois,17,4816,813,5629,0.8555693729
Other,Indiana,18,1148,183,1331,0.8625093914
Other,Iowa,19,590,67,657,0.898021309
Other,Kansas,20,560,72,632,0.8860759494
Other,Kentucky,21,573,88,661,0.8668683812
Other,Louisiana,22,662,129,791,0.8369152971
Other,Maine,23,345,43,388,0.8891752577
Other,Maryland,24,2096,405,2501,0.8380647741
Other,Massachusetts,25,3571,526,4097,0.8716133756
Other,Michigan,26,3248,543,3791,0.8567660248
Other,Minnesota,27,1145,153,1298,0.8821263482
Other,Mississippi,28,267,38,305,0.8754098361
Other,Missouri,29,935,117,1052,0.88878327
Other,Montana,30,215,30,245,0.8775510204
Other,Nebraska,31,318,43,361,0.8808864266
Other,Nevada,32,1496,233,1729,0.8652400231
Other,"New Hampshire",33,378,44,422,0.8957345972
Other,"New Jersey",34,4416,835,5251,0.84098267
Other,"New Mexico",35,347,62,409,0.8484107579
Other,"New York",36,9248,1845,11093,0.8336788966
Other,"North Carolina",37,2944,495,3439,0.856062809
Other,"North Dakota",38,140,23,163,0.8588957055
Other,Ohio,39,2381,412,2793,0.8524883638
Other,Oklahoma,40,619,109,728,0.8502747253
Other,Oregon,41,949,132,1081,0.8778908418
Other,Pennsylvania,42,2541,411,2952,0.8607723577
Other,"Rhode Island",44,470,80,550,0.8545454545
Other,"South Carolina",45,835,121,956,0.8734309623
Other,"South Dakota",46,129,24,153,0.8431372549
Other,Tennessee,47,852,164,1016,0.8385826772
Other,Texas,48,4672,832,5504,0.8488372093
Other,Utah,49,435,69,504,0.8630952381
Other,Vermont,50,218,28,246,0.8861788618
Other,Virginia,51,2391,381,2772,0.8625541126
Other,Washington,53,2392,367,2759,0.8669807901
Other,"West Virginia",54,282,45,327,0.8623853211
Other,Wisconsin,55,1000,104,1104,0.9057971014
Other,Wyoming,56,89,11,100,0.89
"Asian/Pacific Islander",Alabama,1,962,185,1147,0.8387096774
"Asian/Pacific Islander",Alaska,2,1115,225,1340,0.8320895522
"Asian/Pacific Islander",Arizona,4,3712,604,4316,0.860055607
"Asian/Pacific Islander",Arkansas,5,725,180,905,0.8011049724
"Asian/Pacific Islander",California,6,159268,25748,185016,0.8608336576
"Asian/Pacific Islander",Colorado,8,2285,364,2649,0.8625896565
"Asian/Pacific Islander",Connecticut,9,2970,476,3446,0.8618688334
"Asian/Pacific Islander",Delaware,10,1060,143,1203,0.8811305071
"Asian/Pacific Islander","District of Columbia",11,397,51,448,0.8861607143
"Asian/Pacific Islander",Florida,12,11953,2258,14211,0.8411090001
"Asian/Pacific Islander",Georgia,13,6573,1180,7753,0.8478008513
"Asian/Pacific Islander",Hawaii,15,21581,3081,24662,0.8750709594
"Asian/Pacific Islander",Idaho,16,481,76,557,0.8635547576
"Asian/Pacific Islander",Illinois,17,17513,2782,20295,0.8629219019
"Asian/Pacific Islander",Indiana,18,1992,379,2371,0.8401518347
"Asian/Pacific Islander",Iowa,19,1199,188,1387,0.8644556597
"Asian/Pacific Islander",Kansas,20,1421,247,1668,0.8519184652
"Asian/Pacific Islander",Kentucky,21,859,200,1059,0.8111425873
"Asian/Pacific Islander",Louisiana,22,1907,392,2299,0.8294910831
"Asian/Pacific Islander",Maine,23,363,54,417,0.8705035971
"Asian/Pacific Islander",Maryland,24,10810,1856,12666,0.8534659719
"Asian/Pacific Islander",Massachusetts,25,10237,1394,11631,0.8801478807
"Asian/Pacific Islander",Michigan,26,6296,1224,7520,0.8372340426
"Asian/Pacific Islander",Minnesota,27,3335,695,4030,0.8275434243
"Asian/Pacific Islander",Mississippi,28,665,164,829,0.8021712907
"Asian/Pacific Islander",Missouri,29,1926,354,2280,0.8447368421
"Asian/Pacific Islander",Montana,30,164,25,189,0.8677248677
"Asian/Pacific Islander",Nebraska,31,644,83,727,0.8858321871
"Asian/Pacific Islander",Nevada,32,5986,1045,7031,0.8513724932
"Asian/Pacific Islander","New Hampshire",33,463,67,530,0.8735849057
"Asian/Pacific Islander","New Jersey",34,19650,3338,22988,0.8547938055
"Asian/Pacific Islander","New Mexico",35,526,81,607,0.8665568369
"Asian/Pacific Islander","New York",36,35923,5824,41747,0.8604929696
"Asian/Pacific Islander","North Carolina",37,4727,862,5589,0.8457684738
"Asian/Pacific Islander","North Dakota",38,116,17,133,0.8721804511
"Asian/Pacific Islander",Ohio,39,4448,799,5247,0.8477225081
"Asian/Pacific Islander",Oklahoma,40,1487,292,1779,0.8358628443
"Asian/Pacific Islander",Oregon,41,3163,479,3642,0.8684788578
"Asian/Pacific Islander",Pennsylvania,42,9580,1494,11074,0.8650893986
"Asian/Pacific Islander","Rhode Island",44,705,117,822,0.8576642336
"Asian/Pacific Islander","South Carolina",45,1606,293,1899,0.8457082675
"Asian/Pacific Islander","South Dakota",46,164,26,190,0.8631578947
"Asian/Pacific Islander",Tennessee,47,1940,353,2293,0.8460532054
"Asian/Pacific Islander",Texas,48,26569,4731,31300,0.8488498403
"Asian/Pacific Islander",Utah,49,1157,238,1395,0.829390681
"Asian/Pacific Islander",Vermont,50,204,31,235,0.8680851064
"Asian/Pacific Islander",Virginia,51,11494,1891,13385,0.8587224505
"Asian/Pacific Islander",Washington,53,14698,2055,16753,0.8773354026
"Asian/Pacific Islander","West Virginia",54,290,53,343,0.8454810496
"Asian/Pacific Islander",Wisconsin,55,2367,507,2874,0.8235908142
"Asian/Pacific Islander",Wyoming,56,78,17,95,0.8210526316
Hispanic,Alabama,1,1170,288,1458,0.8024691358
Hispanic,Alaska,2,601,119,720,0.8347222222
Hispanic,Arizona,4,21387,5167,26554,0.80541538
Hispanic,Arkansas,5,1773,493,2266,0.7824360106
Hispanic,California,6,204287,48351,252638,0.8086154894
Hispanic,Colorado,8,13564,2762,16326,0.8308220017
Hispanic,Connecticut,9,11079,2376,13455,0.8234113712
Hispanic,Delaware,10,1484,371,1855,0.8
Hispanic,"District of Columbia",11,877,232,1109,0.7908025248
Hispanic,Florida,12,95984,19769,115753,0.8292139297
Hispanic,Georgia,13,5749,1537,7286,0.7890474883
Hispanic,Hawaii,15,2581,463,3044,0.8478975033
Hispanic,Idaho,16,2253,508,2761,0.8160086925
Hispanic,Illinois,17,35828,8713,44541,0.8043824791
Hispanic,Indiana,18,5561,1243,6804,0.8173133451
Hispanic,Iowa,19,1914,412,2326,0.8228718831
Hispanic,Kansas,20,4161,830,4991,0.8337006612
Hispanic,Kentucky,21,1111,314,1425,0.7796491228
Hispanic,Louisiana,22,3589,765,4354,0.8242994947
Hispanic,Maine,23,347,53,400,0.8675
Hispanic,Maryland,24,6188,1437,7625,0.8115409836
Hispanic,Massachusetts,25,23310,5004,28314,0.8232676414
Hispanic,Michigan,26,8065,1781,9846,0.8191143612
Hispanic,Minnesota,27,2195,460,2655,0.8267419962
Hispanic,Mississippi,28,762,213,975,0.7815384615
Hispanic,Missouri,29,2608,546,3154,0.8268864933
Hispanic,Montana,30,486,81,567,0.8571428571
Hispanic,Nebraska,31,1872,497,2369,0.7902068383
Hispanic,Nevada,32,9155,2424,11579,0.790655497
Hispanic,"New Hampshire",33,783,171,954,0.820754717
Hispanic,"New Jersey",34,35635,8753,44388,0.802807065
Hispanic,"New Mexico",35,19957,4414,24371,0.8188830988
Hispanic,"New York",36,58380,14776,73156,0.7980206682
Hispanic,"North Carolina",37,6498,1678,8176,0.7947651663
Hispanic,"North Dakota",38,207,52,259,0.7992277992
Hispanic,Ohio,39,6629,1370,7999,0.8287285911
Hispanic,Oklahoma,40,3407,879,4286,0.7949136724
Hispanic,Oregon,41,4485,1083,5568,0.8054956897
Hispanic,Pennsylvania,42,14757,3398,18155,0.81283393
Hispanic,"Rhode Island",44,3764,842,4606,0.8171949631
Hispanic,"South Carolina",45,2439,594,3033,0.8041543027
Hispanic,"South Dakota",46,232,67,299,0.7759197324
Hispanic,Tennessee,47,2165,510,2675,0.8093457944
Hispanic,Texas,48,162348,39103,201451,0.8058932445
Hispanic,Utah,49,2732,672,3404,0.8025851939
Hispanic,Vermont,50,209,28,237,0.8818565401
Hispanic,Virginia,51,5993,1336,7329,0.8177104653
Hispanic,Washington,53,9065,1942,11007,0.8235668211
Hispanic,"West Virginia",54,377,83,460,0.8195652174
Hispanic,Wisconsin,55,4747,870,5617,0.8451130497
Hispanic,Wyoming,56,923,183,1106,0.8345388788
"American Indian / Alaska Native",Alabama,1,190,55,245,0.7755102041
"American Indian / Alaska Native",Alaska,2,1963,625,2588,0.7585007728
"American Indian / Alaska Native",Arizona,4,3176,2316,5492,0.5782957028
"American Indian / Alaska Native",Arkansas,5,385,103,488,0.7889344262
"American Indian / Alaska Native",California,6,3075,806,3881,0.7923215666
"American Indian / Alaska Native",Colorado,8,302,75,377,0.801061008
"American Indian / Alaska Native",Connecticut,9,64,21,85,0.7529411765
"American Indian / Alaska Native",Delaware,10,.,.,.,0.8620689655
"American Indian / Alaska Native","District of Columbia",11,.,.,.,0.75
"American Indian / Alaska Native",Florida,12,499,97,596,0.8372483221
"American Indian / Alaska Native",Georgia,13,130,39,169,0.7692307692
"American Indian / Alaska Native",Hawaii,15,.,.,.,0.8918918919
"American Indian / Alaska Native",Idaho,16,263,115,378,0.6957671958
"American Indian / Alaska Native",Illinois,17,202,50,252,0.8015873016
"American Indian / Alaska Native",Indiana,18,116,30,146,0.7945205479
"American Indian / Alaska Native",Iowa,19,156,71,227,0.6872246696
"American Indian / Alaska Native",Kansas,20,481,160,641,0.7503900156
"American Indian / Alaska Native",Kentucky,21,.,.,.,0.8648648649
"American Indian / Alaska Native",Louisiana,22,158,34,192,0.8229166667
"American Indian / Alaska Native",Maine,23,183,30,213,0.8591549296
"American Indian / Alaska Native",Maryland,24,120,23,143,0.8391608392
"American Indian / Alaska Native",Massachusetts,25,159,39,198,0.803030303
"American Indian / Alaska Native",Michigan,26,1223,261,1484,0.8241239892
"American Indian / Alaska Native",Minnesota,27,1273,350,1623,0.7843499692
"American Indian / Alaska Native",Mississippi,28,92,49,141,0.6524822695
"American Indian / Alaska Native",Missouri,29,310,85,395,0.7848101266
"American Indian / Alaska Native",Montana,30,1068,422,1490,0.7167785235
"American Indian / Alaska Native",Nebraska,31,268,101,369,0.7262872629
"American Indian / Alaska Native",Nevada,32,299,136,435,0.6873563218
"American Indian / Alaska Native","New Hampshire",33,.,.,.,0.7407407407
"American Indian / Alaska Native","New Jersey",34,136,39,175,0.7771428571
"American Indian / Alaska Native","New Mexico",35,1944,1228,3172,0.6128625473
"American Indian / Alaska Native","New York",36,970,228,1198,0.8096828047
"American Indian / Alaska Native","North Carolina",37,2269,636,2905,0.7810671256
"American Indian / Alaska Native","North Dakota",38,648,206,854,0.7587822014
"American Indian / Alaska Native",Ohio,39,151,36,187,0.807486631
"American Indian / Alaska Native",Oklahoma,40,7886,3062,10948,0.7203142126
"American Indian / Alaska Native",Oregon,41,773,232,1005,0.7691542289
"American Indian / Alaska Native",Pennsylvania,42,121,25,146,0.8287671233
"American Indian / Alaska Native","Rhode Island",44,.,.,.,0.8591549296
"American Indian / Alaska Native","South Carolina",45,148,45,193,0.7668393782
"American Indian / Alaska Native","South Dakota",46,730,393,1123,0.6500445236
"American Indian / Alaska Native",Tennessee,47,133,30,163,0.8159509202
"American Indian / Alaska Native",Texas,48,1151,264,1415,0.8134275618
"American Indian / Alaska Native",Utah,49,284,105,389,0.7300771208
"American Indian / Alaska Native",Vermont,50,.,.,.,0.9444444444
"American Indian / Alaska Native",Virginia,51,124,26,150,0.8266666667
"American Indian / Alaska Native",Washington,53,1910,567,2477,0.7710940654
"American Indian / Alaska Native","West Virginia",54,.,.,.,0.7777777778
"American Indian / Alaska Native",Wisconsin,55,1241,297,1538,0.8068920676
"American Indian / Alaska Native",Wyoming,56,203,60,263,0.7718631179
