AGE_GROUP,STATE_NAME,STATE_FIPS,BENE_YES,BENE_NO,TOTAL_BENE,BENE_YES_PCT
_18-39,Alabama,1,924,355,1279,0.7224394058
_18-39,Alaska,2,70,17,87,0.8045977011
_18-39,Arizona,4,464,195,659,0.7040971168
_18-39,Arkansas,5,645,296,941,0.6854410202
_18-39,California,6,2975,912,3887,0.765371752
_18-39,Colorado,8,414,110,524,0.7900763359
_18-39,Connecticut,9,497,93,590,0.8423728814
_18-39,Delaware,10,125,36,161,0.7763975155
_18-39,"District of Columbia",11,55,22,77,0.7142857143
_18-39,Florida,12,2385,769,3154,0.7561826252
_18-39,Georgia,13,1070,450,1520,0.7039473684
_18-39,Hawaii,15,73,22,95,0.7684210526
_18-39,Idaho,16,242,60,302,0.8013245033
_18-39,Illinois,17,1610,506,2116,0.7608695652
_18-39,Indiana,18,1214,375,1589,0.7640025173
_18-39,Iowa,19,637,130,767,0.8305084746
_18-39,Kansas,20,569,117,686,0.8294460641
_18-39,Kentucky,21,1055,417,1472,0.7167119565
_18-39,Louisiana,22,857,408,1265,0.6774703557
_18-39,Maine,23,323,60,383,0.8433420366
_18-39,Maryland,24,786,239,1025,0.7668292683
_18-39,Massachusetts,25,1029,300,1329,0.7742663657
_18-39,Michigan,26,1635,608,2243,0.7289344628
_18-39,Minnesota,27,795,173,968,0.8212809917
_18-39,Mississippi,28,607,243,850,0.7141176471
_18-39,Missouri,29,1391,397,1788,0.7779642058
_18-39,Montana,30,138,28,166,0.8313253012
_18-39,Nebraska,31,350,79,429,0.8158508159
_18-39,Nevada,32,219,95,314,0.6974522293
_18-39,"New Hampshire",33,225,53,278,0.809352518
_18-39,"New Jersey",34,853,305,1158,0.7366148532
_18-39,"New Mexico",35,246,100,346,0.710982659
_18-39,"New York",36,2262,730,2992,0.7560160428
_18-39,"North Carolina",37,1519,555,2074,0.7324011572
_18-39,"North Dakota",38,124,17,141,0.8794326241
_18-39,Ohio,39,2012,656,2668,0.7541229385
_18-39,Oklahoma,40,623,199,822,0.7579075426
_18-39,Oregon,41,385,97,482,0.7987551867
_18-39,Pennsylvania,42,1803,530,2333,0.7728246892
_18-39,"Rhode Island",44,158,41,199,0.7939698492
_18-39,"South Carolina",45,709,281,990,0.7161616162
_18-39,"South Dakota",46,152,32,184,0.8260869565
_18-39,Tennessee,47,1045,340,1385,0.7545126354
_18-39,Texas,48,2896,1123,4019,0.720577258
_18-39,Utah,49,242,62,304,0.7960526316
_18-39,Vermont,50,117,30,147,0.7959183673
_18-39,Virginia,51,1066,347,1413,0.754423213
_18-39,Washington,53,709,181,890,0.7966292135
_18-39,"West Virginia",54,482,167,649,0.7426810478
_18-39,Wisconsin,55,983,227,1210,0.8123966942
_18-39,Wyoming,56,77,17,94,0.8191489362
_40-64,Alabama,1,27821,9131,36952,0.7528956484
_40-64,Alaska,2,1411,420,1831,0.7706171491
_40-64,Arizona,4,12240,4083,16323,0.7498621577
_40-64,Arkansas,5,18285,6190,24475,0.7470888662
_40-64,California,6,81837,23036,104873,0.7803438445
_40-64,Colorado,8,10976,2714,13690,0.8017531045
_40-64,Connecticut,9,13439,3161,16600,0.8095783133
_40-64,Delaware,10,4674,1234,5908,0.7911306703
_40-64,"District of Columbia",11,2202,892,3094,0.7117000646
_40-64,Florida,12,62956,17605,80561,0.781469942
_40-64,Georgia,13,34851,11847,46698,0.7463060517
_40-64,Hawaii,15,2114,560,2674,0.7905759162
_40-64,Idaho,16,4993,1265,6258,0.7978587408
_40-64,Illinois,17,45404,13055,58459,0.7766810927
_40-64,Indiana,18,32229,8589,40818,0.7895781273
_40-64,Iowa,19,13705,2923,16628,0.8242121722
_40-64,Kansas,20,11798,2681,14479,0.8148352787
_40-64,Kentucky,21,32608,10624,43232,0.7542561066
_40-64,Louisiana,22,22968,8333,31301,0.7337784735
_40-64,Maine,23,9817,1789,11606,0.8458555919
_40-64,Maryland,24,18741,5987,24728,0.7578857975
_40-64,Massachusetts,25,34377,8357,42734,0.8044414284
_40-64,Michigan,26,50040,14516,64556,0.7751409629
_40-64,Minnesota,27,18374,3818,22192,0.8279560202
_40-64,Mississippi,28,20042,7858,27900,0.7183512545
_40-64,Missouri,29,32868,8640,41508,0.7918473547
_40-64,Montana,30,3173,786,3959,0.8014650164
_40-64,Nebraska,31,6227,1378,7605,0.8188034188
_40-64,Nevada,32,6334,2280,8614,0.7353146041
_40-64,"New Hampshire",33,6155,1272,7427,0.8287330012
_40-64,"New Jersey",34,27155,7741,34896,0.7781694177
_40-64,"New Mexico",35,6657,2178,8835,0.7534804754
_40-64,"New York",36,64270,17895,82165,0.7822065356
_40-64,"North Carolina",37,48055,14338,62393,0.77019858
_40-64,"North Dakota",38,2228,466,2694,0.8270230141
_40-64,Ohio,39,52153,14555,66708,0.7818102776
_40-64,Oklahoma,40,16149,5504,21653,0.7458088948
_40-64,Oregon,41,11378,2973,14351,0.7928367361
_40-64,Pennsylvania,42,53880,13279,67159,0.8022751977
_40-64,"Rhode Island",44,5093,1144,6237,0.8165784832
_40-64,"South Carolina",45,24073,7755,31828,0.756346613
_40-64,"South Dakota",46,2621,587,3208,0.8170199501
_40-64,Tennessee,47,31429,9578,41007,0.7664301217
_40-64,Texas,48,65478,21677,87155,0.7512821984
_40-64,Utah,49,4340,1112,5452,0.7960381511
_40-64,Vermont,50,3350,628,3978,0.8421317245
_40-64,Virginia,51,27561,7866,35427,0.7779659582
_40-64,Washington,53,19510,4889,24399,0.7996229354
_40-64,"West Virginia",54,14732,4300,19032,0.7740647331
_40-64,Wisconsin,55,23520,4590,28110,0.8367129136
_40-64,Wyoming,56,1612,399,2011,0.8015912481
_65-69,Alabama,1,32786,7650,40436,0.8108121476
_65-69,Alaska,2,4599,1075,5674,0.8105393021
_65-69,Arizona,4,41373,8429,49802,0.8307497691
_65-69,Arkansas,5,25107,5899,31006,0.8097465007
_65-69,California,6,179429,40737,220166,0.8149714306
_65-69,Colorado,8,28090,5272,33362,0.8419759007
_65-69,Connecticut,9,21595,3934,25529,0.8459007403
_65-69,Delaware,10,12647,2191,14838,0.8523385901
_65-69,"District of Columbia",11,2842,905,3747,0.7584734454
_65-69,Florida,12,132443,28051,160494,0.8252208805
_65-69,Georgia,13,56677,13835,70512,0.8037922623
_65-69,Hawaii,15,6540,1241,7781,0.840508932
_65-69,Idaho,16,11147,2048,13195,0.8447896931
_65-69,Illinois,17,102526,19413,121939,0.8407974479
_65-69,Indiana,18,60720,10434,71154,0.8533603171
_65-69,Iowa,19,36947,5044,41991,0.8798790217
_65-69,Kansas,20,28853,4618,33471,0.8620298169
_65-69,Kentucky,21,40944,8924,49868,0.8210475656
_65-69,Louisiana,22,35390,9083,44473,0.7957637218
_65-69,Maine,23,10893,1541,12434,0.8760656265
_65-69,Maryland,24,42794,8959,51753,0.8268892625
_65-69,Massachusetts,25,59526,10153,69679,0.8542889536
_65-69,Michigan,26,76336,16195,92531,0.8249775751
_65-69,Minnesota,27,33746,4727,38473,0.8771346139
_65-69,Mississippi,28,28942,8288,37230,0.7773838302
_65-69,Missouri,29,49146,8922,58068,0.8463525522
_65-69,Montana,30,9874,1729,11603,0.8509868138
_65-69,Nebraska,31,19164,2912,22076,0.8680920457
_65-69,Nevada,32,15635,3665,19300,0.8101036269
_65-69,"New Hampshire",33,12978,1984,14962,0.8673974068
_65-69,"New Jersey",34,62066,13166,75232,0.8249946831
_65-69,"New Mexico",35,11541,2811,14352,0.804138796
_65-69,"New York",36,104545,23572,128117,0.8160119266
_65-69,"North Carolina",37,78693,16841,95534,0.8237172106
_65-69,"North Dakota",38,7562,1104,8666,0.872605585
_65-69,Ohio,39,94725,17723,112448,0.8423893711
_65-69,Oklahoma,40,29898,6546,36444,0.8203819559
_65-69,Oregon,41,24494,4705,29199,0.8388643447
_65-69,Pennsylvania,42,105502,17919,123421,0.8548140106
_65-69,"Rhode Island",44,7715,1334,9049,0.8525803956
_65-69,"South Carolina",45,49059,11218,60277,0.8138925295
_65-69,"South Dakota",46,9371,1458,10829,0.8653615292
_65-69,Tennessee,47,52266,10900,63166,0.827438812
_65-69,Texas,48,143016,32958,175974,0.8127109687
_65-69,Utah,49,12174,2293,14467,0.8415013479
_65-69,Vermont,50,7025,997,8022,0.8757167789
_65-69,Virginia,51,61500,12089,73589,0.8357227303
_65-69,Washington,53,40251,7736,47987,0.8387896722
_65-69,"West Virginia",54,18289,3680,21969,0.8324912377
_65-69,Wisconsin,55,48173,6435,54608,0.8821601231
_65-69,Wyoming,56,5242,920,6162,0.8506978254
_70-74,Alabama,1,54734,10509,65243,0.8389252487
_70-74,Alaska,2,5853,1160,7013,0.8345928989
_70-74,Arizona,4,65514,12181,77695,0.8432202844
_70-74,Arkansas,5,32451,6553,39004,0.8319915906
_70-74,California,6,261563,52065,313628,0.8339912253
_70-74,Colorado,8,40621,6673,47294,0.8589038779
_70-74,Connecticut,9,39007,5990,44997,0.8668800142
_70-74,Delaware,10,18229,2921,21150,0.861891253
_70-74,"District of Columbia",11,3901,1026,4927,0.7917596915
_70-74,Florida,12,215253,41835,257088,0.8372736184
_70-74,Georgia,13,82379,17670,100049,0.8233865406
_70-74,Hawaii,15,10021,1615,11636,0.8612066002
_70-74,Idaho,16,14376,2318,16694,0.8611477177
_70-74,Illinois,17,149152,25303,174455,0.8549597317
_70-74,Indiana,18,81094,13166,94260,0.8603225122
_70-74,Iowa,19,47692,5836,53528,0.8909729487
_70-74,Kansas,20,36474,5204,41678,0.8751379625
_70-74,Kentucky,21,49736,9736,59472,0.8362927092
_70-74,Louisiana,22,44805,10015,54820,0.8173112003
_70-74,Maine,23,16514,2148,18662,0.8848997964
_70-74,Maryland,24,61368,11624,72992,0.8407496712
_70-74,Massachusetts,25,89697,13243,102940,0.871352244
_70-74,Michigan,26,101863,18790,120653,0.8442641294
_70-74,Minnesota,27,42540,5460,48000,0.88625
_70-74,Mississippi,28,35711,8928,44639,0.7999955196
_70-74,Missouri,29,65725,10388,76113,0.8635187156
_70-74,Montana,30,12227,1885,14112,0.866425737
_70-74,Nebraska,31,25091,3529,28620,0.8766946191
_70-74,Nevada,32,24701,5025,29726,0.8309560654
_70-74,"New Hampshire",33,20498,2570,23068,0.8885902549
_70-74,"New Jersey",34,105741,20639,126380,0.8366909321
_70-74,"New Mexico",35,15426,3457,18883,0.8169252767
_70-74,"New York",36,164541,34199,198740,0.8279209017
_70-74,"North Carolina",37,112906,21761,134667,0.8384088158
_70-74,"North Dakota",38,8712,1118,9830,0.886266531
_70-74,Ohio,39,126008,21657,147665,0.8533369451
_70-74,Oklahoma,40,38570,7438,46008,0.8383324639
_70-74,Oregon,41,33471,5394,38865,0.8612118873
_70-74,Pennsylvania,42,141123,22268,163391,0.8637134236
_70-74,"Rhode Island",44,11305,1771,13076,0.8645610278
_70-74,"South Carolina",45,70507,14404,84911,0.8303635571
_70-74,"South Dakota",46,10818,1565,12383,0.8736170556
_70-74,Tennessee,47,70359,13213,83572,0.8418968075
_70-74,Texas,48,215690,45677,261367,0.8252380752
_70-74,Utah,49,17412,3258,20670,0.8423802612
_70-74,Vermont,50,9874,1275,11149,0.8856399677
_70-74,Virginia,51,87035,15693,102728,0.8472373647
_70-74,Washington,53,57835,9877,67712,0.854132207
_70-74,"West Virginia",54,22058,3985,26043,0.8469838344
_70-74,Wisconsin,55,60977,7588,68565,0.8893312915
_70-74,Wyoming,56,6205,1074,7279,0.8524522599
_75-79,Alabama,1,39853,7413,47266,0.8431642195
_75-79,Alaska,2,4167,806,4973,0.8379247939
_75-79,Arizona,4,50291,9409,59700,0.8423953099
_75-79,Arkansas,5,25734,4919,30653,0.8395263106
_75-79,California,6,217825,41780,259605,0.8390631922
_75-79,Colorado,8,29301,4760,34061,0.8602507266
_75-79,Connecticut,9,35105,5458,40563,0.8654438774
_75-79,Delaware,10,14187,2282,16469,0.8614366385
_75-79,"District of Columbia",11,3072,720,3792,0.8101265823
_75-79,Florida,12,191106,37342,228448,0.8365404819
_75-79,Georgia,13,66353,13870,80223,0.8271069394
_75-79,Hawaii,15,8833,1435,10268,0.8602454227
_75-79,Idaho,16,11283,1860,13143,0.8584797991
_75-79,Illinois,17,122717,20653,143370,0.8559461533
_75-79,Indiana,18,61796,10118,71914,0.8593041689
_75-79,Iowa,19,35582,4177,39759,0.8949420257
_75-79,Kansas,20,27098,3738,30836,0.8787780516
_75-79,Kentucky,21,39507,7556,47063,0.8394492489
_75-79,Louisiana,22,32958,7110,40068,0.8225516622
_75-79,Maine,23,14798,1893,16691,0.886585585
_75-79,Maryland,24,49088,8918,58006,0.8462572837
_75-79,Massachusetts,25,71508,10512,82020,0.8718361375
_75-79,Michigan,26,86599,15564,102163,0.8476552176
_75-79,Minnesota,27,36385,4436,40821,0.8913304427
_75-79,Mississippi,28,26254,6337,32591,0.8055598171
_75-79,Missouri,29,52803,8541,61344,0.8607687793
_75-79,Montana,30,9090,1368,10458,0.8691910499
_75-79,Nebraska,31,18249,2506,20755,0.8792580101
_75-79,Nevada,32,19994,4074,24068,0.8307295995
_75-79,"New Hampshire",33,16143,2097,18240,0.8850328947
_75-79,"New Jersey",34,88815,17313,106128,0.8368668024
_75-79,"New Mexico",35,11853,2528,14381,0.8242125026
_75-79,"New York",36,137181,28009,165190,0.8304437315
_75-79,"North Carolina",37,93985,17865,111850,0.8402771569
_75-79,"North Dakota",38,7037,939,7976,0.8822718154
_75-79,Ohio,39,93371,15802,109173,0.8552572523
_75-79,Oklahoma,40,30157,5627,35784,0.8427509501
_75-79,Oregon,41,25673,4017,29690,0.8647019198
_75-79,Pennsylvania,42,99474,15801,115275,0.8629277814
_75-79,"Rhode Island",44,8844,1322,10166,0.8699586858
_75-79,"South Carolina",45,52413,10716,63129,0.8302523404
_75-79,"South Dakota",46,8344,1199,9543,0.8743581683
_75-79,Tennessee,47,54690,10061,64751,0.8446201603
_75-79,Texas,48,179022,37495,216517,0.8268265309
_75-79,Utah,49,13333,2435,15768,0.845573313
_75-79,Vermont,50,7876,940,8816,0.8933756806
_75-79,Virginia,51,66645,11735,78380,0.8502806838
_75-79,Washington,53,47177,7682,54859,0.8599682823
_75-79,"West Virginia",54,15459,2751,18210,0.8489291598
_75-79,Wisconsin,55,46732,5714,52446,0.8910498417
_75-79,Wyoming,56,4649,726,5375,0.8649302326
_80-84,Alabama,1,24832,4752,29584,0.8393726339
_80-84,Alaska,2,2308,453,2761,0.8359290112
_80-84,Arizona,4,28042,5429,33471,0.8377998865
_80-84,Arkansas,5,15964,3053,19017,0.839459431
_80-84,California,6,142816,27896,170712,0.8365902807
_80-84,Colorado,8,15839,2817,18656,0.8490030017
_80-84,Connecticut,9,23966,3982,27948,0.8575211106
_80-84,Delaware,10,8472,1364,9836,0.8613257422
_80-84,"District of Columbia",11,1882,441,2323,0.8101592768
_80-84,Florida,12,120411,24751,145162,0.8294939447
_80-84,Georgia,13,39811,8152,47963,0.8300356525
_80-84,Hawaii,15,5146,888,6034,0.852833941
_80-84,Idaho,16,6750,1170,7920,0.8522727273
_80-84,Illinois,17,79773,13925,93698,0.8513842345
_80-84,Indiana,18,39615,6762,46377,0.8541949673
_80-84,Iowa,19,24156,3100,27256,0.886263575
_80-84,Kansas,20,17146,2531,19677,0.8713726686
_80-84,Kentucky,21,25072,4801,29873,0.8392863121
_80-84,Louisiana,22,20597,4695,25292,0.8143681797
_80-84,Maine,23,9664,1288,10952,0.8823959094
_80-84,Maryland,24,31460,6020,37480,0.8393810032
_80-84,Massachusetts,25,45255,6841,52096,0.8686847359
_80-84,Michigan,26,57734,10352,68086,0.8479569956
_80-84,Minnesota,27,25433,3197,28630,0.8883339155
_80-84,Mississippi,28,16375,3900,20275,0.8076448829
_80-84,Missouri,29,33055,5482,38537,0.8577471002
_80-84,Montana,30,5645,914,6559,0.8606494893
_80-84,Nebraska,31,12051,1669,13720,0.8783527697
_80-84,Nevada,32,10767,2325,13092,0.8224106324
_80-84,"New Hampshire",33,9439,1311,10750,0.8780465116
_80-84,"New Jersey",34,58881,12183,71064,0.8285629855
_80-84,"New Mexico",35,6895,1616,8511,0.8101280696
_80-84,"New York",36,96006,20678,116684,0.8227863289
_80-84,"North Carolina",37,53961,10385,64346,0.8386069064
_80-84,"North Dakota",38,4850,658,5508,0.8805374001
_80-84,Ohio,39,60122,10533,70655,0.8509235015
_80-84,Oklahoma,40,18704,3597,22301,0.8387067844
_80-84,Oregon,41,15034,2352,17386,0.8647187392
_80-84,Pennsylvania,42,63325,10241,73566,0.8607916701
_80-84,"Rhode Island",44,4942,838,5780,0.855017301
_80-84,"South Carolina",45,29123,6095,35218,0.82693509
_80-84,"South Dakota",46,5485,756,6241,0.8788655664
_80-84,Tennessee,47,32100,5884,37984,0.8450926706
_80-84,Texas,48,109504,23580,133084,0.8228186709
_80-84,Utah,49,8189,1532,9721,0.842403045
_80-84,Vermont,50,4739,574,5313,0.8919631094
_80-84,Virginia,51,41443,7323,48766,0.8498339007
_80-84,Washington,53,30877,5024,35901,0.8600596084
_80-84,"West Virginia",54,9926,1860,11786,0.842185644
_80-84,Wisconsin,55,28363,3698,32061,0.8846573719
_80-84,Wyoming,56,2881,526,3407,0.8456119753
_85+,Alabama,1,17987,3294,21281,0.8452140407
_85+,Alaska,2,1476,291,1767,0.8353140917
_85+,Arizona,4,17983,3426,21409,0.8399738428
_85+,Arkansas,5,11451,2277,13728,0.8341346154
_85+,California,6,126310,25382,151692,0.8326741028
_85+,Colorado,8,11009,2206,13215,0.8330684828
_85+,Connecticut,9,24557,4375,28932,0.8487833541
_85+,Delaware,10,6501,1126,7627,0.8523665924
_85+,"District of Columbia",11,1502,406,1908,0.78721174
_85+,Florida,12,96698,21526,118224,0.8179219109
_85+,Georgia,13,28486,5965,34451,0.8268555339
_85+,Hawaii,15,5070,873,5943,0.8531044927
_85+,Idaho,16,4613,812,5425,0.8503225806
_85+,Illinois,17,67176,12940,80116,0.8384841979
_85+,Indiana,18,31318,5738,37056,0.8451532815
_85+,Iowa,19,19543,2812,22355,0.8742115858
_85+,Kansas,20,14148,2361,16509,0.8569870979
_85+,Kentucky,21,18033,3743,21776,0.8281135195
_85+,Louisiana,22,15701,3470,19171,0.8189974441
_85+,Maine,23,8158,1154,9312,0.8760738832
_85+,Maryland,24,26901,5394,32295,0.8329772411
_85+,Massachusetts,25,41258,7066,48324,0.8537786607
_85+,Michigan,26,48393,9200,57593,0.8402583647
_85+,Minnesota,27,21356,3030,24386,0.8757483802
_85+,Mississippi,28,11385,2796,14181,0.8028347789
_85+,Missouri,29,24504,4349,28853,0.8492704398
_85+,Montana,30,4115,743,4858,0.8470564018
_85+,Nebraska,31,10072,1622,11694,0.8612963913
_85+,Nevada,32,6647,1471,8118,0.8187977334
_85+,"New Hampshire",33,7689,1220,8909,0.8630598271
_85+,"New Jersey",34,55131,11814,66945,0.8235267757
_85+,"New Mexico",35,5066,1169,6235,0.8125100241
_85+,"New York",36,97554,21642,119196,0.8184335045
_85+,"North Carolina",37,40283,8334,48617,0.8285784808
_85+,"North Dakota",38,4556,660,5216,0.8734662577
_85+,Ohio,39,48172,8706,56878,0.8469355463
_85+,Oklahoma,40,13889,2942,16831,0.8252034936
_85+,Oregon,41,10501,1704,12205,0.8603850881
_85+,Pennsylvania,42,57428,9984,67412,0.8518958049
_85+,"Rhode Island",44,4369,768,5137,0.8504963987
_85+,"South Carolina",45,20415,4357,24772,0.8241159373
_85+,"South Dakota",46,4524,687,5211,0.8681635003
_85+,Tennessee,47,23582,4459,28041,0.8409828465
_85+,Texas,48,83039,19367,102406,0.8108802219
_85+,Utah,49,5771,1123,6894,0.8371047287
_85+,Vermont,50,3820,571,4391,0.8699612844
_85+,Virginia,51,32162,6225,38387,0.8378357256
_85+,Washington,53,23873,4140,28013,0.8522114732
_85+,"West Virginia",54,7336,1387,8723,0.8409950705
_85+,Wisconsin,55,23173,3305,26478,0.8751793942
_85+,Wyoming,56,1896,355,2251,0.8422923145
